 .1 .1562
 .2 1.204
 .3 1.859
 .4 .3558
 .5 .2143
 .6 .6935999
 .6999999 4.921
 .8 3.73400E-02
 .9 .7796
 1.0 1.126
 1.1 5.20900E-02
 1.2 4.56600E-05
 1.3 .9743
 1.4 .3693999
 1.5 .101
 1.6 .1753
 1.7 .1216999
 1.8 6.65000E-02
 1.9 .8173
 2.0 .1708
 2.1 .3835
 2.2 .1273999
 2.3 2.02200E-02
 2.4 .4688999
 2.5 .31
 2.6 .6636999
 2.7 .2536999
 2.8 .2536999
 2.9 .2536999
 3.0 .2536999
 3.1 .2536999
 3.2 .2536999
 3.3 .2536999
 3.4 .2536999
 3.5 .2536999
 3.6 .2536999
 3.7 .2536999
 3.8 .2536999
 3.9 .2536999
 4.0 .2536999
 4.1 .2536999
 4.2 .2536999
 4.3 .2536999
 4.4 .2536999
 4.5 .2536999
 4.6 .2536999
 4.7 .2536999
 4.8 .2536999
 4.9 .2536999
 5.0 .2536999
 5.1 .2536999
 5.2 .2536999
 5.3 .2536999
 5.4 .2536999
 5.5 .2536999
 5.6 .2536999
 5.7 .2536999
 5.8 .2536999
 5.9 .2536999
 6.0 .2536999
 6.1 .2536999
 6.2 .2536999
 6.3 .2536999
 6.4 .2536999
 6.5 .2536999
 6.6 .2536999
 6.7 .2536999
 6.8 .2536999
 6.9 .2536999
 7.0 .2536999
 7.1 .2536999
 7.2 .2536999
 7.3 .2536999
 7.4 .2536999
 7.5 .2536999
 7.6 .2536999
 7.7 .2536999
 7.8 .2536999
 7.9 .2536999
 8.0 .2536999
 8.1 .2536999
 8.2 .2536999
 8.3 .2536999
 8.4 .2536999
 8.5 .2536999
 8.6 .2536999
 8.7 .2536999
 8.8 .2536999
 8.9 .2536999
 9.0 .2536999
 9.1 .2536999
 9.2 .2536999
 9.3 .2536999
 9.4 .2536999
 9.5 .2536999
 9.6 .2536999
 9.7 .2536999
 9.8 .2536999
 9.9 .2536999
 10.0 .2536999
 10.1 .2536999
 10.19999 .2536999
 10.3 .2536999
 10.4 .2536999
 10.5 .2536999
 10.6 .2536999
 10.69999 .2536999
 10.8 .2536999
 10.9 .2536999
 11.0 .2536999
 11.1 .2536999
 11.19999 .2536999
 11.3 .2536999
 11.4 .2536999
 11.5 .2536999
 11.6 .2536999
 11.69999 .2536999
 11.8 .2536999
 11.9 .2536999
 12.0 .2536999
 12.1 .2536999
 12.19999 .2536999
 12.3 .2536999
 12.4 .2536999
 12.5 .2536999
 12.6 .2536999
 12.69999 .2536999
 12.8 .2536999
 12.9 .2536999
 13.0 .2536999
 13.1 .2536999
 13.19999 .2536999
 13.3 .2536999
 13.4 .2536999
 13.5 .2536999
 13.6 .2536999
 13.69999 .2536999
 13.8 .2536999
 13.9 .2536999
 14.0 .2536999
 14.1 .2536999
 14.19999 .2536999
 14.3 .2536999
 14.4 .2536999
 14.5 .2536999
 14.6 .2536999
 14.69999 .2536999
 14.8 .2536999
 14.9 .2536999
 15.0 .2536999
 15.1 .0
 15.19999 .0
 15.3 .0
 15.4 .0
 15.5 .0
 15.6 .0
 15.69999 .0
 15.8 .0
 15.9 .0
 16.0 .0
 16.1 .0
 16.2 .0
 16.3 .0
 16.39999 .0
 16.5 .0
 16.6 .0
 16.7 .0
 16.8 .0
 16.89999 .0
 17.0 .0
 17.1 .0
 17.2 .0
 17.3 .0
 17.39999 .0
 17.5 .0
 17.6 .0
 17.7 .0
 17.8 .0
 17.89999 .0
 18.0 .0
 18.1 .0
 18.2 .0
 18.3 .0
 18.39999 .0
 18.5 .0
 18.6 .0
 18.7 .0
 18.8 .0
 18.89999 .0
 19.0 .0
 19.1 .0
 19.2 .0
 19.3 .0
 19.39999 .0
 19.5 .0
 19.6 .0
 19.7 .0
 19.8 .0
 19.89999 .0
 20.0 .0
 20.1 .0
 20.2 .0
 20.3 .0
 20.39999 .0
 20.5 .0
 20.6 .0
 20.7 .0
 20.8 .0
 20.89999 .0
 21.0 .0
 21.1 .0
 21.2 .0
 21.3 .0
 21.39999 .0
 21.5 .0
 21.6 .0
 21.7 .0
 21.8 .0
 21.89999 .0
 22.0 .0
 22.1 .0
 22.2 .0
 22.3 .0
 22.39999 .0
 22.5 .0
 22.6 .0
 22.7 .0
 22.8 .0
 22.89999 .0
 23.0 .0
 23.1 .0
 23.2 .0
 23.3 .0
 23.39999 .0
 23.5 .0
 23.6 .0
 23.7 .0
 23.8 .0
 23.89999 .0
 24.0 .0
 24.1 .0
 24.2 .0
 24.3 .0
 24.39999 .0
 24.5 .0
 24.6 .0
 24.7 .0
 24.8 .0
 24.89999 .0
 25.0 .0
 25.1 .0
 25.2 .0
 25.3 .0
 25.39999 .0
 25.5 .0
 25.6 .0
 25.7 .0
 25.8 .0
 25.89999 .0
 26.0 .0
 26.1 .0
 26.2 .0
 26.3 .0
 26.39999 .0
 26.5 .0
 26.6 .0
 26.7 .0
 26.8 .0
 26.89999 .0
 27.0 .0
 27.1 .0
 27.2 .0
 27.3 .0
 27.39999 .0
 27.5 .0
 27.6 .0
 27.7 .0
 27.8 .0
 27.89999 .0
 28.0 .0
 28.1 .0
 28.2 .0
 28.3 .0
 28.39999 .0
 28.5 .0
 28.6 .0
 28.7 .0
 28.8 .0
 28.89999 .0
 29.0 .0
 29.1 .0
 29.2 .0
 29.3 .0
 29.39999 .0
 29.5 .0
 29.6 .0
 29.7 .0
 29.8 .0
 29.89999 .0
 30.0 .0
