-49.500000       1.0000000       0.0000000       0.0000000    
-49.000000       1.0000000       0.0000000       0.0000000    
-48.500000       1.0000000       0.0000000       0.0000000    
-48.000000       1.0000000       0.0000000       0.0000000    
-47.500000       1.0000000       0.0000000       0.0000000    
-47.000000       1.0000000       0.0000000       0.0000000    
-46.500000       1.0000000       0.0000000       0.0000000    
-46.000000       1.0000000       0.0000000       0.0000000    
-45.500000       1.0000000       0.0000000       0.0000000    
-45.000000       1.0000000       0.0000000       0.0000000    
-44.500000       1.0000000       0.0000000       0.0000000    
-44.000000       1.0000000       0.0000000       0.0000000    
-43.500000       1.0000000       0.0000000       0.0000000    
-43.000000       1.0000000       0.0000000       0.0000000    
-42.500000       1.0000000       0.0000000       0.0000000    
-42.000000       1.0000000       0.0000000       0.0000000    
-41.500000       1.0000000       0.0000000       0.0000000    
-41.000000       1.0000000       0.0000000       0.0000000    
-40.500000       1.0000000       0.0000000       0.0000000    
-40.000000       1.0000000       0.0000000       0.0000000    
-39.500000       1.0000000       0.0000000       0.0000000    
-39.000000       1.0000000       0.0000000       0.0000000    
-38.500000       1.0000000       0.0000000       0.0000000    
-38.000000       1.0000000       0.0000000       0.0000000    
-37.500000       1.0000000       0.0000000       0.0000000    
-37.000000       1.0000000       0.0000000       0.0000000    
-36.500000       1.0000000       0.0000000       0.0000000    
-36.000000       1.0000000       0.0000000       0.0000000    
-35.500000       1.0000000       0.0000000       0.0000000    
-35.000000       1.0000000       0.0000000       0.0000000    
-34.500000       1.0000000       0.0000000       0.0000000    
-34.000000       1.0000000       0.0000000       0.0000000    
-33.500000       1.0000000       0.0000000       0.0000000    
-33.000000       1.0000000       0.0000000       0.0000000    
-32.500000       1.0000000       0.0000000       0.0000000    
-32.000000       1.0000000       0.0000000       0.0000000    
-31.500000       1.0000000       0.0000000       0.0000000    
-31.000000       1.0000000       0.0000000       0.0000000    
-30.500000       1.0000000       0.0000000       0.0000000    
-30.000000       1.0000000       0.0000000       0.0000000    
-29.500000       1.0000000       0.0000000       0.0000000    
-29.000000       1.0000000       0.0000000       0.0000000    
-28.500000       1.0000000       0.0000000       0.0000000    
-28.000000       1.0000000       0.0000000       0.0000000    
-27.500000       1.0000000       0.0000000       0.0000000    
-27.000000       1.0000000       0.0000000       0.0000000    
-26.500000       1.0000000       0.0000000       0.0000000    
-26.000000       1.0000000       0.0000000       0.0000000    
-25.500000       1.0000000       0.0000000       0.0000000    
-25.000000       1.0000000       0.0000000       0.0000000    
-24.500000       1.0000000       0.0000000       0.0000000    
-24.000000       1.0000000       0.0000000       0.0000000    
-23.500000       1.0000000       0.0000000       0.0000000    
-23.000000       1.0000000       0.0000000       0.0000000    
-22.500000       1.0000000       0.0000000       0.0000000    
-22.000000       1.0000000       0.0000000       0.0000000    
-21.500000       1.0000000       0.0000000       0.0000000    
-21.000000       1.0000000       0.0000000       0.0000000    
-20.500000       1.0000000       0.0000000       0.0000000    
-20.000000       1.0000000       0.0000000       0.0000000    
-19.500000       1.0000000       0.0000000       0.0000000    
-19.000000       1.0000000       0.0000000       0.0000000    
-18.500000       1.0000000       0.0000000       0.0000000    
-18.000000       1.0000000       0.0000000       0.0000000    
-17.500000       1.0000000       0.0000000       0.0000000    
-17.000000       1.0000000       0.0000000       0.0000000    
-16.500000       1.0000000       0.0000000       0.0000000    
-16.000000       1.0000000       0.0000000       0.0000000    
-15.500000       1.0000000       0.0000000       0.0000000    
-15.000000       1.0000000       0.0000000       0.0000000    
-14.500000       1.0000000       0.0000000       0.0000000    
-14.000000       1.0000000       0.0000000       0.0000000    
-13.500000       1.0000000       0.0000000       0.0000000    
-13.000000       1.0000000       0.0000000       0.0000000    
-12.500000       1.0000000       0.0000000       0.0000000    
-12.000000       1.0000000       0.0000000       0.0000000    
-11.500000       1.0000000       0.0000000       0.0000000    
-11.000000       1.0000000       0.0000000       0.0000000    
-10.500000       1.0000000       0.0000000       0.0000000    
-10.000000       10.000000       0.0000000       0.0000000    
-9.5000000       10.000000       0.0000000       0.0000000    
-9.0000000       10.000000       0.0000000       0.0000000    
-8.5000000       10.000000       0.0000000       0.0000000    
-8.0000000       10.000000       0.0000000       0.0000000    
-7.5000000       10.000000       0.0000000       0.0000000    
-7.0000000       10.000000       0.0000000       0.0000000    
-6.5000000       10.000000       0.0000000       0.0000000    
-6.0000000       10.000000       0.0000000       0.0000000    
-5.5000000       10.000000       0.0000000       0.0000000    
-5.0000000       10.000000       0.0000000       0.0000000    
-4.5000000       10.000000       0.0000000       0.0000000    
-4.0000000       10.000000       0.0000000       0.0000000    
-3.5000000       10.000000       0.0000000       0.0000000    
-3.0000000       10.000000       0.0000000       0.0000000    
-2.5000000       10.000000       0.0000000       0.0000000    
-2.0000000       10.000000       0.0000000       0.0000000    
-1.5000000       10.000000       0.0000000       0.0000000    
-1.0000000       10.000000       0.0000000       0.0000000    
-.50000000       10.000000       0.0000000       0.0000000    
 0.0000000       10.000000       0.0000000       0.0000000    
0.50000000       10.000000       0.0000000       0.0000000    
 1.0000000       10.000000       0.0000000       0.0000000    
 1.5000000       10.000000       0.0000000       0.0000000    
 2.0000000       10.000000       0.0000000       0.0000000    
 2.5000000       10.000000       0.0000000       0.0000000    
 3.0000000       10.000000       0.0000000       0.0000000    
 3.5000000       10.000000       0.0000000       0.0000000    
 4.0000000       10.000000       0.0000000       0.0000000    
 4.5000000       10.000000       0.0000000       0.0000000    
 5.0000000       10.000000       0.0000000       0.0000000    
 5.5000000       10.000000       0.0000000       0.0000000    
 6.0000000       10.000000       0.0000000       0.0000000    
 6.5000000       10.000000       0.0000000       0.0000000    
 7.0000000       10.000000       0.0000000       0.0000000    
 7.5000000       10.000000       0.0000000       0.0000000    
 8.0000000       10.000000       0.0000000       0.0000000    
 8.5000000       10.000000       0.0000000       0.0000000    
 9.0000000       10.000000       0.0000000       0.0000000    
 9.5000000       10.000000       0.0000000       0.0000000    
 10.000000       10.000000       0.0000000       0.0000000    
 10.500000       10.000000       0.0000000       0.0000000    
 11.000000       10.000000       0.0000000       0.0000000    
 11.500000       10.000000       0.0000000       0.0000000    
 12.000000       10.000000       0.0000000       0.0000000    
 12.500000       10.000000       0.0000000       0.0000000    
 13.000000       10.000000       0.0000000       0.0000000    
 13.500000       10.000000       0.0000000       0.0000000    
 14.000000       10.000000       0.0000000       0.0000000    
 14.500000       10.000000       0.0000000       0.0000000    
 15.000000       10.000000       0.0000000       0.0000000    
 15.500000       10.000000       0.0000000       0.0000000    
 16.000000       10.000000       0.0000000       0.0000000    
 16.500000       10.000000       0.0000000       0.0000000    
 17.000000       10.000000       0.0000000       0.0000000    
 17.500000       10.000000       0.0000000       0.0000000    
 18.000000       10.000000       0.0000000       0.0000000    
 18.500000       10.000000       0.0000000       0.0000000    
 19.000000       10.000000       0.0000000       0.0000000    
 19.500000       10.000000       0.0000000       0.0000000    
 20.000000       10.000000       0.0000000       0.0000000    
 20.500000       10.000000       0.0000000       0.0000000    
 21.000000       10.000000       0.0000000       0.0000000    
 21.500000       10.000000       0.0000000       0.0000000    
 22.000000       10.000000       0.0000000       0.0000000    
 22.500000       10.000000       0.0000000       0.0000000    
 23.000000       10.000000       0.0000000       0.0000000    
 23.500000       10.000000       0.0000000       0.0000000    
 24.000000       10.000000       0.0000000       0.0000000    
 24.500000       10.000000       0.0000000       0.0000000    
 25.000000       10.000000       0.0000000       0.0000000    
 25.500000       10.000000       0.0000000       0.0000000    
 26.000000       10.000000       0.0000000       0.0000000    
 26.500000       10.000000       0.0000000       0.0000000    
 27.000000       10.000000       0.0000000       0.0000000    
 27.500000       10.000000       0.0000000       0.0000000    
 28.000000       10.000000       0.0000000       0.0000000    
 28.500000       10.000000       0.0000000       0.0000000    
 29.000000       10.000000       0.0000000       0.0000000    
 29.500000       10.000000       0.0000000       0.0000000    
 30.000000       10.000000       0.0000000       0.0000000    
 30.500000       1.0000000       0.0000000       0.0000000    
 31.000000       1.0000000       0.0000000       0.0000000    
 31.500000       1.0000000       0.0000000       0.0000000    
 32.000000       1.0000000       0.0000000       0.0000000    
 32.500000       1.0000000       0.0000000       0.0000000    
 33.000000       1.0000000       0.0000000       0.0000000    
 33.500000       1.0000000       0.0000000       0.0000000    
 34.000000       1.0000000       0.0000000       0.0000000    
 34.500000       1.0000000       0.0000000       0.0000000    
 35.000000       1.0000000       0.0000000       0.0000000    
 35.500000       1.0000000       0.0000000       0.0000000    
 36.000000       1.0000000       0.0000000       0.0000000    
 36.500000       1.0000000       0.0000000       0.0000000    
 37.000000       1.0000000       0.0000000       0.0000000    
 37.500000       1.0000000       0.0000000       0.0000000    
 38.000000       1.0000000       0.0000000       0.0000000    
 38.500000       1.0000000       0.0000000       0.0000000    
 39.000000       1.0000000       0.0000000       0.0000000    
 39.500000       1.0000000       0.0000000       0.0000000    
 40.000000       1.0000000       0.0000000       0.0000000    
 40.500000       1.0000000       0.0000000       0.0000000    
 41.000000       1.0000000       0.0000000       0.0000000    
 41.500000       1.0000000       0.0000000       0.0000000    
 42.000000       1.0000000       0.0000000       0.0000000    
 42.500000       1.0000000       0.0000000       0.0000000    
 43.000000       1.0000000       0.0000000       0.0000000    
 43.500000       1.0000000       0.0000000       0.0000000    
 44.000000       1.0000000       0.0000000       0.0000000    
 44.500000       1.0000000       0.0000000       0.0000000    
 45.000000       1.0000000       0.0000000       0.0000000    
 45.500000       1.0000000       0.0000000       0.0000000    
 46.000000       1.0000000       0.0000000       0.0000000    
 46.500000       1.0000000       0.0000000       0.0000000    
 47.000000       1.0000000       0.0000000       0.0000000    
 47.500000       1.0000000       0.0000000       0.0000000    
 48.000000       1.0000000       0.0000000       0.0000000    
 48.500000       1.0000000       0.0000000       0.0000000    
 49.000000       1.0000000       0.0000000       0.0000000    
 49.500000       1.0000000       0.0000000       0.0000000    
 50.000000       1.0000000       0.0000000       0.0000000    
