  -0.350000    536.045  0.    3.99146
  -0.355000    543.623  0.    4.02066
  -0.360000    551.706  0.    4.05130
  -0.365000    548.843  0.    4.03944
  -0.370000    543.159  0.    4.01811
  -0.375000    556.282  0.    4.06631
  -0.380000    550.029  0.    4.04520
  -0.385000    557.140  0.    4.07073
  -0.390000    557.956  0.    4.07299
  -0.395000    562.862  0.    4.08687
  -0.400000    556.303  0.    4.06570
  -0.405000    566.605  0.    4.10250
  -0.410000    566.671  0.    4.10383
  -0.415000    562.230  0.    4.08984
  -0.420000    566.850  0.    4.11096
  -0.425000    571.406  0.    4.12700
  -0.430000    581.679  0.    4.16507
  -0.435000    582.543  0.    4.16474
  -0.440000    607.191  0.    4.25264
  -0.445000    626.101  0.    4.32082
  -0.450000    662.506  0.    4.44255
  -0.455000    771.976  0.    4.79775
  -0.460000    925.491  0.    5.25068
  -0.465000    973.316  0.    5.38599
  -0.470000    843.728  0.    5.01225
  -0.475000    691.772  0.    4.53565
  -0.480000    619.135  0.    4.29056
  -0.485000    588.807  0.    4.18373
  -0.490000    587.552  0.    4.17935
  -0.495000    574.117  0.    4.13087
  -0.500000    564.746  0.    4.09904
  -0.505000    579.455  0.    4.15094
  -0.510000    562.096  0.    4.08735
  -0.515000    574.886  0.    4.13234
  -0.520000    561.918  0.    4.08843
  -0.525000    569.681  0.    4.11378
  -0.530000    562.895  0.    4.08873
  -0.535000    555.485  0.    4.04345
  -0.540000    552.919  0.    4.03440
  -0.545000    553.557  0.    4.09201
  -0.550000    555.428  0.    4.11677
  -0.555000    553.828  0.    4.13523
  -0.560000    543.274  0.    4.09078
  -0.565000    548.748  0.    4.11292
  -0.570000    542.054  0.    4.08786
  -0.575000    558.534  0.    4.14823
  -0.580000    549.230  0.    4.11457
