  -0.760000    556.160  0.    4.14032
  -0.765000    564.583  0.    4.17420
  -0.770000    565.259  0.    4.17498
  -0.775000    572.997  0.    4.21744
  -0.780000    587.523  0.    4.28052
  -0.785000    597.153  0.    4.28510
  -0.790000    584.921  0.    4.23312
  -0.795000    582.710  0.    4.21083
  -0.800000    590.191  0.    4.23929
  -0.805000    587.578  0.    4.23079
  -0.810000    593.531  0.    4.25145
  -0.815000    595.708  0.    4.25788
  -0.820000    589.295  0.    4.23504
  -0.825000    594.064  0.    4.25255
  -0.830000    599.360  0.    4.27200
  -0.835000    594.700  0.    4.25623
  -0.840000    597.994  0.    4.26769
  -0.845000    599.949  0.    4.27696
  -0.850000    605.216  0.    4.29469
  -0.855000    609.380  0.    4.28387
  -0.860000    611.904  0.    4.28807
  -0.865000    619.663  0.    4.31102
  -0.870000    620.611  0.    4.31459
  -0.875000    632.919  0.    4.35864
  -0.880000    630.677  0.    4.35084
  -0.885000    640.874  0.    4.38431
  -0.890000    663.072  0.    4.46071
  -0.895000    676.978  0.    4.50738
  -0.900000    699.792  0.    4.58252
  -0.905000    753.946  0.    4.75744
  -0.910000    818.816  0.    4.95534
  -0.915000    895.569  0.    5.18077
  -0.920000    997.935  0.    5.46463
  -0.925000    1037.64  0.    5.56776
  -0.930000    1032.64  0.    5.54912
  -0.935000    997.213  0.    5.45194
  -0.940000    906.552  0.    5.19499
  -0.945000    809.605  0.    4.90958
  -0.950000    742.064  0.    4.70179
  -0.955000    696.008  0.    4.55414
  -0.960000    673.194  0.    4.47951
  -0.965000    642.208  0.    4.37545
  -0.970000    631.789  0.    4.33864
  -0.975000    623.913  0.    4.31394
  -0.980000    616.365  0.    4.28413
  -0.985000    620.802  0.    4.29706
  -0.990000    627.855  0.    4.32264
  -0.995000    617.177  0.    4.28813
   -1.00000    617.143  0.    4.28830
   -1.00500    616.672  0.    4.28378
   -1.01000    610.614  0.    4.26711
   -1.01500    603.570  0.    4.24072
   -1.02000    614.365  0.    4.27768
   -1.02500    609.169  0.    4.26169
   -1.03000    603.469  0.    4.24033
   -1.03500    611.328  0.    4.26876
   -1.04000    608.672  0.    4.25957
   -1.04500    607.676  0.    4.25740
   -1.05000    611.666  0.    4.27092
   -1.05500    608.092  0.    4.25948
   -1.06000    609.862  0.    4.26352
   -1.06500    616.130  0.    4.28478
   -1.07000    619.683  0.    4.29497
   -1.07500    614.611  0.    4.27929
   -1.08000    619.707  0.    4.29566
