 -1.  5.
 -1.  5.
 -1.  5.
 -1.  5.
 -1.  5.
 -1.  5.
 -1.  5.
 -1.  5.
 -1.  5.
 -1.  5.
 -1.  5.
 -1.  5.
 -1.  5.
 -1.  5.
 -1.  5.
 -1.  5.
 -1.  5.
 -1.  5.
 -1.  5.
 -1.  5.
 -1.  5.
 -1.  5.
 -1.  5.
 -1.  5.
 -1.  5.
 -1.  5.
 -1.  5.
 -1.  5.
 -1.  5.
 -1.  5.
 -1.  5.
 -1.  5.
 -1.  5.
 -1.  5.
 -1.  5.
 -1.  5.
 -1.  5.
 -1.  5.
 -1.  5.
 -1.  5.
 -1.  5.
 -1.  5.
 -1.  5.
 -1.  5.
 -1.  5.
 -1.  5.
 -1.  5.
 -1.  5.
 -1.  5.
 -1.  5.
 -1.  5.
 -1.  5.
 -1.  5.
 -1.  5.
 -1.  5.
 -1.  5.
 -1.  5.
 -1.  5.
 -1.  5.
 -1.  5.
 -1.  5.
 -1.  5.
 -1.  5.
 -1.  5.
 -1.  5.
 -1.  5.
 -1.  5.
 -1.  5.
 -1.  5.
 -1.  5.
 -1.  5.
 -1.  5.
 -1.  5.
  21.  5.
 -1.  5.
 -1.  5.
 -1.  5.
 -1.  5.
 -1.  5.
 -1.  5.
 -1.  5.
 -1.  5.
 -1.  5.
 -1.  5.
 -1.  5.
 -1.  5.
 -1.  5.
 -1.  5.
 -1.  5.
 -1.  5.
 -1.  5.
 -1.  5.
 -1.  5.
 -1.  5.
 -1.  5.
 -1.  5.
 -1.  5.
  12.  10.
 -1.  10.
 -1.  10.
 -1.  10.
 -1.  10.
 -1.  10.
 -1.  10.
 -1.  10.
  15.  10.
 -1.  10.
  10.  10.
  12.  10.
 -1.  10.
  10.  10.
 -1.  10.
 -1.  10.
 -1.  10.
 -1.  10.
 -1.  10.
 -1.  10.
 -1.  10.
 -1.  10.
 -1.  10.
 -1.  10.
  20.  10.
  7.  10.
 -1.  10.
  16.  10.
 -1.  10.
  9.  10.
  17.  10.
  14.  10.
 -1.  10.
  9.  10.
  12.  10.
 -1.  10.
 -1.  10.
  8.  10.
 -1.  10.
 -1.  10.
 -1.  10.
 -1.  10.
 -1.  10.
 -1.  10.
 -1.  10.
  9.  10.
  17.  10.
  15.  10.
  15.  10.
  21.  10.
 -1.  10.
 -1.  10.
 -1.  10.
 -1.  10.
 -1.  10.
 -1.  10.
 -1.  10.
 -1.  10.
 -1.  10.
  14.  10.
 -1.  10.
 -1.  10.
 -1.  10.
  15.  10.
 -1.  10.
  15.  10.
 -1.  10.
  12.  10.
 -1.  10.
 -1.  10.
  11.  10.
  14.  10.
 -1.  10.
  14.  10.
 -1.  10.
  13.  10.
 -1.  10.
 -1.  10.
 -1.  10.
 -1.  10.
 -1.  10.
 -1.  10.
  9.  10.
 -1.  10.
 -1.  10.
 -1.  10.
  14.  10.
 -1.  10.
  20.  10.
 -1.  10.
 -1.  10.
 -1.  10.
 -1.  10.
 -1.  10.
 -1.  15.
  16.  15.
 -1.  15.
 -1.  15.
 -1.  15.
  16.  15.
 -1.  15.
  12.  15.
  11.  15.
  13.  15.
 -1.  15.
  17.  15.
  14.  15.
  17.  15.
  17.  15.
 -1.  15.
 -1.  15.
  12.  15.
  8.  15.
  15.  15.
 -1.  15.
  21.  15.
 -1.  15.
  13.  15.
 -1.  15.
 -1.  15.
  9.  15.
 -1.  15.
  20.  15.
  18.  15.
 -1.  15.
  16.  15.
 -1.  15.
 -1.  15.
  20.  15.
  12.  15.
 -1.  15.
 -1.  15.
 -1.  15.
  12.  15.
 -1.  15.
  9.  15.
 -1.  15.
 -1.  15.
 -1.  15.
  15.  15.
  14.  15.
 -1.  15.
  16.  15.
  10.  15.
 -1.  15.
  15.  15.
  14.  15.
 -1.  15.
 -1.  15.
  17.  15.
  12.  15.
  16.  15.
  19.  15.
  16.  15.
 -1.  15.
  11.  15.
  17.  15.
 -1.  15.
 -1.  15.
 -1.  15.
 -1.  15.
  13.  15.
  7.  15.
  12.  15.
  15.  15.
 -1.  15.
 -1.  15.
  12.  15.
  11.  15.
  16.  15.
 -1.  15.
 -1.  15.
  13.  15.
  12.  15.
  15.  15.
 -1.  15.
  14.  15.
 -1.  15.
  20.  20.
  19.  20.
  15.  20.
  10.  20.
  14.  20.
  11.  20.
 -1.  20.
  8.  20.
 -1.  20.
  6.  20.
  7.  20.
  9.  20.
  18.  20.
  13.  20.
  12.  20.
  4.  20.
  17.  20.
  14.  20.
 -1.  20.
  13.  20.
  13.  20.
  15.  20.
  7.  20.
  12.  20.
  14.  20.
  14.  20.
  13.  20.
  5.  20.
  8.  20.
 -1.  20.
  12.  20.
 -1.  20.
  16.  20.
 -1.  20.
  11.  20.
  15.  20.
  16.  20.
  12.  20.
  14.  20.
  15.  20.
  12.  20.
  19.  20.
  13.  20.
  12.  20.
  16.  20.
  8.  20.
 -1.  20.
  14.  20.
  11.  20.
  14.  20.
  12.  20.
  15.  20.
 -1.  20.
  11.  20.
  13.  20.
 -1.  20.
  13.  20.
  8.  20.
  13.  20.
  18.  20.
  19.  20.
 -1.  20.
  12.  20.
  14.  20.
  11.  20.
  17.  20.
  12.  20.
 -1.  20.
  14.  20.
  20.  20.
  14.  20.
  14.  20.
  24.  20.
 -1.  20.
 -1.  20.
  15.  20.
  13.  20.
 -1.  20.
  14.  20.
  15.  20.
 -1.  20.
  7.  20.
  9.  20.
 -1.  20.
 -1.  20.
  20.  20.
  18.  20.
  13.  20.
  28.  20.
  10.  25.
  17.  25.
  16.  25.
  15.  25.
 -1.  25.
  8.  25.
  18.  25.
 -1.  25.
 -1.  25.
  11.  25.
  14.  25.
  15.  25.
  12.  25.
  8.  25.
  17.  25.
  16.  25.
  14.  25.
  12.  25.
  7.  25.
  13.  25.
  12.  25.
  13.  25.
  14.  25.
  17.  25.
  14.  25.
 -1.  25.
  15.  25.
  9.  25.
  10.  25.
  17.  25.
  17.  25.
  8.  25.
  9.  25.
  6.  25.
  23.  25.
  11.  25.
  12.  25.
  13.  25.
  17.  25.
 -1.  25.
  17.  25.
  13.  25.
  20.  25.
  17.  25.
  20.  25.
 -1.  25.
  17.  25.
  9.  25.
  12.  25.
  13.  25.
  11.  25.
  11.  25.
  12.  25.
  15.  25.
  15.  25.
  10.  25.
  11.  25.
  4.  25.
  9.  25.
  17.  25.
  8.  25.
  16.  25.
  16.  25.
  19.  25.
  11.  25.
  17.  25.
  10.  25.
  13.  25.
  10.  25.
  14.  25.
  10.  25.
  11.  25.
  15.  25.
  16.  25.
 -1.  25.
 -1.  25.
  20.  25.
  11.  25.
  10.  25.
  12.  25.
  15.  25.
  9.  25.
  6.  25.
  18.  25.
  17.  25.
  11.  25.
  17.  25.
  18.  25.
  15.  25.
  9.  25.
  14.  25.
  9.  25.
  13.  25.
  15.  25.
 -1.  25.
  17.  25.
  11.  25.
  14.  30.
  18.  30.
  12.  30.
  12.  30.
  14.  30.
  10.  30.
  18.  30.
  12.  30.
  13.  30.
  10.  30.
  9.  30.
  12.  30.
  12.  30.
  17.  30.
  13.  30.
  12.  30.
  15.  30.
  12.  30.
  13.  30.
  18.  30.
  18.  30.
  15.  30.
  18.  30.
  12.  30.
  16.  30.
  18.  30.
  9.  30.
  18.  30.
  13.  30.
  12.  30.
  14.  30.
  6.  30.
  18.  30.
  9.  30.
  6.  30.
 -1.  30.
  15.  30.
  16.  30.
  15.  30.
  14.  30.
  17.  30.
  14.  30.
  16.  30.
  15.  30.
  9.  30.
  17.  30.
  14.  30.
  19.  30.
  12.  30.
  15.  30.
  12.  30.
  17.  30.
  13.  30.
  10.  30.
  17.  30.
  10.  30.
  17.  30.
  13.  30.
  13.  30.
  10.  30.
  12.  30.
  15.  30.
  16.  30.
  14.  30.
  10.  30.
  14.  30.
  13.  30.
  16.  30.
  16.  30.
  11.  30.
  18.  30.
  14.  30.
  13.  30.
  10.  30.
  13.  30.
  11.  30.
  17.  30.
  12.  30.
  20.  30.
  13.  30.
  9.  30.
  10.  30.
  13.  30.
  15.  30.
  15.  30.
  9.  30.
  10.  30.
  11.  30.
  12.  30.
  7.  30.
  14.  30.
  17.  30.
  12.  30.
 -1.  30.
  12.  30.
  14.  30.
  9.  35.
  15.  35.
  17.  35.
  15.  35.
  10.  35.
  10.  35.
  17.  35.
  9.  35.
  14.  35.
  14.  35.
  10.  35.
  17.  35.
  13.  35.
  12.  35.
  11.  35.
  6.  35.
  17.  35.
  14.  35.
  14.  35.
  13.  35.
  15.  35.
  11.  35.
  9.  35.
  9.  35.
  16.  35.
  12.  35.
  12.  35.
  16.  35.
  16.  35.
  19.  35.
  9.  35.
  15.  35.
  19.  35.
  12.  35.
  11.  35.
  15.  35.
  11.  35.
  18.  35.
  11.  35.
  9.  35.
  15.  35.
  11.  35.
  14.  35.
  16.  35.
  16.  35.
  13.  35.
  10.  35.
  14.  35.
  18.  35.
  15.  35.
  9.  35.
  9.  35.
  17.  35.
  13.  35.
  14.  35.
  14.  35.
  8.  35.
  15.  35.
  16.  35.
  13.  35.
  20.  35.
  11.  35.
  12.  35.
  15.  35.
  12.  35.
  8.  35.
  12.  35.
  17.  35.
  14.  35.
  15.  35.
  18.  35.
  10.  35.
  16.  35.
  11.  35.
  13.  35.
  14.  35.
  11.  35.
  14.  35.
  16.  35.
  18.  35.
  13.  35.
  10.  35.
  14.  35.
  17.  35.
  9.  35.
  17.  35.
  17.  35.
  10.  35.
  12.  35.
  14.  35.
  11.  35.
  14.  35.
  10.  35.
  16.  35.
  15.  35.
  12.  35.
  13.  35.
  18.  35.
  12.  40.
  17.  40.
  26.  40.
  14.  40.
  6.  40.
  12.  40.
  10.  40.
  13.  40.
  17.  40.
  17.  40.
  16.  40.
  15.  40.
  10.  40.
  13.  40.
  9.  40.
  11.  40.
  10.  40.
  15.  40.
  14.  40.
  12.  40.
  10.  40.
  13.  40.
  16.  40.
  21.  40.
  12.  40.
  10.  40.
  12.  40.
  12.  40.
  14.  40.
  12.  40.
  16.  40.
  12.  40.
  18.  40.
  10.  40.
  16.  40.
  14.  40.
  8.  40.
  11.  40.
  13.  40.
  13.  40.
  9.  40.
  12.  40.
  11.  40.
  12.  40.
  13.  40.
  15.  40.
  8.  40.
  15.  40.
  13.  40.
  13.  40.
  12.  40.
  15.  40.
  15.  40.
  9.  40.
  11.  40.
  16.  40.
  9.  40.
  12.  40.
  6.  40.
  14.  40.
  12.  40.
  22.  40.
  18.  40.
  19.  40.
  11.  40.
  15.  40.
  15.  40.
  13.  40.
  16.  40.
  14.  40.
  11.  40.
  17.  40.
  13.  40.
  13.  40.
  17.  40.
  16.  40.
  11.  40.
  16.  40.
  15.  40.
  15.  40.
  17.  40.
  6.  40.
  2.  40.
  15.  40.
  12.  40.
  9.  40.
  13.  40.
  12.  40.
  16.  40.
  15.  40.
  14.  40.
  12.  40.
  13.  40.
  15.  40.
  13.  40.
  9.  40.
  9.  40.
  13.  40.
  11.  40.
  13.  40.
  18.  45.
  16.  45.
  15.  45.
  11.  45.
  10.  45.
  8.  45.
  10.  45.
  1.  45.
  17.  45.
  13.  45.
  20.  45.
  12.  45.
  16.  45.
  13.  45.
  13.  45.
  7.  45.
  8.  45.
  14.  45.
  6.  45.
  15.  45.
  10.  45.
  15.  45.
  12.  45.
  15.  45.
  16.  45.
  10.  45.
  14.  45.
  10.  45.
  12.  45.
  11.  45.
  15.  45.
  12.  45.
  15.  45.
  13.  45.
  11.  45.
  20.  45.
  6.  45.
  13.  45.
  17.  45.
  16.  45.
  15.  45.
  15.  45.
  15.  45.
  8.  45.
  13.  45.
  13.  45.
  13.  45.
  14.  45.
  15.  45.
  15.  45.
  10.  45.
  13.  45.
  19.  45.
  6.  45.
  13.  45.
  15.  45.
  15.  45.
  14.  45.
  13.  45.
  13.  45.
  10.  45.
  14.  45.
  17.  45.
  17.  45.
  10.  45.
  16.  45.
  11.  45.
  13.  45.
  13.  45.
  14.  45.
  15.  45.
  12.  45.
  18.  45.
  12.  45.
  12.  45.
  16.  45.
  14.  45.
  12.  45.
  12.  45.
  15.  45.
  13.  45.
  10.  45.
  12.  45.
  17.  45.
  14.  45.
  18.  45.
  13.  45.
  13.  45.
  16.  45.
  15.  45.
  11.  45.
  16.  45.
  14.  45.
  4.  45.
  14.  45.
  20.  45.
  10.  45.
  14.  45.
  10.  50.
  13.  50.
  12.  50.
  7.  50.
  10.  50.
  16.  50.
  15.  50.
  14.  50.
  7.  50.
  9.  50.
  12.  50.
  15.  50.
  11.  50.
  14.  50.
  15.  50.
  12.  50.
  22.  50.
  11.  50.
  16.  50.
  14.  50.
  13.  50.
  19.  50.
  5.  50.
  17.  50.
  11.  50.
  9.  50.
  12.  50.
  19.  50.
  15.  50.
  11.  50.
  13.  50.
  20.  50.
  12.  50.
  9.  50.
  11.  50.
  14.  50.
  14.  50.
  14.  50.
  10.  50.
  20.  50.
  8.  50.
  17.  50.
  7.  50.
  12.  50.
  19.  50.
  13.  50.
  15.  50.
  14.  50.
  17.  50.
  14.  50.
  8.  50.
  11.  50.
  13.  50.
  14.  50.
  17.  50.
  12.  50.
  12.  50.
  19.  50.
  17.  50.
  15.  50.
  12.  50.
  14.  50.
  11.  50.
  10.  50.
  11.  50.
  9.  50.
  17.  50.
  14.  50.
  17.  50.
  17.  50.
  14.  50.
  18.  50.
  15.  50.
  13.  50.
  13.  50.
  12.  50.
  18.  50.
  15.  50.
  17.  50.
  16.  50.
  13.  50.
  14.  50.
  12.  50.
  14.  50.
  19.  50.
  14.  50.
  16.  50.
  8.  50.
  10.  50.
  13.  50.
  14.  50.
  18.  50.
  17.  50.
  14.  50.
  16.  50.
  5.  50.
  15.  50.
  10.  50.
  14.  50.
  6.  50.
  7.  55.
  14.  55.
  6.  55.
  11.  55.
  16.  55.
  13.  55.
  20.  55.
  10.  55.
  14.  55.
  10.  55.
  13.  55.
  13.  55.
  13.  55.
  13.  55.
  13.  55.
  15.  55.
  11.  55.
  16.  55.
  16.  55.
  17.  55.
  14.  55.
  13.  55.
  13.  55.
  14.  55.
  17.  55.
  10.  55.
  13.  55.
  15.  55.
  16.  55.
  14.  55.
  12.  55.
  17.  55.
  13.  55.
  16.  55.
  12.  55.
  14.  55.
  14.  55.
  16.  55.
  14.  55.
  17.  55.
  14.  55.
  16.  55.
  22.  55.
  15.  55.
  9.  55.
  16.  55.
  22.  55.
  15.  55.
  14.  55.
  23.  55.
  14.  55.
  12.  55.
  12.  55.
  16.  55.
  13.  55.
  13.  55.
  6.  55.
  7.  55.
  14.  55.
  17.  55.
  14.  55.
  14.  55.
  16.  55.
  15.  55.
  13.  55.
  12.  55.
  14.  55.
  14.  55.
  15.  55.
  16.  55.
  9.  55.
  6.  55.
  16.  55.
  15.  55.
  7.  55.
  10.  55.
  12.  55.
  16.  55.
  14.  55.
  17.  55.
  14.  55.
  10.  55.
  11.  55.
  13.  55.
  10.  55.
  12.  55.
  13.  55.
  10.  55.
  8.  55.
  11.  55.
  12.  55.
  16.  55.
  13.  55.
  11.  55.
  15.  55.
  7.  55.
  15.  55.
  15.  55.
  14.  55.
  17.  55.
  15.  60.
  16.  60.
  8.  60.
  19.  60.
  11.  60.
  11.  60.
  9.  60.
  18.  60.
  16.  60.
  13.  60.
  17.  60.
  10.  60.
  15.  60.
  14.  60.
  11.  60.
  11.  60.
  15.  60.
  17.  60.
  8.  60.
  13.  60.
  9.  60.
  11.  60.
  19.  60.
  14.  60.
  15.  60.
  21.  60.
  20.  60.
  17.  60.
  16.  60.
  10.  60.
  13.  60.
  10.  60.
  15.  60.
  17.  60.
  6.  60.
  12.  60.
  11.  60.
  9.  60.
  14.  60.
  16.  60.
  16.  60.
  17.  60.
  18.  60.
  16.  60.
  16.  60.
  7.  60.
  13.  60.
  9.  60.
  13.  60.
  8.  60.
  10.  60.
  11.  60.
  14.  60.
  16.  60.
  11.  60.
  11.  60.
  17.  60.
  11.  60.
  16.  60.
  9.  60.
  8.  60.
  15.  60.
  13.  60.
  13.  60.
  16.  60.
  12.  60.
  10.  60.
  12.  60.
  18.  60.
  12.  60.
  14.  60.
  9.  60.
  13.  60.
  16.  60.
  17.  60.
  12.  60.
  16.  60.
  12.  60.
  13.  60.
  12.  60.
  16.  60.
  13.  60.
  9.  60.
  14.  60.
  15.  60.
  12.  60.
  9.  60.
  11.  60.
  14.  60.
  11.  60.
  18.  60.
  12.  60.
  15.  60.
  16.  60.
  12.  60.
  14.  60.
  12.  60.
  15.  60.
  11.  60.
  13.  60.
  19.  65.
  9.  65.
  13.  65.
  14.  65.
  15.  65.
  14.  65.
  11.  65.
  14.  65.
  13.  65.
  18.  65.
  16.  65.
  17.  65.
  14.  65.
  15.  65.
  16.  65.
  9.  65.
  13.  65.
  16.  65.
  13.  65.
  12.  65.
  11.  65.
  11.  65.
  12.  65.
  10.  65.
  14.  65.
  13.  65.
  14.  65.
  17.  65.
  9.  65.
  16.  65.
  12.  65.
  11.  65.
  11.  65.
  15.  65.
  15.  65.
  15.  65.
  15.  65.
  14.  65.
  9.  65.
  22.  65.
  14.  65.
  8.  65.
  13.  65.
  11.  65.
  13.  65.
  10.  65.
  11.  65.
  14.  65.
  17.  65.
  16.  65.
  11.  65.
  13.  65.
  17.  65.
  11.  65.
  11.  65.
  17.  65.
  16.  65.
  12.  65.
  11.  65.
  18.  65.
  4.  65.
  19.  65.
  16.  65.
  13.  65.
  14.  65.
  17.  65.
  17.  65.
  10.  65.
  6.  65.
  13.  65.
  14.  65.
  14.  65.
  13.  65.
  9.  65.
  13.  65.
  13.  65.
  21.  65.
  12.  65.
  10.  65.
  17.  65.
  16.  65.
  10.  65.
  17.  65.
  14.  65.
  18.  65.
  9.  65.
  14.  65.
  13.  65.
  20.  65.
  13.  65.
  14.  65.
  13.  65.
  7.  65.
  17.  65.
  13.  65.
  17.  65.
  7.  65.
  13.  65.
  12.  65.
  15.  65.
  15.  70.
  13.  70.
  14.  70.
  17.  70.
  11.  70.
  15.  70.
  7.  70.
  15.  70.
  11.  70.
  17.  70.
  22.  70.
  17.  70.
  20.  70.
  18.  70.
  12.  70.
  23.  70.
  15.  70.
  9.  70.
  17.  70.
  6.  70.
  14.  70.
  11.  70.
  12.  70.
  15.  70.
  18.  70.
  15.  70.
  19.  70.
  20.  70.
  15.  70.
  15.  70.
  16.  70.
  16.  70.
  8.  70.
  6.  70.
  13.  70.
  14.  70.
  6.  70.
  14.  70.
  12.  70.
  10.  70.
  9.  70.
  14.  70.
  14.  70.
  13.  70.
  10.  70.
  19.  70.
  11.  70.
  15.  70.
  12.  70.
  13.  70.
  16.  70.
  13.  70.
  15.  70.
  15.  70.
  16.  70.
  10.  70.
  16.  70.
  15.  70.
  13.  70.
  10.  70.
  11.  70.
  10.  70.
  15.  70.
  19.  70.
  13.  70.
  10.  70.
  12.  70.
  11.  70.
  14.  70.
  16.  70.
  18.  70.
  8.  70.
  15.  70.
  13.  70.
  17.  70.
  15.  70.
  10.  70.
  13.  70.
  13.  70.
  11.  70.
  10.  70.
  12.  70.
  16.  70.
  7.  70.
  1.  70.
  16.  70.
  1.  70.
  16.  70.
  16.  70.
  14.  70.
  13.  70.
  10.  70.
  13.  70.
  16.  70.
  13.  70.
  15.  70.
  13.  70.
  16.  70.
  13.  70.
  16.  70.
  12.  75.
  4.  75.
  12.  75.
  12.  75.
  14.  75.
  15.  75.
  17.  75.
  8.  75.
  16.  75.
  10.  75.
  18.  75.
  11.  75.
  5.  75.
  15.  75.
  11.  75.
  13.  75.
  12.  75.
  16.  75.
  14.  75.
  13.  75.
  13.  75.
  14.  75.
  15.  75.
  14.  75.
  15.  75.
  15.  75.
  14.  75.
  15.  75.
  14.  75.
  15.  75.
  12.  75.
  15.  75.
  12.  75.
  6.  75.
  9.  75.
  18.  75.
  10.  75.
  14.  75.
  16.  75.
  9.  75.
  8.  75.
  18.  75.
  18.  75.
  14.  75.
  20.  75.
  14.  75.
  13.  75.
  14.  75.
  12.  75.
  12.  75.
  19.  75.
  15.  75.
  5.  75.
  16.  75.
  15.  75.
  15.  75.
  17.  75.
  9.  75.
  7.  75.
  16.  75.
  14.  75.
  13.  75.
  11.  75.
  7.  75.
  13.  75.
  11.  75.
  11.  75.
  12.  75.
  10.  75.
  9.  75.
  15.  75.
  14.  75.
  13.  75.
  13.  75.
  19.  75.
  18.  75.
  12.  75.
  16.  75.
  11.  75.
  14.  75.
  18.  75.
  9.  75.
  14.  75.
  12.  75.
  16.  75.
  15.  75.
  12.  75.
  18.  75.
  9.  75.
  8.  75.
  9.  75.
  19.  75.
  14.  75.
  13.  75.
  18.  75.
  18.  75.
  12.  75.
  13.  75.
  14.  75.
  12.  75.
  18.  80.
  10.  80.
  8.  80.
  14.  80.
  12.  80.
  14.  80.
  16.  80.
  9.  80.
  14.  80.
  11.  80.
  19.  80.
  14.  80.
  4.  80.
  9.  80.
  16.  80.
  11.  80.
  13.  80.
  11.  80.
  12.  80.
  15.  80.
  14.  80.
  14.  80.
  14.  80.
  11.  80.
  16.  80.
  9.  80.
  18.  80.
  15.  80.
  16.  80.
  10.  80.
  17.  80.
  14.  80.
  18.  80.
  12.  80.
  16.  80.
  9.  80.
  20.  80.
  16.  80.
  10.  80.
  16.  80.
  12.  80.
  9.  80.
  8.  80.
  14.  80.
  17.  80.
  14.  80.
  13.  80.
  17.  80.
  17.  80.
  18.  80.
  12.  80.
  11.  80.
  14.  80.
  17.  80.
  13.  80.
  14.  80.
  13.  80.
  11.  80.
  14.  80.
  17.  80.
  17.  80.
  17.  80.
  10.  80.
  18.  80.
  16.  80.
  12.  80.
  18.  80.
  12.  80.
  15.  80.
  16.  80.
  16.  80.
  11.  80.
  17.  80.
  9.  80.
  4.  80.
  20.  80.
  6.  80.
  11.  80.
  13.  80.
  9.  80.
  12.  80.
  13.  80.
  11.  80.
  22.  80.
  17.  80.
  14.  80.
  14.  80.
  16.  80.
  11.  80.
  15.  80.
  15.  80.
  12.  80.
  14.  80.
  12.  80.
  14.  80.
  16.  80.
  15.  80.
  14.  80.
  20.  80.
  11.  80.
  13.  85.
  13.  85.
  8.  85.
  9.  85.
  11.  85.
  7.  85.
  5.  85.
  13.  85.
  9.  85.
  10.  85.
  8.  85.
  18.  85.
  11.  85.
  12.  85.
  5.  85.
  15.  85.
  17.  85.
  12.  85.
  12.  85.
  10.  85.
  18.  85.
  13.  85.
  15.  85.
  16.  85.
  11.  85.
  13.  85.
  13.  85.
  15.  85.
  14.  85.
  15.  85.
  11.  85.
  12.  85.
  41.  85.
  13.  85.
  14.  85.
  11.  85.
  15.  85.
  9.  85.
  13.  85.
  11.  85.
  15.  85.
  18.  85.
  14.  85.
  14.  85.
  16.  85.
  13.  85.
  15.  85.
  13.  85.
  4.  85.
  12.  85.
  18.  85.
  13.  85.
  13.  85.
  15.  85.
  12.  85.
  13.  85.
  16.  85.
  19.  85.
  10.  85.
  15.  85.
  17.  85.
  20.  85.
  13.  85.
  14.  85.
  10.  85.
  14.  85.
  16.  85.
  14.  85.
  17.  85.
  12.  85.
  14.  85.
  10.  85.
  17.  85.
  13.  85.
  13.  85.
  11.  85.
  11.  85.
  13.  85.
  14.  85.
  15.  85.
  13.  85.
  15.  85.
  17.  85.
  16.  85.
  9.  85.
  19.  85.
  10.  85.
  15.  85.
  13.  85.
  12.  85.
  13.  85.
  15.  85.
  14.  85.
  11.  85.
  16.  85.
  11.  85.
  13.  85.
  9.  85.
  11.  85.
  17.  85.
  15.  90.
  19.  90.
  17.  90.
  8.  90.
  16.  90.
  12.  90.
  10.  90.
  13.  90.
  7.  90.
  14.  90.
  13.  90.
  12.  90.
  19.  90.
  7.  90.
  12.  90.
  11.  90.
  14.  90.
  20.  90.
  16.  90.
  10.  90.
  15.  90.
  13.  90.
  11.  90.
  20.  90.
  10.  90.
  13.  90.
  9.  90.
  13.  90.
  9.  90.
  11.  90.
  16.  90.
  16.  90.
  11.  90.
  11.  90.
  13.  90.
  19.  90.
  17.  90.
  12.  90.
  18.  90.
  16.  90.
  14.  90.
  9.  90.
  13.  90.
  18.  90.
  18.  90.
  15.  90.
  12.  90.
  12.  90.
  12.  90.
  13.  90.
  13.  90.
  13.  90.
  12.  90.
  12.  90.
  16.  90.
  13.  90.
  18.  90.
  8.  90.
  16.  90.
  15.  90.
  12.  90.
  12.  90.
  8.  90.
  12.  90.
  13.  90.
  9.  90.
  23.  90.
  10.  90.
  8.  90.
  10.  90.
  11.  90.
  11.  90.
  16.  90.
  8.  90.
  11.  90.
  18.  90.
  12.  90.
  14.  90.
  14.  90.
  7.  90.
  8.  90.
  13.  90.
  17.  90.
  19.  90.
  16.  90.
  15.  90.
  19.  90.
  14.  90.
  17.  90.
  12.  90.
  15.  90.
  17.  90.
  12.  90.
  11.  90.
  7.  90.
  9.  90.
  9.  90.
  8.  90.
  12.  90.
  15.  90.
  12.  95.
  12.  95.
  16.  95.
  12.  95.
  12.  95.
  11.  95.
  18.  95.
  17.  95.
  17.  95.
  12.  95.
  12.  95.
  13.  95.
  12.  95.
  15.  95.
  12.  95.
  13.  95.
  12.  95.
  13.  95.
  13.  95.
  13.  95.
  7.  95.
  17.  95.
  9.  95.
  16.  95.
  12.  95.
  9.  95.
  15.  95.
  23.  95.
  13.  95.
  8.  95.
  15.  95.
  13.  95.
  18.  95.
  14.  95.
  9.  95.
  14.  95.
  12.  95.
  17.  95.
  12.  95.
  11.  95.
  11.  95.
  14.  95.
  15.  95.
  12.  95.
  13.  95.
  15.  95.
  11.  95.
  9.  95.
  7.  95.
  9.  95.
  17.  95.
  9.  95.
  17.  95.
  19.  95.
  15.  95.
  5.  95.
  16.  95.
  14.  95.
  16.  95.
  14.  95.
  16.  95.
  19.  95.
  8.  95.
  14.  95.
  13.  95.
  7.  95.
  17.  95.
  15.  95.
  13.  95.
  12.  95.
  8.  95.
  13.  95.
  15.  95.
  13.  95.
  17.  95.
  13.  95.
  10.  95.
  17.  95.
  11.  95.
  15.  95.
  16.  95.
  17.  95.
  12.  95.
  14.  95.
  14.  95.
  14.  95.
  13.  95.
  19.  95.
  13.  95.
  12.  95.
  13.  95.
  14.  95.
  15.  95.
  15.  95.
  16.  95.
  11.  95.
  10.  95.
  15.  95.
  17.  95.
  17.  95.
  15.  100.
  13.  100.
  16.  100.
  13.  100.
  14.  100.
  14.  100.
  9.  100.
  14.  100.
  15.  100.
  17.  100.
  15.  100.
  14.  100.
  13.  100.
  11.  100.
  12.  100.
  14.  100.
  13.  100.
  16.  100.
  18.  100.
  6.  100.
  9.  100.
  4.  100.
  13.  100.
  15.  100.
  8.  100.
  12.  100.
  15.  100.
  10.  100.
  16.  100.
  12.  100.
  10.  100.
  12.  100.
  13.  100.
  13.  100.
  14.  100.
  14.  100.
  14.  100.
  10.  100.
  14.  100.
  13.  100.
  12.  100.
  11.  100.
  12.  100.
  17.  100.
  17.  100.
  9.  100.
  14.  100.
  16.  100.
  12.  100.
  14.  100.
  9.  100.
  14.  100.
  13.  100.
  13.  100.
  14.  100.
  12.  100.
  13.  100.
  9.  100.
  14.  100.
  16.  100.
  15.  100.
  15.  100.
  8.  100.
  15.  100.
  9.  100.
  14.  100.
  11.  100.
  8.  100.
  14.  100.
  15.  100.
  7.  100.
  12.  100.
  17.  100.
  11.  100.
  10.  100.
  6.  100.
  20.  100.
  12.  100.
  14.  100.
  9.  100.
  16.  100.
  15.  100.
  10.  100.
  11.  100.
  13.  100.
  17.  100.
  15.  100.
  6.  100.
  14.  100.
  15.  100.
  14.  100.
  16.  100.
  12.  100.
  12.  100.
  12.  100.
  14.  100.
  16.  100.
  14.  100.
  16.  100.
  13.  100.
  11.  105.
  15.  105.
  14.  105.
  12.  105.
  15.  105.
  12.  105.
  12.  105.
  14.  105.
  10.  105.
  21.  105.
  17.  105.
  9.  105.
  13.  105.
  11.  105.
  10.  105.
