  0.  5.
  0.  5.
  0.  5.
  0.  5.
  0.  5.
  0.  5.
  0.  5.
  0.  5.
  0.  5.
  0.  5.
  0.  5.
  0.  5.
  0.  5.
  0.  5.
  54.  5.
  0.  5.
  0.  5.
  0.  5.
  0.  5.
  0.  5.
  0.  5.
  0.  5.
  0.  5.
  0.  5.
  0.  5.
  0.  5.
  0.  5.
  0.  5.
  0.  5.
  0.  5.
  0.  5.
  0.  5.
  0.  5.
  0.  5.
  0.  5.
  0.  5.
  0.  5.
  0.  5.
  0.  5.
  0.  5.
  0.  5.
  0.  5.
  0.  5.
  0.  5.
  0.  5.
  0.  5.
  0.  5.
  0.  5.
  0.  5.
  0.  5.
  0.  5.
  0.  5.
  0.  5.
  0.  5.
  0.  5.
  0.  5.
  0.  5.
  0.  5.
  0.  5.
  0.  5.
  0.  5.
  0.  5.
  0.  5.
  0.  5.
  0.  5.
  0.  5.
  0.  5.
  56.  5.
  0.  5.
  0.  5.
  0.  5.
  0.  5.
  0.  5.
  0.  5.
  0.  5.
  65.  5.
  0.  5.
  0.  5.
  0.  5.
  0.  5.
  0.  5.
  0.  5.
  0.  5.
  0.  5.
  0.  5.
  0.  5.
  0.  5.
  0.  5.
  0.  5.
  0.  5.
  0.  5.
  0.  5.
  0.  5.
  27.  5.
  0.  5.
  0.  5.
  0.  5.
  0.  5.
  0.  5.
  0.  5.
  35.  10.
  0.  10.
  0.  10.
  0.  10.
  0.  10.
  0.  10.
  0.  10.
  94.  10.
  0.  10.
  42.  10.
  0.  10.
  53.  10.
  65.  10.
  0.  10.
  56.  10.
  0.  10.
  0.  10.
  0.  10.
  0.  10.
  0.  10.
  0.  10.
  0.  10.
  0.  10.
  0.  10.
  0.  10.
  47.  10.
  54.  10.
  0.  10.
  31.  10.
  0.  10.
  53.  10.
  39.  10.
  63.  10.
  0.  10.
  51.  10.
  61.  10.
  0.  10.
  0.  10.
  38.  10.
  0.  10.
  0.  10.
  0.  10.
  0.  10.
  0.  10.
  0.  10.
  0.  10.
  77.  10.
  33.  10.
  91.  10.
  66.  10.
  40.  10.
  40.  10.
  0.  10.
  0.  10.
  0.  10.
  0.  10.
  80.  10.
  0.  10.
  0.  10.
  0.  10.
  0.  10.
  81.  10.
  0.  10.
  46.  10.
  92.  10.
  0.  10.
  0.  10.
  0.  10.
  52.  10.
  0.  10.
  47.  10.
  0.  10.
  58.  10.
  0.  10.
  0.  10.
  70.  10.
  47.  10.
  0.  10.
  60.  10.
  0.  10.
  62.  10.
  0.  10.
  0.  10.
  0.  10.
  0.  10.
  0.  10.
  0.  10.
  36.  10.
  0.  10.
  0.  10.
  0.  10.
  74.  10.
  96.  10.
  0.  10.
  48.  10.
  0.  10.
  0.  10.
  0.  10.
  0.  10.
  0.  10.
  76.  15.
  0.  15.
  58.  15.
  0.  15.
  0.  15.
  96.  15.
  0.  15.
  24.  15.
  0.  15.
  94.  15.
  47.  15.
  68.  15.
  61.  15.
  0.  15.
  80.  15.
  52.  15.
  80.  15.
  68.  15.
  0.  15.
  0.  15.
  57.  15.
  54.  15.
  60.  15.
  0.  15.
  75.  15.
  0.  15.
  37.  15.
  0.  15.
  0.  15.
  75.  15.
  49.  15.
  97.  15.
  0.  15.
  91.  15.
  55.  15.
  56.  15.
  0.  15.
  58.  15.
  0.  15.
  0.  15.
  40.  15.
  83.  15.
  0.  15.
  0.  15.
  89.  15.
  0.  15.
  83.  15.
  0.  15.
  56.  15.
  0.  15.
  0.  15.
  0.  15.
  88.  15.
  59.  15.
  84.  15.
  0.  15.
  56.  15.
  74.  15.
  84.  15.
  0.  15.
  47.  15.
  47.  15.
  0.  15.
  0.  15.
  85.  15.
  60.  15.
  63.  15.
  46.  15.
  78.  15.
  50.  15.
  99.  15.
  0.  15.
  96.  15.
  66.  15.
  64.  15.
  87.  15.
  93.  15.
  0.  15.
  0.  15.
  0.  15.
  0.  15.
  46.  15.
  36.  15.
  58.  15.
  44.  15.
  0.  15.
  0.  15.
  79.  15.
  74.  15.
  50.  15.
  0.  15.
  88.  15.
  0.  15.
  55.  15.
  52.  15.
  96.  15.
  60.  15.
  0.  15.
  69.  15.
  0.  15.
  74.  20.
  63.  20.
  67.  20.
  88.  20.
  89.  20.
  95.  20.
  59.  20.
  76.  20.
  0.  20.
  47.  20.
  0.  20.
  87.  20.
  90.  20.
  58.  20.
  74.  20.
  56.  20.
  52.  20.
  63.  20.
  86.  20.
  89.  20.
  59.  20.
  45.  20.
  68.  20.
  82.  20.
  0.  20.
  45.  20.
  66.  20.
  68.  20.
  60.  20.
  75.  20.
  73.  20.
  82.  20.
  64.  20.
  61.  20.
  68.  20.
  73.  20.
  0.  20.
  77.  20.
  0.  20.
  70.  20.
  0.  20.
  43.  20.
  68.  20.
  54.  20.
  55.  20.
  76.  20.
  48.  20.
  75.  20.
  55.  20.
  76.  20.
  72.  20.
  89.  20.
  39.  20.
  65.  20.
  53.  20.
  0.  20.
  47.  20.
  63.  20.
  72.  20.
  84.  20.
  53.  20.
  0.  20.
  64.  20.
  62.  20.
  0.  20.
  71.  20.
  61.  20.
  48.  20.
  43.  20.
  80.  20.
  96.  20.
  0.  20.
  73.  20.
  38.  20.
  53.  20.
  57.  20.
  69.  20.
  0.  20.
  94.  20.
  66.  20.
  52.  20.
  74.  20.
  83.  20.
  50.  20.
  0.  20.
  0.  20.
  63.  20.
  86.  20.
  0.  20.
  84.  20.
  64.  20.
  0.  20.
  74.  20.
  86.  20.
  0.  20.
  0.  20.
  52.  20.
  81.  20.
  80.  20.
  45.  20.
  81.  25.
  53.  25.
  74.  25.
  49.  25.
  0.  25.
  62.  25.
  52.  25.
  0.  25.
  0.  25.
  50.  25.
  66.  25.
  70.  25.
  51.  25.
  74.  25.
  61.  25.
  69.  25.
  66.  25.
  75.  25.
  63.  25.
  58.  25.
  67.  25.
  77.  25.
  77.  25.
  51.  25.
  76.  25.
  0.  25.
  76.  25.
  65.  25.
  57.  25.
  60.  25.
  62.  25.
  81.  25.
  64.  25.
  73.  25.
  50.  25.
  74.  25.
  56.  25.
  58.  25.
  79.  25.
  0.  25.
  63.  25.
  57.  25.
  63.  25.
  53.  25.
  53.  25.
  0.  25.
  53.  25.
  73.  25.
  56.  25.
  61.  25.
  56.  25.
  67.  25.
  67.  25.
  55.  25.
  59.  25.
  88.  25.
  58.  25.
  79.  25.
  60.  25.
  50.  25.
  76.  25.
  88.  25.
  83.  25.
  72.  25.
  50.  25.
  65.  25.
  71.  25.
  65.  25.
  63.  25.
  49.  25.
  60.  25.
  78.  25.
  60.  25.
  49.  25.
  57.  25.
  0.  25.
  89.  25.
  0.  25.
  73.  25.
  93.  25.
  56.  25.
  88.  25.
  76.  25.
  78.  25.
  58.  25.
  84.  25.
  55.  25.
  68.  25.
  68.  25.
  82.  25.
  75.  25.
  74.  25.
  57.  25.
  52.  25.
  82.  25.
  49.  25.
  47.  25.
  0.  25.
  71.  25.
  62.  25.
  55.  30.
  82.  30.
  52.  30.
  83.  30.
  66.  30.
  76.  30.
  63.  30.
  62.  30.
  71.  30.
  74.  30.
  79.  30.
  67.  30.
  54.  30.
  53.  30.
  50.  30.
  53.  30.
  64.  30.
  72.  30.
  48.  30.
  76.  30.
  91.  30.
  51.  30.
  53.  30.
  65.  30.
  55.  30.
  90.  30.
  80.  30.
  51.  30.
  68.  30.
  78.  30.
  61.  30.
  87.  30.
  62.  30.
  53.  30.
  65.  30.
  69.  30.
  89.  30.
  0.  30.
  71.  30.
  57.  30.
  60.  30.
  79.  30.
  54.  30.
  59.  30.
  53.  30.
  61.  30.
  66.  30.
  36.  30.
  56.  30.
  65.  30.
  56.  30.
  66.  30.
  65.  30.
  77.  30.
  58.  30.
  80.  30.
  57.  30.
  59.  30.
  97.  30.
  51.  30.
  46.  30.
  58.  30.
  55.  30.
  62.  30.
  70.  30.
  51.  30.
  60.  30.
  75.  30.
  82.  30.
  75.  30.
  68.  30.
  71.  30.
  61.  30.
  67.  30.
  63.  30.
  74.  30.
  50.  30.
  63.  30.
  67.  30.
  81.  30.
  45.  30.
  52.  30.
  62.  30.
  44.  30.
  71.  30.
  51.  30.
  56.  30.
  78.  30.
  77.  30.
  66.  30.
  68.  30.
  69.  30.
  56.  30.
  58.  30.
  57.  30.
  56.  30.
  84.  30.
  0.  30.
  56.  30.
  60.  30.
  88.  35.
  55.  35.
  54.  35.
  54.  35.
  84.  35.
  59.  35.
  49.  35.
  67.  35.
  74.  35.
  56.  35.
  62.  35.
  54.  35.
  57.  35.
  62.  35.
  55.  35.
  55.  35.
  67.  35.
  68.  35.
  54.  35.
  63.  35.
  56.  35.
  80.  35.
  57.  35.
  58.  35.
  61.  35.
  57.  35.
  82.  35.
  60.  35.
  55.  35.
  69.  35.
  60.  35.
  57.  35.
  53.  35.
  51.  35.
  51.  35.
  59.  35.
  65.  35.
  81.  35.
  56.  35.
  78.  35.
  62.  35.
  50.  35.
  56.  35.
  70.  35.
  48.  35.
  57.  35.
  59.  35.
  70.  35.
  63.  35.
  48.  35.
  60.  35.
  63.  35.
  68.  35.
  62.  35.
  58.  35.
  84.  35.
  69.  35.
  74.  35.
  54.  35.
  67.  35.
  69.  35.
  56.  35.
  54.  35.
  49.  35.
  72.  35.
  58.  35.
  70.  35.
  71.  35.
  50.  35.
  45.  35.
  54.  35.
  50.  35.
  72.  35.
  59.  35.
  52.  35.
  86.  35.
  55.  35.
  75.  35.
  74.  35.
  49.  35.
  50.  35.
  54.  35.
  57.  35.
  56.  35.
  59.  35.
  100.  35.
  52.  35.
  53.  35.
  51.  35.
  73.  35.
  51.  35.
  57.  35.
  57.  35.
  65.  35.
  60.  35.
  52.  35.
  43.  35.
  73.  35.
  56.  35.
  47.  35.
  61.  40.
  65.  40.
  55.  40.
  47.  40.
  56.  40.
  55.  40.
  60.  40.
  54.  40.
  48.  40.
  67.  40.
  65.  40.
  52.  40.
  68.  40.
  57.  40.
  62.  40.
  66.  40.
  82.  40.
  61.  40.
  71.  40.
  65.  40.
  68.  40.
  56.  40.
  48.  40.
  42.  40.
  65.  40.
  68.  40.
  61.  40.
  71.  40.
  54.  40.
  58.  40.
  59.  40.
  59.  40.
  53.  40.
  55.  40.
  57.  40.
  57.  40.
  84.  40.
  56.  40.
  56.  40.
  62.  40.
  65.  40.
  71.  40.
  57.  40.
  82.  40.
  61.  40.
  54.  40.
  87.  40.
  53.  40.
  70.  40.
  52.  40.
  75.  40.
  51.  40.
  69.  40.
  69.  40.
  56.  40.
  68.  40.
  60.  40.
  68.  40.
  59.  40.
  61.  40.
  64.  40.
  47.  40.
  50.  40.
  53.  40.
  56.  40.
  51.  40.
  74.  40.
  65.  40.
  43.  40.
  57.  40.
  58.  40.
  51.  40.
  59.  40.
  49.  40.
  41.  40.
  51.  40.
  66.  40.
  53.  40.
  52.  40.
  76.  40.
  65.  40.
  67.  40.
  61.  40.
  51.  40.
  61.  40.
  83.  40.
  54.  40.
  57.  40.
  64.  40.
  52.  40.
  59.  40.
  55.  40.
  65.  40.
  51.  40.
  68.  40.
  73.  40.
  56.  40.
  65.  40.
  69.  40.
  60.  40.
  54.  45.
  59.  45.
  84.  45.
  60.  45.
  50.  45.
  50.  45.
  59.  45.
  68.  45.
  51.  45.
  59.  45.
  57.  45.
  58.  45.
  65.  45.
  47.  45.
  63.  45.
  56.  45.
  52.  45.
  58.  45.
  62.  45.
  61.  45.
  60.  45.
  51.  45.
  57.  45.
  53.  45.
  58.  45.
  61.  45.
  50.  45.
  73.  45.
  78.  45.
  68.  45.
  68.  45.
  65.  45.
  57.  45.
  73.  45.
  51.  45.
  56.  45.
  54.  45.
  59.  45.
  49.  45.
  59.  45.
  58.  45.
  49.  45.
  74.  45.
  72.  45.
  54.  45.
  61.  45.
  60.  45.
  61.  45.
  51.  45.
  58.  45.
  68.  45.
  63.  45.
  67.  45.
  56.  45.
  51.  45.
  58.  45.
  72.  45.
  61.  45.
  67.  45.
  59.  45.
  57.  45.
  46.  45.
  50.  45.
  50.  45.
  71.  45.
  60.  45.
  65.  45.
  58.  45.
  62.  45.
  56.  45.
  56.  45.
  59.  45.
  48.  45.
  55.  45.
  73.  45.
  57.  45.
  55.  45.
  48.  45.
  59.  45.
  61.  45.
  53.  45.
  63.  45.
  58.  45.
  66.  45.
  58.  45.
  44.  45.
  60.  45.
  52.  45.
  53.  45.
  57.  45.
  67.  45.
  58.  45.
  65.  45.
  79.  45.
  94.  45.
  66.  45.
  56.  45.
  89.  45.
  62.  45.
  51.  45.
  57.  50.
  59.  50.
  49.  50.
  54.  50.
  53.  50.
  57.  50.
  67.  50.
  66.  50.
  56.  50.
  64.  50.
  46.  50.
  51.  50.
  54.  50.
  55.  50.
  63.  50.
  65.  50.
  48.  50.
  54.  50.
  50.  50.
  58.  50.
  58.  50.
  57.  50.
  55.  50.
  51.  50.
  57.  50.
  55.  50.
  60.  50.
  49.  50.
  52.  50.
  66.  50.
  52.  50.
  46.  50.
  56.  50.
  85.  50.
  63.  50.
  47.  50.
  55.  50.
  59.  50.
  53.  50.
  56.  50.
  57.  50.
  52.  50.
  70.  50.
  52.  50.
  55.  50.
  56.  50.
  51.  50.
  65.  50.
  58.  50.
  54.  50.
  62.  50.
  53.  50.
  56.  50.
  53.  50.
  51.  50.
  68.  50.
  61.  50.
  64.  50.
  50.  50.
  77.  50.
  68.  50.
  51.  50.
  70.  50.
  61.  50.
  57.  50.
  86.  50.
  56.  50.
  61.  50.
  56.  50.
  60.  50.
  59.  50.
  62.  50.
  55.  50.
  67.  50.
  54.  50.
  63.  50.
  44.  50.
  55.  50.
  54.  50.
  54.  50.
  56.  50.
  54.  50.
  66.  50.
  56.  50.
  59.  50.
  60.  50.
  53.  50.
  52.  50.
  63.  50.
  52.  50.
  62.  50.
  56.  50.
  50.  50.
  83.  50.
  58.  50.
  64.  50.
  58.  50.
  60.  50.
  59.  50.
  57.  50.
  74.  55.
  62.  55.
  60.  55.
  69.  55.
  60.  55.
  58.  55.
  56.  55.
  56.  55.
  53.  55.
  55.  55.
  52.  55.
  54.  55.
  50.  55.
  52.  55.
  63.  55.
  55.  55.
  55.  55.
  60.  55.
  49.  55.
  63.  55.
  62.  55.
  56.  55.
  64.  55.
  51.  55.
  50.  55.
  68.  55.
  61.  55.
  51.  55.
  61.  55.
  47.  55.
  50.  55.
  67.  55.
  51.  55.
  63.  55.
  49.  55.
  53.  55.
  53.  55.
  51.  55.
  54.  55.
  65.  55.
  44.  55.
  64.  55.
  45.  55.
  60.  55.
  54.  55.
  52.  55.
  52.  55.
  53.  55.
  51.  55.
  40.  55.
  56.  55.
  64.  55.
  58.  55.
  53.  55.
  59.  55.
  65.  55.
  71.  55.
  52.  55.
  62.  55.
  53.  55.
  60.  55.
  62.  55.
  49.  55.
  55.  55.
  48.  55.
  58.  55.
  53.  55.
  56.  55.
  41.  55.
  61.  55.
  61.  55.
  72.  55.
  48.  55.
  56.  55.
  58.  55.
  48.  55.
  75.  55.
  61.  55.
  58.  55.
  61.  55.
  52.  55.
  55.  55.
  52.  55.
  49.  55.
  62.  55.
  54.  55.
  59.  55.
  68.  55.
  58.  55.
  62.  55.
  77.  55.
  54.  55.
  58.  55.
  61.  55.
  63.  55.
  55.  55.
  61.  55.
  59.  55.
  54.  55.
  49.  55.
  56.  60.
  58.  60.
  55.  60.
  54.  60.
  62.  60.
  52.  60.
  66.  60.
  55.  60.
  55.  60.
  73.  60.
  53.  60.
  64.  60.
  62.  60.
  65.  60.
  62.  60.
  77.  60.
  52.  60.
  58.  60.
  65.  60.
  77.  60.
  57.  60.
  55.  60.
  53.  60.
  72.  60.
  49.  60.
  52.  60.
  58.  60.
  52.  60.
  55.  60.
  69.  60.
  69.  60.
  57.  60.
  59.  60.
  52.  60.
  63.  60.
  49.  60.
  56.  60.
  64.  60.
  48.  60.
  58.  60.
  52.  60.
  56.  60.
  56.  60.
  49.  60.
  51.  60.
  76.  60.
  58.  60.
  54.  60.
  52.  60.
  56.  60.
  56.  60.
  69.  60.
  59.  60.
  58.  60.
  64.  60.
  47.  60.
  55.  60.
  54.  60.
  57.  60.
  68.  60.
  52.  60.
  51.  60.
  62.  60.
  59.  60.
  49.  60.
  57.  60.
  50.  60.
  58.  60.
  53.  60.
  61.  60.
  56.  60.
  65.  60.
  51.  60.
  58.  60.
  57.  60.
  53.  60.
  54.  60.
  60.  60.
  80.  60.
  62.  60.
  57.  60.
  55.  60.
  66.  60.
  58.  60.
  59.  60.
  56.  60.
  58.  60.
  56.  60.
  56.  60.
  63.  60.
  49.  60.
  54.  60.
  59.  60.
  58.  60.
  63.  60.
  68.  60.
  54.  60.
  61.  60.
  54.  60.
  57.  60.
  54.  65.
  57.  65.
  57.  65.
  57.  65.
  66.  65.
  70.  65.
  58.  65.
  59.  65.
  55.  65.
  48.  65.
  57.  65.
  58.  65.
  53.  65.
  55.  65.
  60.  65.
  60.  65.
  48.  65.
  48.  65.
  54.  65.
  56.  65.
  54.  65.
  60.  65.
  62.  65.
  73.  65.
  54.  65.
  53.  65.
  52.  65.
  56.  65.
  51.  65.
  66.  65.
  59.  65.
  67.  65.
  52.  65.
  65.  65.
  53.  65.
  49.  65.
  58.  65.
  55.  65.
  51.  65.
  51.  65.
  59.  65.
  58.  65.
  51.  65.
  48.  65.
  49.  65.
  67.  65.
  79.  65.
  51.  65.
  57.  65.
  58.  65.
  56.  65.
  53.  65.
  53.  65.
  53.  65.
  62.  65.
  61.  65.
  65.  65.
  51.  65.
  58.  65.
  59.  65.
  63.  65.
  56.  65.
  63.  65.
  62.  65.
  54.  65.
  56.  65.
  59.  65.
  51.  65.
  54.  65.
  50.  65.
  57.  65.
  53.  65.
  52.  65.
  47.  65.
  48.  65.
  58.  65.
  50.  65.
  62.  65.
  53.  65.
  53.  65.
  62.  65.
  57.  65.
  56.  65.
  51.  65.
  51.  65.
  54.  65.
  54.  65.
  60.  65.
  67.  65.
  58.  65.
  51.  65.
  58.  65.
  59.  65.
  56.  65.
  59.  65.
  60.  65.
  54.  65.
  50.  65.
  58.  65.
  55.  65.
  50.  70.
  60.  70.
  66.  70.
  48.  70.
  61.  70.
  56.  70.
  62.  70.
  49.  70.
  50.  70.
  55.  70.
  62.  70.
  63.  70.
  53.  70.
  49.  70.
  58.  70.
  38.  70.
  50.  70.
  58.  70.
  47.  70.
  61.  70.
  58.  70.
  56.  70.
  61.  70.
  62.  70.
  56.  70.
  58.  70.
  60.  70.
  69.  70.
  57.  70.
  61.  70.
  56.  70.
  53.  70.
  55.  70.
  58.  70.
  66.  70.
  53.  70.
  56.  70.
  60.  70.
  58.  70.
  59.  70.
  53.  70.
  53.  70.
  46.  70.
  70.  70.
  63.  70.
  50.  70.
  62.  70.
  52.  70.
  62.  70.
  59.  70.
  49.  70.
  57.  70.
  57.  70.
  66.  70.
  55.  70.
  68.  70.
  51.  70.
  53.  70.
  63.  70.
  59.  70.
  63.  70.
  55.  70.
  54.  70.
  48.  70.
  58.  70.
  69.  70.
  61.  70.
  59.  70.
  57.  70.
  71.  70.
  51.  70.
  51.  70.
  60.  70.
  56.  70.
  59.  70.
  64.  70.
  75.  70.
  55.  70.
  60.  70.
  63.  70.
  69.  70.
  58.  70.
  51.  70.
  59.  70.
  51.  70.
  59.  70.
  58.  70.
  49.  70.
  47.  70.
  61.  70.
  56.  70.
  60.  70.
  46.  70.
  55.  70.
  61.  70.
  53.  70.
  46.  70.
  64.  70.
  58.  70.
  54.  70.
  56.  75.
  57.  75.
  58.  75.
  71.  75.
  53.  75.
  49.  75.
  56.  75.
  57.  75.
  70.  75.
  61.  75.
  49.  75.
  60.  75.
  59.  75.
  60.  75.
  58.  75.
  53.  75.
  63.  75.
  57.  75.
  56.  75.
  44.  75.
  57.  75.
  49.  75.
  60.  75.
  52.  75.
  57.  75.
  52.  75.
  49.  75.
  50.  75.
  54.  75.
  55.  75.
  53.  75.
  58.  75.
  56.  75.
  57.  75.
  72.  75.
  45.  75.
  56.  75.
  56.  75.
  64.  75.
  59.  75.
  56.  75.
  51.  75.
  51.  75.
  64.  75.
  48.  75.
  56.  75.
  60.  75.
  49.  75.
  51.  75.
  53.  75.
  54.  75.
  49.  75.
  60.  75.
  53.  75.
  53.  75.
  59.  75.
  52.  75.
  53.  75.
  59.  75.
  63.  75.
  65.  75.
  60.  75.
  63.  75.
  63.  75.
  56.  75.
  56.  75.
  54.  75.
  57.  75.
  67.  75.
  63.  75.
  61.  75.
  55.  75.
  62.  75.
  59.  75.
  54.  75.
  51.  75.
  56.  75.
  53.  75.
  54.  75.
  57.  75.
  55.  75.
  56.  75.
  54.  75.
  67.  75.
  53.  75.
  56.  75.
  60.  75.
  52.  75.
  53.  75.
  60.  75.
  58.  75.
  50.  75.
  59.  75.
  50.  75.
  52.  75.
  57.  75.
  64.  75.
  52.  75.
  52.  75.
  50.  75.
  45.  80.
  68.  80.
  68.  80.
  59.  80.
  57.  80.
  55.  80.
  59.  80.
  59.  80.
  74.  80.
  55.  80.
  52.  80.
  53.  80.
  59.  80.
  52.  80.
  65.  80.
  64.  80.
  53.  80.
  54.  80.
  54.  80.
  61.  80.
  60.  80.
  54.  80.
  55.  80.
  65.  80.
  55.  80.
  50.  80.
  50.  80.
  62.  80.
  60.  80.
  55.  80.
  53.  80.
  52.  80.
  51.  80.
  55.  80.
  58.  80.
  52.  80.
  51.  80.
  58.  80.
  55.  80.
  57.  80.
  45.  80.
  55.  80.
  54.  80.
  55.  80.
  47.  80.
  63.  80.
  61.  80.
  49.  80.
  55.  80.
  57.  80.
  62.  80.
  56.  80.
  54.  80.
  61.  80.
  59.  80.
  50.  80.
  61.  80.
  50.  80.
  66.  80.
  56.  80.
  58.  80.
  46.  80.
  51.  80.
  63.  80.
  55.  80.
  60.  80.
  50.  80.
  74.  80.
  50.  80.
  56.  80.
  51.  80.
  56.  80.
  54.  80.
  58.  80.
  59.  80.
  51.  80.
  55.  80.
  59.  80.
  60.  80.
  56.  80.
  58.  80.
  61.  80.
  64.  80.
  52.  80.
  59.  80.
  57.  80.
  58.  80.
  51.  80.
  62.  80.
  57.  80.
  54.  80.
  58.  80.
  55.  80.
  50.  80.
  58.  80.
  53.  80.
  54.  80.
  52.  80.
  57.  80.
  66.  80.
  56.  85.
  62.  85.
  56.  85.
  61.  85.
  56.  85.
  51.  85.
  53.  85.
  62.  85.
  57.  85.
  59.  85.
  55.  85.
  55.  85.
  54.  85.
  65.  85.
  64.  85.
  54.  85.
  59.  85.
  51.  85.
  60.  85.
  57.  85.
  50.  85.
  67.  85.
  57.  85.
  51.  85.
  62.  85.
  57.  85.
  55.  85.
  55.  85.
  60.  85.
  61.  85.
  56.  85.
  60.  85.
  30.  85.
  58.  85.
  58.  85.
  55.  85.
  65.  85.
  57.  85.
  60.  85.
  58.  85.
  52.  85.
  53.  85.
  65.  85.
  45.  85.
  53.  85.
  58.  85.
  51.  85.
  48.  85.
  58.  85.
  55.  85.
  52.  85.
  51.  85.
  52.  85.
  52.  85.
  58.  85.
  57.  85.
  59.  85.
  51.  85.
  48.  85.
  64.  85.
  61.  85.
  64.  85.
  61.  85.
  71.  85.
  56.  85.
  55.  85.
  55.  85.
  57.  85.
  52.  85.
  57.  85.
  57.  85.
  54.  85.
  54.  85.
  55.  85.
  55.  85.
  55.  85.
  55.  85.
  52.  85.
  58.  85.
  58.  85.
  57.  85.
  52.  85.
  53.  85.
  52.  85.
  63.  85.
  52.  85.
  65.  85.
  53.  85.
  52.  85.
  60.  85.
  65.  85.
  52.  85.
  57.  85.
  52.  85.
  53.  85.
  60.  85.
  49.  85.
  54.  85.
  48.  85.
  59.  85.
  57.  90.
  55.  90.
  49.  90.
  54.  90.
  55.  90.
  52.  90.
  62.  90.
  60.  90.
  56.  90.
  57.  90.
  56.  90.
  61.  90.
  53.  90.
  62.  90.
  55.  90.
  69.  90.
  51.  90.
  48.  90.
  58.  90.
  51.  90.
  62.  90.
  58.  90.
  61.  90.
  54.  90.
  57.  90.
  67.  90.
  55.  90.
  67.  90.
  60.  90.
  63.  90.
  59.  90.
  51.  90.
  52.  90.
  51.  90.
  57.  90.
  44.  90.
  56.  90.
  57.  90.
  55.  90.
  49.  90.
  58.  90.
  56.  90.
  50.  90.
  43.  90.
  47.  90.
  52.  90.
  52.  90.
  52.  90.
  62.  90.
  65.  90.
  70.  90.
  64.  90.
  55.  90.
  64.  90.
  55.  90.
  54.  90.
  51.  90.
  51.  90.
  62.  90.
  54.  90.
  57.  90.
  55.  90.
  55.  90.
  54.  90.
  61.  90.
  62.  90.
  53.  90.
  55.  90.
  56.  90.
  51.  90.
  57.  90.
  59.  90.
  54.  90.
  57.  90.
  67.  90.
  55.  90.
  57.  90.
  52.  90.
  47.  90.
  54.  90.
  55.  90.
  50.  90.
  51.  90.
  51.  90.
  57.  90.
  64.  90.
  46.  90.
  52.  90.
  56.  90.
  63.  90.
  55.  90.
  58.  90.
  57.  90.
  57.  90.
  59.  90.
  59.  90.
  57.  90.
  63.  90.
  56.  90.
  50.  90.
  63.  95.
  61.  95.
  64.  95.
  54.  95.
  55.  95.
  66.  95.
  50.  95.
  59.  95.
  55.  95.
  53.  95.
  56.  95.
  59.  95.
  60.  95.
  51.  95.
  62.  95.
  54.  95.
  54.  95.
  49.  95.
  59.  95.
  56.  95.
  66.  95.
  51.  95.
  56.  95.
  51.  95.
  65.  95.
  56.  95.
  65.  95.
  50.  95.
  57.  95.
  61.  95.
  53.  95.
  55.  95.
  47.  95.
  59.  95.
  68.  95.
  57.  95.
  57.  95.
  58.  95.
  52.  95.
  57.  95.
  55.  95.
  54.  95.
  57.  95.
  56.  95.
  55.  95.
  51.  95.
  60.  95.
  58.  95.
  54.  95.
  68.  95.
  54.  95.
  59.  95.
  53.  95.
  54.  95.
  66.  95.
  54.  95.
  60.  95.
  59.  95.
  52.  95.
  56.  95.
  53.  95.
  49.  95.
  63.  95.
  53.  95.
  56.  95.
  55.  95.
  46.  95.
  59.  95.
  63.  95.
  57.  95.
  60.  95.
  60.  95.
  54.  95.
  56.  95.
  52.  95.
  56.  95.
  58.  95.
  50.  95.
  58.  95.
  56.  95.
  54.  95.
  54.  95.
  54.  95.
  58.  95.
  55.  95.
  54.  95.
  61.  95.
  56.  95.
  53.  95.
  57.  95.
  56.  95.
  54.  95.
  59.  95.
  52.  95.
  49.  95.
  56.  95.
  57.  95.
  57.  95.
  56.  95.
  51.  95.
  45.  100.
  53.  100.
  49.  100.
  55.  100.
  56.  100.
  54.  100.
  52.  100.
  56.  100.
  53.  100.
  51.  100.
  55.  100.
  60.  100.
  56.  100.
  53.  100.
  53.  100.
  57.  100.
  47.  100.
  60.  100.
  55.  100.
  70.  100.
  58.  100.
  52.  100.
  54.  100.
  57.  100.
  53.  100.
  69.  100.
  58.  100.
  61.  100.
  59.  100.
  65.  100.
  52.  100.
  56.  100.
  61.  100.
  53.  100.
  59.  100.
  56.  100.
  58.  100.
  56.  100.
  61.  100.
  57.  100.
  54.  100.
  54.  100.
  57.  100.
  51.  100.
  52.  100.
  61.  100.
  59.  100.
  47.  100.
  60.  100.
  61.  100.
  49.  100.
  55.  100.
  64.  100.
  54.  100.
  58.  100.
  53.  100.
  61.  100.
  52.  100.
  46.  100.
  59.  100.
  55.  100.
  61.  100.
  56.  100.
  55.  100.
  57.  100.
  56.  100.
  59.  100.
  53.  100.
  55.  100.
  53.  100.
  58.  100.
  53.  100.
  49.  100.
  57.  100.
  61.  100.
  55.  100.
  55.  100.
  64.  100.
  61.  100.
  61.  100.
  51.  100.
  62.  100.
  54.  100.
  56.  100.
  55.  100.
  57.  100.
  57.  100.
  65.  100.
  48.  100.
  55.  100.
  58.  100.
  48.  100.
  60.  100.
  51.  100.
  61.  100.
  56.  100.
  52.  100.
  67.  100.
  55.  100.
  65.  100.
