  0.  5.
  0.  5.
  0.  5.
  0.  5.
  0.  5.
  0.  5.
  0.  5.
  0.  5.
  0.  5.
  0.  5.
  0.  5.
  0.  5.
  0.  5.
  0.  5.
  0.  5.
  0.  5.
  0.  5.
  0.  5.
  0.  5.
  0.  5.
  0.  5.
  0.  5.
  0.  5.
  0.  5.
  0.  5.
  0.  5.
  0.  5.
  0.  5.
  0.  5.
  0.  5.
  0.  5.
  0.  5.
  0.  5.
  0.  5.
  0.  5.
  0.  5.
  0.  5.
  0.  5.
  0.  5.
  0.  5.
  0.  5.
  0.  5.
  0.  5.
  0.  5.
  0.  5.
  0.  5.
  0.  5.
  0.  5.
  0.  5.
  0.  5.
  0.  5.
  0.  5.
  0.  5.
  0.  5.
  0.  5.
  0.  5.
  0.  5.
  0.  5.
  0.  5.
  0.  5.
  0.  5.
  0.  5.
  0.  5.
  0.  5.
  0.  5.
  0.  5.
  0.  5.
  0.  5.
  0.  5.
  0.  5.
  0.  5.
  0.  5.
  0.  5.
  86.  5.
  0.  5.
  0.  5.
  0.  5.
  0.  5.
  0.  5.
  0.  5.
  0.  5.
  0.  5.
  0.  5.
  0.  5.
  0.  5.
  0.  5.
  0.  5.
  0.  5.
  0.  5.
  0.  5.
  0.  5.
  0.  5.
  0.  5.
  0.  5.
  0.  5.
  0.  5.
  0.  5.
  47.  10.
  0.  10.
  0.  10.
  0.  10.
  0.  10.
  0.  10.
  0.  10.
  0.  10.
  57.  10.
  0.  10.
  63.  10.
  77.  10.
  0.  10.
  66.  10.
  0.  10.
  0.  10.
  0.  10.
  0.  10.
  0.  10.
  0.  10.
  0.  10.
  0.  10.
  0.  10.
  0.  10.
  67.  10.
  61.  10.
  0.  10.
  47.  10.
  0.  10.
  62.  10.
  56.  10.
  77.  10.
  0.  10.
  60.  10.
  73.  10.
  0.  10.
  0.  10.
  46.  10.
  0.  10.
  0.  10.
  0.  10.
  0.  10.
  0.  10.
  0.  10.
  0.  10.
  86.  10.
  50.  10.
  81.  10.
  55.  10.
  61.  10.
  0.  10.
  0.  10.
  0.  10.
  0.  10.
  0.  10.
  0.  10.
  0.  10.
  0.  10.
  0.  10.
  60.  10.
  0.  10.
  0.  10.
  0.  10.
  67.  10.
  0.  10.
  62.  10.
  0.  10.
  70.  10.
  0.  10.
  0.  10.
  81.  10.
  61.  10.
  0.  10.
  74.  10.
  0.  10.
  75.  10.
  0.  10.
  0.  10.
  0.  10.
  0.  10.
  0.  10.
  0.  10.
  45.  10.
  0.  10.
  0.  10.
  0.  10.
  88.  10.
  0.  10.
  68.  10.
  0.  10.
  0.  10.
  0.  10.
  0.  10.
  0.  10.
  0.  15.
  74.  15.
  0.  15.
  0.  15.
  0.  15.
  40.  15.
  0.  15.
  59.  15.
  79.  15.
  74.  15.
  0.  15.
  97.  15.
  66.  15.
  97.  15.
  85.  15.
  0.  15.
  0.  15.
  69.  15.
  62.  15.
  75.  15.
  0.  15.
  96.  15.
  0.  15.
  50.  15.
  0.  15.
  0.  15.
  58.  15.
  0.  15.
  75.  15.
  74.  15.
  0.  15.
  74.  15.
  0.  15.
  0.  15.
  60.  15.
  95.  15.
  0.  15.
  0.  15.
  0.  15.
  95.  15.
  0.  15.
  65.  15.
  0.  15.
  0.  15.
  0.  15.
  74.  15.
  98.  15.
  0.  15.
  72.  15.
  94.  15.
  0.  15.
  62.  15.
  61.  15.
  0.  15.
  0.  15.
  77.  15.
  75.  15.
  62.  15.
  97.  15.
  66.  15.
  0.  15.
  77.  15.
  81.  15.
  0.  15.
  0.  15.
  0.  15.
  0.  15.
  59.  15.
  43.  15.
  70.  15.
  59.  15.
  0.  15.
  0.  15.
  91.  15.
  85.  15.
  66.  15.
  0.  15.
  0.  15.
  68.  15.
  64.  15.
  75.  15.
  0.  15.
  83.  15.
  0.  15.
  94.  20.
  82.  20.
  82.  20.
  98.  20.
  73.  20.
  87.  20.
  0.  20.
  55.  20.
  0.  20.
  64.  20.
  81.  20.
  65.  20.
  70.  20.
  76.  20.
  71.  20.
  49.  20.
  85.  20.
  96.  20.
  0.  20.
  58.  20.
  79.  20.
  83.  20.
  67.  20.
  87.  20.
  87.  20.
  78.  20.
  74.  20.
  73.  20.
  81.  20.
  0.  20.
  89.  20.
  0.  20.
  86.  20.
  0.  20.
  54.  20.
  83.  20.
  70.  20.
  67.  20.
  90.  20.
  63.  20.
  67.  20.
  95.  20.
  85.  20.
  51.  20.
  81.  20.
  61.  20.
  0.  20.
  61.  20.
  74.  20.
  86.  20.
  96.  20.
  68.  20.
  0.  20.
  75.  20.
  75.  20.
  0.  20.
  84.  20.
  69.  20.
  61.  20.
  61.  20.
  99.  20.
  0.  20.
  85.  20.
  52.  20.
  64.  20.
  74.  20.
  81.  20.
  0.  20.
  80.  20.
  72.  20.
  88.  20.
  97.  20.
  74.  20.
  0.  20.
  0.  20.
  78.  20.
  99.  20.
  0.  20.
  98.  20.
  79.  20.
  0.  20.
  81.  20.
  95.  20.
  0.  20.
  0.  20.
  72.  20.
  99.  20.
  93.  20.
  73.  20.
  91.  25.
  70.  25.
  90.  25.
  64.  25.
  0.  25.
  70.  25.
  70.  25.
  0.  25.
  0.  25.
  61.  25.
  80.  25.
  85.  25.
  63.  25.
  82.  25.
  78.  25.
  85.  25.
  80.  25.
  87.  25.
  70.  25.
  71.  25.
  79.  25.
  90.  25.
  91.  25.
  68.  25.
  90.  25.
  0.  25.
  91.  25.
  74.  25.
  67.  25.
  77.  25.
  79.  25.
  89.  25.
  73.  25.
  79.  25.
  73.  25.
  85.  25.
  68.  25.
  71.  25.
  96.  25.
  0.  25.
  80.  25.
  70.  25.
  83.  25.
  70.  25.
  73.  25.
  0.  25.
  70.  25.
  82.  25.
  68.  25.
  74.  25.
  67.  25.
  78.  25.
  79.  25.
  70.  25.
  74.  25.
  98.  25.
  69.  25.
  83.  25.
  69.  25.
  67.  25.
  84.  25.
  99.  25.
  88.  25.
  69.  25.
  76.  25.
  88.  25.
  75.  25.
  76.  25.
  59.  25.
  74.  25.
  88.  25.
  71.  25.
  64.  25.
  73.  25.
  0.  25.
  0.  25.
  93.  25.
  67.  25.
  98.  25.
  88.  25.
  93.  25.
  67.  25.
  90.  25.
  73.  25.
  85.  25.
  79.  25.
  99.  25.
  93.  25.
  89.  25.
  66.  25.
  66.  25.
  91.  25.
  62.  25.
  62.  25.
  0.  25.
  88.  25.
  73.  25.
  69.  30.
  100.  30.
  64.  30.
  95.  30.
  80.  30.
  86.  30.
  81.  30.
  74.  30.
  84.  30.
  84.  30.
  88.  30.
  79.  30.
  66.  30.
  70.  30.
  63.  30.
  65.  30.
  79.  30.
  84.  30.
  61.  30.
  94.  30.
  69.  30.
  68.  30.
  83.  30.
  67.  30.
  96.  30.
  69.  30.
  77.  30.
  96.  30.
  74.  30.
  99.  30.
  76.  30.
  59.  30.
  83.  30.
  78.  30.
  95.  30.
  0.  30.
  86.  30.
  73.  30.
  75.  30.
  93.  30.
  71.  30.
  73.  30.
  69.  30.
  76.  30.
  75.  30.
  53.  30.
  70.  30.
  84.  30.
  68.  30.
  81.  30.
  77.  30.
  94.  30.
  71.  30.
  90.  30.
  74.  30.
  69.  30.
  68.  30.
  59.  30.
  71.  30.
  65.  30.
  74.  30.
  85.  30.
  67.  30.
  74.  30.
  85.  30.
  96.  30.
  88.  30.
  84.  30.
  87.  30.
  72.  30.
  85.  30.
  77.  30.
  87.  30.
  60.  30.
  76.  30.
  78.  30.
  62.  30.
  64.  30.
  82.  30.
  57.  30.
  80.  30.
  61.  30.
  69.  30.
  93.  30.
  92.  30.
  75.  30.
  78.  30.
  80.  30.
  68.  30.
  65.  30.
  71.  30.
  73.  30.
  96.  30.
  0.  30.
  68.  30.
  74.  30.
  64.  35.
  69.  35.
  71.  35.
  99.  35.
  69.  35.
  59.  35.
  84.  35.
  83.  35.
  70.  35.
  76.  35.
  64.  35.
  74.  35.
  75.  35.
  67.  35.
  66.  35.
  73.  35.
  85.  35.
  68.  35.
  77.  35.
  69.  35.
  95.  35.
  68.  35.
  67.  35.
  70.  35.
  73.  35.
  94.  35.
  72.  35.
  71.  35.
  85.  35.
  79.  35.
  66.  35.
  68.  35.
  70.  35.
  63.  35.
  70.  35.
  80.  35.
  92.  35.
  74.  35.
  89.  35.
  71.  35.
  65.  35.
  67.  35.
  84.  35.
  64.  35.
  73.  35.
  72.  35.
  80.  35.
  77.  35.
  66.  35.
  75.  35.
  72.  35.
  77.  35.
  79.  35.
  71.  35.
  98.  35.
  83.  35.
  82.  35.
  69.  35.
  83.  35.
  82.  35.
  76.  35.
  65.  35.
  61.  35.
  87.  35.
  70.  35.
  78.  35.
  83.  35.
  67.  35.
  59.  35.
  69.  35.
  68.  35.
  82.  35.
  75.  35.
  63.  35.
  99.  35.
  69.  35.
  86.  35.
  88.  35.
  65.  35.
  68.  35.
  67.  35.
  67.  35.
  70.  35.
  76.  35.
  61.  35.
  70.  35.
  68.  35.
  83.  35.
  63.  35.
  71.  35.
  68.  35.
  79.  35.
  70.  35.
  68.  35.
  58.  35.
  85.  35.
  69.  35.
  65.  35.
  73.  40.
  82.  40.
  81.  40.
  61.  40.
  62.  40.
  67.  40.
  70.  40.
  67.  40.
  65.  40.
  84.  40.
  81.  40.
  67.  40.
  78.  40.
  70.  40.
  71.  40.
  77.  40.
  92.  40.
  76.  40.
  85.  40.
  77.  40.
  78.  40.
  69.  40.
  64.  40.
  63.  40.
  77.  40.
  78.  40.
  73.  40.
  83.  40.
  68.  40.
  70.  40.
  75.  40.
  71.  40.
  71.  40.
  65.  40.
  73.  40.
  71.  40.
  92.  40.
  67.  40.
  69.  40.
  75.  40.
  74.  40.
  83.  40.
  68.  40.
  94.  40.
  74.  40.
  69.  40.
  95.  40.
  68.  40.
  83.  40.
  65.  40.
  87.  40.
  66.  40.
  84.  40.
  78.  40.
  67.  40.
  84.  40.
  69.  40.
  80.  40.
  65.  40.
  75.  40.
  76.  40.
  69.  40.
  68.  40.
  72.  40.
  67.  40.
  66.  40.
  89.  40.
  78.  40.
  59.  40.
  71.  40.
  69.  40.
  68.  40.
  72.  40.
  62.  40.
  58.  40.
  67.  40.
  77.  40.
  69.  40.
  67.  40.
  91.  40.
  82.  40.
  73.  40.
  63.  40.
  66.  40.
  73.  40.
  92.  40.
  67.  40.
  69.  40.
  80.  40.
  67.  40.
  73.  40.
  67.  40.
  78.  40.
  66.  40.
  81.  40.
  82.  40.
  65.  40.
  78.  40.
  80.  40.
  73.  40.
  72.  45.
  75.  45.
  99.  45.
  71.  45.
  60.  45.
  58.  45.
  69.  45.
  69.  45.
  68.  45.
  72.  45.
  77.  45.
  70.  45.
  81.  45.
  60.  45.
  76.  45.
  63.  45.
  60.  45.
  72.  45.
  68.  45.
  76.  45.
  70.  45.
  66.  45.
  69.  45.
  68.  45.
  74.  45.
  71.  45.
  64.  45.
  83.  45.
  90.  45.
  79.  45.
  83.  45.
  77.  45.
  72.  45.
  86.  45.
  62.  45.
  76.  45.
  60.  45.
  72.  45.
  66.  45.
  75.  45.
  73.  45.
  64.  45.
  89.  45.
  80.  45.
  67.  45.
  74.  45.
  73.  45.
  75.  45.
  66.  45.
  73.  45.
  78.  45.
  76.  45.
  86.  45.
  62.  45.
  64.  45.
  73.  45.
  87.  45.
  75.  45.
  80.  45.
  72.  45.
  67.  45.
  60.  45.
  67.  45.
  67.  45.
  81.  45.
  76.  45.
  76.  45.
  71.  45.
  75.  45.
  70.  45.
  71.  45.
  71.  45.
  66.  45.
  67.  45.
  85.  45.
  73.  45.
  69.  45.
  60.  45.
  71.  45.
  76.  45.
  66.  45.
  73.  45.
  70.  45.
  83.  45.
  72.  45.
  62.  45.
  73.  45.
  65.  45.
  69.  45.
  72.  45.
  78.  45.
  74.  45.
  79.  45.
  83.  45.
  80.  45.
  76.  45.
  72.  45.
  65.  45.
  67.  50.
  72.  50.
  61.  50.
  61.  50.
  63.  50.
  73.  50.
  82.  50.
  80.  50.
  63.  50.
  73.  50.
  58.  50.
  66.  50.
  65.  50.
  69.  50.
  78.  50.
  77.  50.
  70.  50.
  65.  50.
  66.  50.
  72.  50.
  71.  50.
  76.  50.
  60.  50.
  68.  50.
  68.  50.
  64.  50.
  72.  50.
  68.  50.
  67.  50.
  77.  50.
  65.  50.
  66.  50.
  68.  50.
  94.  50.
  74.  50.
  61.  50.
  69.  50.
  73.  50.
  63.  50.
  76.  50.
  65.  50.
  69.  50.
  77.  50.
  64.  50.
  74.  50.
  69.  50.
  66.  50.
  79.  50.
  75.  50.
  68.  50.
  70.  50.
  64.  50.
  69.  50.
  67.  50.
  68.  50.
  80.  50.
  73.  50.
  83.  50.
  67.  50.
  92.  50.
  80.  50.
  65.  50.
  81.  50.
  71.  50.
  68.  50.
  95.  50.
  73.  50.
  75.  50.
  73.  50.
  77.  50.
  73.  50.
  80.  50.
  70.  50.
  80.  50.
  67.  50.
  75.  50.
  62.  50.
  70.  50.
  71.  50.
  70.  50.
  69.  50.
  68.  50.
  78.  50.
  70.  50.
  78.  50.
  74.  50.
  69.  50.
  60.  50.
  73.  50.
  65.  50.
  76.  50.
  74.  50.
  67.  50.
  97.  50.
  74.  50.
  69.  50.
  73.  50.
  70.  50.
  73.  50.
  63.  50.
  81.  55.
  76.  55.
  66.  55.
  80.  55.
  76.  55.
  71.  55.
  76.  55.
  66.  55.
  67.  55.
  65.  55.
  65.  55.
  67.  55.
  63.  55.
  65.  55.
  76.  55.
  70.  55.
  66.  55.
  76.  55.
  65.  55.
  80.  55.
  76.  55.
  69.  55.
  77.  55.
  65.  55.
  67.  55.
  78.  55.
  74.  55.
  66.  55.
  77.  55.
  61.  55.
  62.  55.
  84.  55.
  64.  55.
  79.  55.
  61.  55.
  67.  55.
  67.  55.
  67.  55.
  68.  55.
  82.  55.
  58.  55.
  80.  55.
  67.  55.
  75.  55.
  63.  55.
  68.  55.
  74.  55.
  68.  55.
  65.  55.
  63.  55.
  70.  55.
  76.  55.
  70.  55.
  69.  55.
  72.  55.
  78.  55.
  77.  55.
  59.  55.
  76.  55.
  70.  55.
  74.  55.
  76.  55.
  65.  55.
  70.  55.
  61.  55.
  70.  55.
  67.  55.
  70.  55.
  56.  55.
  77.  55.
  70.  55.
  78.  55.
  64.  55.
  71.  55.
  65.  55.
  58.  55.
  87.  55.
  77.  55.
  72.  55.
  78.  55.
  66.  55.
  65.  55.
  63.  55.
  62.  55.
  72.  55.
  66.  55.
  72.  55.
  78.  55.
  66.  55.
  73.  55.
  89.  55.
  70.  55.
  71.  55.
  72.  55.
  78.  55.
  62.  55.
  76.  55.
  74.  55.
  68.  55.
  66.  55.
  71.  60.
  74.  60.
  63.  60.
  73.  60.
  73.  60.
  63.  60.
  75.  60.
  73.  60.
  71.  60.
  86.  60.
  70.  60.
  74.  60.
  77.  60.
  79.  60.
  73.  60.
  88.  60.
  67.  60.
  75.  60.
  73.  60.
  90.  60.
  66.  60.
  66.  60.
  72.  60.
  86.  60.
  64.  60.
  73.  60.
  78.  60.
  69.  60.
  71.  60.
  79.  60.
  82.  60.
  67.  60.
  74.  60.
  69.  60.
  69.  60.
  61.  60.
  67.  60.
  73.  60.
  62.  60.
  74.  60.
  68.  60.
  73.  60.
  74.  60.
  65.  60.
  67.  60.
  83.  60.
  71.  60.
  63.  60.
  65.  60.
  64.  60.
  66.  60.
  80.  60.
  73.  60.
  74.  60.
  75.  60.
  58.  60.
  72.  60.
  65.  60.
  73.  60.
  77.  60.
  60.  60.
  66.  60.
  75.  60.
  72.  60.
  65.  60.
  69.  60.
  60.  60.
  70.  60.
  71.  60.
  73.  60.
  70.  60.
  74.  60.
  64.  60.
  74.  60.
  74.  60.
  65.  60.
  70.  60.
  72.  60.
  93.  60.
  74.  60.
  73.  60.
  68.  60.
  75.  60.
  72.  60.
  74.  60.
  68.  60.
  67.  60.
  67.  60.
  70.  60.
  74.  60.
  67.  60.
  66.  60.
  74.  60.
  74.  60.
  75.  60.
  82.  60.
  66.  60.
  76.  60.
  65.  60.
  70.  60.
  73.  65.
  66.  65.
  70.  65.
  71.  65.
  81.  65.
  84.  65.
  69.  65.
  73.  65.
  68.  65.
  66.  65.
  73.  65.
  75.  65.
  67.  65.
  70.  65.
  76.  65.
  69.  65.
  61.  65.
  64.  65.
  67.  65.
  68.  65.
  65.  65.
  71.  65.
  74.  65.
  83.  65.
  68.  65.
  66.  65.
  66.  65.
  73.  65.
  60.  65.
  82.  65.
  71.  65.
  78.  65.
  63.  65.
  80.  65.
  68.  65.
  64.  65.
  73.  65.
  69.  65.
  60.  65.
  73.  65.
  73.  65.
  66.  65.
  64.  65.
  59.  65.
  62.  65.
  77.  65.
  90.  65.
  65.  65.
  74.  65.
  74.  65.
  67.  65.
  66.  65.
  70.  65.
  64.  65.
  73.  65.
  78.  65.
  81.  65.
  63.  65.
  69.  65.
  77.  65.
  67.  65.
  75.  65.
  79.  65.
  75.  65.
  68.  65.
  73.  65.
  76.  65.
  61.  65.
  60.  65.
  63.  65.
  71.  65.
  67.  65.
  65.  65.
  56.  65.
  61.  65.
  71.  65.
  71.  65.
  74.  65.
  63.  65.
  70.  65.
  78.  65.
  67.  65.
  73.  65.
  65.  65.
  69.  65.
  63.  65.
  68.  65.
  73.  65.
  87.  65.
  71.  65.
  65.  65.
  71.  65.
  66.  65.
  73.  65.
  72.  65.
  77.  65.
  61.  65.
  63.  65.
  70.  65.
  70.  65.
  65.  70.
  73.  70.
  80.  70.
  65.  70.
  72.  70.
  71.  70.
  69.  70.
  64.  70.
  61.  70.
  72.  70.
  84.  70.
  80.  70.
  73.  70.
  67.  70.
  70.  70.
  61.  70.
  65.  70.
  67.  70.
  64.  70.
  67.  70.
  72.  70.
  67.  70.
  73.  70.
  77.  70.
  74.  70.
  73.  70.
  79.  70.
  89.  70.
  72.  70.
  76.  70.
  72.  70.
  69.  70.
  63.  70.
  64.  70.
  79.  70.
  67.  70.
  62.  70.
  74.  70.
  70.  70.
  69.  70.
  62.  70.
  67.  70.
  60.  70.
  83.  70.
  73.  70.
  69.  70.
  73.  70.
  67.  70.
  74.  70.
  72.  70.
  65.  70.
  70.  70.
  72.  70.
  81.  70.
  71.  70.
  78.  70.
  67.  70.
  68.  70.
  76.  70.
  69.  70.
  74.  70.
  65.  70.
  69.  70.
  67.  70.
  71.  70.
  79.  70.
  73.  70.
  70.  70.
  71.  70.
  87.  70.
  69.  70.
  59.  70.
  75.  70.
  69.  70.
  76.  70.
  79.  70.
  85.  70.
  68.  70.
  73.  70.
  74.  70.
  79.  70.
  70.  70.
  67.  70.
  66.  70.
  52.  70.
  75.  70.
  59.  70.
  65.  70.
  63.  70.
  75.  70.
  69.  70.
  70.  70.
  59.  70.
  71.  70.
  74.  70.
  68.  70.
  59.  70.
  80.  70.
  71.  70.
  70.  70.
  68.  75.
  61.  75.
  70.  75.
  83.  75.
  67.  75.
  64.  75.
  73.  75.
  65.  75.
  86.  75.
  71.  75.
  67.  75.
  71.  75.
  64.  75.
  75.  75.
  69.  75.
  66.  75.
  75.  75.
  73.  75.
  70.  75.
  57.  75.
  70.  75.
  63.  75.
  75.  75.
  66.  75.
  72.  75.
  67.  75.
  63.  75.
  65.  75.
  68.  75.
  70.  75.
  65.  75.
  73.  75.
  68.  75.
  63.  75.
  81.  75.
  63.  75.
  66.  75.
  70.  75.
  80.  75.
  68.  75.
  64.  75.
  69.  75.
  69.  75.
  78.  75.
  68.  75.
  70.  75.
  73.  75.
  63.  75.
  63.  75.
  65.  75.
  73.  75.
  64.  75.
  65.  75.
  69.  75.
  68.  75.
  74.  75.
  69.  75.
  62.  75.
  66.  75.
  79.  75.
  79.  75.
  73.  75.
  74.  75.
  70.  75.
  69.  75.
  67.  75.
  65.  75.
  69.  75.
  77.  75.
  72.  75.
  76.  75.
  69.  75.
  75.  75.
  72.  75.
  73.  75.
  69.  75.
  68.  75.
  69.  75.
  65.  75.
  71.  75.
  73.  75.
  65.  75.
  68.  75.
  79.  75.
  69.  75.
  71.  75.
  72.  75.
  70.  75.
  62.  75.
  68.  75.
  67.  75.
  69.  75.
  73.  75.
  63.  75.
  70.  75.
  75.  75.
  76.  75.
  65.  75.
  66.  75.
  62.  75.
  63.  80.
  78.  80.
  76.  80.
  73.  80.
  69.  80.
  69.  80.
  75.  80.
  68.  80.
  88.  80.
  66.  80.
  71.  80.
  67.  80.
  63.  80.
  61.  80.
  81.  80.
  75.  80.
  66.  80.
  65.  80.
  66.  80.
  76.  80.
  74.  80.
  68.  80.
  69.  80.
  76.  80.
  71.  80.
  59.  80.
  68.  80.
  77.  80.
  76.  80.
  65.  80.
  70.  80.
  66.  80.
  69.  80.
  67.  80.
  74.  80.
  61.  80.
  71.  80.
  74.  80.
  65.  80.
  73.  80.
  57.  80.
  64.  80.
  62.  80.
  69.  80.
  64.  80.
  77.  80.
  74.  80.
  66.  80.
  72.  80.
  75.  80.
  74.  80.
  67.  80.
  68.  80.
  78.  80.
  72.  80.
  64.  80.
  74.  80.
  61.  80.
  80.  80.
  73.  80.
  75.  80.
  63.  80.
  61.  80.
  81.  80.
  71.  80.
  72.  80.
  68.  80.
  86.  80.
  65.  80.
  72.  80.
  67.  80.
  67.  80.
  71.  80.
  67.  80.
  63.  80.
  71.  80.
  61.  80.
  70.  80.
  73.  80.
  65.  80.
  70.  80.
  74.  80.
  75.  80.
  74.  80.
  76.  80.
  71.  80.
  72.  80.
  67.  80.
  73.  80.
  72.  80.
  69.  80.
  70.  80.
  69.  80.
  62.  80.
  72.  80.
  69.  80.
  69.  80.
  66.  80.
  77.  80.
  77.  80.
  69.  85.
  75.  85.
  64.  85.
  70.  85.
  67.  85.
  58.  85.
  58.  85.
  75.  85.
  66.  85.
  69.  85.
  63.  85.
  73.  85.
  65.  85.
  77.  85.
  69.  85.
  69.  85.
  76.  85.
  63.  85.
  72.  85.
  67.  85.
  68.  85.
  80.  85.
  72.  85.
  67.  85.
  73.  85.
  70.  85.
  68.  85.
  70.  85.
  74.  85.
  76.  85.
  67.  85.
  72.  85.
  71.  85.
  71.  85.
  72.  85.
  66.  85.
  80.  85.
  66.  85.
  73.  85.
  69.  85.
  67.  85.
  71.  85.
  79.  85.
  59.  85.
  69.  85.
  71.  85.
  66.  85.
  61.  85.
  62.  85.
  67.  85.
  70.  85.
  64.  85.
  65.  85.
  67.  85.
  70.  85.
  70.  85.
  75.  85.
  70.  85.
  58.  85.
  79.  85.
  78.  85.
  84.  85.
  74.  85.
  85.  85.
  66.  85.
  69.  85.
  71.  85.
  71.  85.
  69.  85.
  69.  85.
  71.  85.
  64.  85.
  71.  85.
  68.  85.
  68.  85.
  66.  85.
  66.  85.
  65.  85.
  72.  85.
  73.  85.
  70.  85.
  67.  85.
  70.  85.
  68.  85.
  72.  85.
  71.  85.
  75.  85.
  68.  85.
  65.  85.
  72.  85.
  78.  85.
  67.  85.
  71.  85.
  63.  85.
  69.  85.
  71.  85.
  62.  85.
  63.  85.
  59.  85.
  76.  85.
  72.  90.
  74.  90.
  66.  90.
  62.  90.
  71.  90.
  64.  90.
  72.  90.
  73.  90.
  63.  90.
  71.  90.
  69.  90.
  73.  90.
  72.  90.
  69.  90.
  67.  90.
  80.  90.
  65.  90.
  68.  90.
  74.  90.
  61.  90.
  77.  90.
  71.  90.
  72.  90.
  74.  90.
  67.  90.
  80.  90.
  64.  90.
  80.  90.
  69.  90.
  74.  90.
  75.  90.
  67.  90.
  63.  90.
  62.  90.
  70.  90.
  63.  90.
  73.  90.
  69.  90.
  73.  90.
  65.  90.
  72.  90.
  65.  90.
  63.  90.
  61.  90.
  65.  90.
  67.  90.
  64.  90.
  64.  90.
  74.  90.
  78.  90.
  83.  90.
  77.  90.
  67.  90.
  76.  90.
  71.  90.
  67.  90.
  69.  90.
  59.  90.
  78.  90.
  69.  90.
  69.  90.
  67.  90.
  63.  90.
  66.  90.
  74.  90.
  71.  90.
  76.  90.
  65.  90.
  64.  90.
  61.  90.
  68.  90.
  70.  90.
  70.  90.
  65.  90.
  78.  90.
  73.  90.
  69.  90.
  66.  90.
  61.  90.
  61.  90.
  63.  90.
  63.  90.
  68.  90.
  70.  90.
  73.  90.
  79.  90.
  65.  90.
  66.  90.
  73.  90.
  75.  90.
  70.  90.
  75.  90.
  69.  90.
  68.  90.
  66.  90.
  68.  90.
  66.  90.
  71.  90.
  68.  90.
  65.  90.
  75.  95.
  73.  95.
  80.  95.
  66.  95.
  67.  95.
  77.  95.
  68.  95.
  76.  95.
  72.  95.
  65.  95.
  68.  95.
  72.  95.
  72.  95.
  66.  95.
  74.  95.
  67.  95.
  66.  95.
  62.  95.
  72.  95.
  69.  95.
  73.  95.
  68.  95.
  65.  95.
  67.  95.
  77.  95.
  65.  95.
  80.  95.
  73.  95.
  70.  95.
  69.  95.
  68.  95.
  68.  95.
  65.  95.
  73.  95.
  77.  95.
  71.  95.
  69.  95.
  75.  95.
  64.  95.
  68.  95.
  66.  95.
  68.  95.
  72.  95.
  68.  95.
  68.  95.
  66.  95.
  71.  95.
  67.  95.
  61.  95.
  77.  95.
  71.  95.
  68.  95.
  70.  95.
  73.  95.
  81.  95.
  59.  95.
  76.  95.
  73.  95.
  68.  95.
  70.  95.
  69.  95.
  68.  95.
  71.  95.
  67.  95.
  69.  95.
  62.  95.
  63.  95.
  74.  95.
  76.  95.
  69.  95.
  68.  95.
  73.  95.
  69.  95.
  69.  95.
  69.  95.
  69.  95.
  68.  95.
  67.  95.
  69.  95.
  71.  95.
  70.  95.
  71.  95.
  66.  95.
  72.  95.
  69.  95.
  68.  95.
  74.  95.
  75.  95.
  66.  95.
  69.  95.
  69.  95.
  68.  95.
  74.  95.
  67.  95.
  65.  95.
  67.  95.
  67.  95.
  72.  95.
  73.  95.
  68.  95.
  60.  100.
  66.  100.
  65.  100.
  68.  100.
  70.  100.
  68.  100.
  61.  100.
  70.  100.
  68.  100.
  68.  100.
  70.  100.
  74.  100.
  69.  100.
  64.  100.
  65.  100.
  71.  100.
  60.  100.
  76.  100.
  73.  100.
  76.  100.
  67.  100.
  56.  100.
  67.  100.
  72.  100.
  61.  100.
  81.  100.
  73.  100.
  71.  100.
  75.  100.
  77.  100.
  62.  100.
  68.  100.
  74.  100.
  66.  100.
  73.  100.
  70.  100.
  72.  100.
  66.  100.
  75.  100.
  70.  100.
  66.  100.
  65.  100.
  69.  100.
  68.  100.
  69.  100.
  70.  100.
  73.  100.
  63.  100.
  72.  100.
  75.  100.
  58.  100.
  69.  100.
  77.  100.
  67.  100.
  72.  100.
  65.  100.
  74.  100.
  61.  100.
  60.  100.
  75.  100.
  70.  100.
  76.  100.
  64.  100.
  70.  100.
  66.  100.
  70.  100.
  70.  100.
  61.  100.
  69.  100.
  68.  100.
  65.  100.
  65.  100.
  66.  100.
  68.  100.
  71.  100.
  61.  100.
  75.  100.
  76.  100.
  75.  100.
  70.  100.
  67.  100.
  77.  100.
  64.  100.
  67.  100.
  68.  100.
  74.  100.
  72.  100.
  71.  100.
  62.  100.
  70.  100.
  72.  100.
  64.  100.
  72.  100.
  63.  100.
  73.  100.
  70.  100.
  68.  100.
  81.  100.
  71.  100.
  78.  100.
  61.  105.
  76.  105.
  62.  105.
  64.  105.
  63.  105.
  78.  105.
  69.  105.
  65.  105.
  67.  105.
  71.  105.
  69.  105.
  62.  105.
  71.  105.
  69.  105.
  70.  105.
