 -1.  0.699999988
  24.  0.699999988
 -1.  0.699999988
 -1.  0.699999988
  26.  0.699999988
  42.  0.699999988
  10.  0.699999988
 -1.  0.699999988
 -1.  0.699999988
 -1.  0.699999988
  25.  0.699999988
  49.  0.699999988
 -1.  0.699999988
 -1.  0.699999988
  28.  0.699999988
 -1.  0.699999988
 -1.  0.699999988
 -1.  0.699999988
 -1.  0.699999988
 -1.  0.699999988
 -1.  0.699999988
 -1.  0.699999988
  30.  0.699999988
  34.  0.699999988
 -1.  0.699999988
  33.  0.699999988
  39.  0.699999988
 -1.  0.699999988
  25.  0.699999988
 -1.  0.699999988
 -1.  0.699999988
  48.  0.699999988
 -1.  0.699999988
 -1.  0.699999988
 -1.  0.699999988
 -1.  0.699999988
  29.  0.699999988
 -1.  0.699999988
 -1.  0.699999988
 -1.  0.699999988
  34.  0.699999988
  21.  0.699999988
 -1.  0.699999988
 -1.  0.699999988
  32.  0.699999988
 -1.  0.699999988
  26.  0.699999988
  33.  0.699999988
  33.  0.699999988
  20.  0.699999988
 -1.  0.699999988
 -1.  0.699999988
  29.  0.699999988
 -1.  0.699999988
  20.  0.699999988
 -1.  0.699999988
  27.  0.699999988
 -1.  0.699999988
 -1.  0.699999988
 -1.  0.699999988
 -1.  0.699999988
 -1.  0.699999988
 -1.  0.699999988
 -1.  0.699999988
  23.  0.699999988
 -1.  0.699999988
  30.  0.699999988
  24.  0.699999988
 -1.  0.699999988
 -1.  0.699999988
  28.  0.699999988
  36.  0.699999988
 -1.  0.699999988
 -1.  0.699999988
 -1.  0.699999988
 -1.  0.699999988
  39.  0.699999988
  4.  0.699999988
 -1.  0.699999988
 -1.  0.699999988
  37.  0.699999988
  18.  0.699999988
 -1.  0.699999988
  25.  0.699999988
  22.  0.699999988
  33.  0.699999988
  37.  0.699999988
