  18.  0.
  18.  0.
  8.  0.
  18.  0.
  20.  0.
  20.  0.
  18.  0.
  23.  0.
  20.  0.
  15.  0.
  13.  0.
  14.  0.
  19.  0.
  14.  0.
  20.  0.
  10.  0.
  17.  0.
  15.  0.
  22.  0.
  19.  0.
  15.  0.
  9.  0.
  15.  0.
  17.  0.
  12.  0.
  14.  0.
  17.  0.
  12.  0.
  15.  0.
  21.  0.
  18.  0.
  20.  0.
  12.  0.
  15.  0.
  20.  0.
  24.  0.
  17.  0.
  18.  0.
  14.  0.
  12.  0.
  15.  0.
  15.  0.
  23.  0.
  16.  0.
  19.  0.
  13.  0.
  20.  0.
  13.  0.
  13.  0.
  10.  0.
  13.  0.
  13.  0.
  11.  0.
  22.  0.
  20.  0.
  13.  0.
  12.  0.
  19.  0.
  17.  0.
  14.  0.
  11.  0.
  19.  0.
  16.  0.
  14.  0.
  14.  0.
  15.  0.
  21.  0.
  16.  0.
  13.  0.
  12.  0.
  16.  0.
  17.  0.
  23.  0.
  15.  0.
  14.  0.
  18.  0.
  19.  0.
  14.  0.
  17.  0.
  15.  0.
  24.  0.
  26.  0.
  10.  0.
  19.  0.
  20.  0.
  19.  0.
  19.  0.
  15.  0.
  14.  0.
  17.  0.
  23.  0.
  20.  0.
  11.  0.
  15.  0.
  16.  0.
  13.  0.
  11.  0.
  16.  0.
  17.  0.
