  22.  0.299999982
  24.  0.299999982
  18.  0.299999982
  22.  0.299999982
  18.  0.299999982
  13.  0.299999982
  18.  0.299999982
  15.  0.299999982
  22.  0.299999982
  21.  0.299999982
  12.  0.299999982
  19.  0.299999982
  14.  0.299999982
  26.  0.299999982
  14.  0.299999982
  20.  0.299999982
  17.  0.299999982
  28.  0.299999982
  19.  0.299999982
  21.  0.299999982
  16.  0.299999982
  14.  0.299999982
  16.  0.299999982
  20.  0.299999982
  16.  0.299999982
  23.  0.299999982
  25.  0.299999982
  14.  0.299999982
  20.  0.299999982
  20.  0.299999982
  30.  0.299999982
  21.  0.299999982
  6.  0.299999982
  23.  0.299999982
  25.  0.299999982
  14.  0.299999982
  22.  0.299999982
  19.  0.299999982
  11.  0.299999982
  10.  0.299999982
  27.  0.299999982
  23.  0.299999982
  24.  0.299999982
  13.  0.299999982
  18.  0.299999982
  25.  0.299999982
  23.  0.299999982
  19.  0.299999982
  18.  0.299999982
  18.  0.299999982
  9.  0.299999982
  20.  0.299999982
  11.  0.299999982
  15.  0.299999982
  19.  0.299999982
  23.  0.299999982
  17.  0.299999982
  20.  0.299999982
  11.  0.299999982
  16.  0.299999982
  26.  0.299999982
  15.  0.299999982
  23.  0.299999982
  24.  0.299999982
  11.  0.299999982
 -1.  0.299999982
  27.  0.299999982
  26.  0.299999982
  20.  0.299999982
  22.  0.299999982
  22.  0.299999982
  20.  0.299999982
  20.  0.299999982
  21.  0.299999982
  19.  0.299999982
  27.  0.299999982
  23.  0.299999982
  23.  0.299999982
  17.  0.299999982
  14.  0.299999982
  21.  0.299999982
  26.  0.299999982
  30.  0.299999982
  17.  0.299999982
  17.  0.299999982
  24.  0.299999982
  17.  0.299999982
 -1.  0.299999982
  17.  0.299999982
 -1.  0.299999982
  21.  0.299999982
  5.  0.299999982
  12.  0.299999982
  7.  0.299999982
  12.  0.299999982
  21.  0.299999982
 -1.  0.299999982
  21.  0.299999982
