  20.  0.170000002
  19.  0.170000002
  16.  0.170000002
  21.  0.170000002
  11.  0.170000002
  21.  0.170000002
  16.  0.170000002
  17.  0.170000002
  23.  0.170000002
  24.  0.170000002
  11.  0.170000002
  22.  0.170000002
  12.  0.170000002
  17.  0.170000002
  16.  0.170000002
  6.  0.170000002
  13.  0.170000002
  22.  0.170000002
  19.  0.170000002
  22.  0.170000002
  22.  0.170000002
  23.  0.170000002
  12.  0.170000002
  19.  0.170000002
  17.  0.170000002
  20.  0.170000002
  13.  0.170000002
  21.  0.170000002
  12.  0.170000002
  2.  0.170000002
  20.  0.170000002
  14.  0.170000002
  22.  0.170000002
  13.  0.170000002
  14.  0.170000002
  21.  0.170000002
  26.  0.170000002
  20.  0.170000002
  12.  0.170000002
  6.  0.170000002
  11.  0.170000002
  20.  0.170000002
  19.  0.170000002
  19.  0.170000002
  14.  0.170000002
  17.  0.170000002
  11.  0.170000002
  23.  0.170000002
  20.  0.170000002
  20.  0.170000002
  13.  0.170000002
  29.  0.170000002
  20.  0.170000002
  13.  0.170000002
  14.  0.170000002
  11.  0.170000002
  15.  0.170000002
  25.  0.170000002
  18.  0.170000002
  15.  0.170000002
  18.  0.170000002
  20.  0.170000002
  21.  0.170000002
  23.  0.170000002
  15.  0.170000002
  14.  0.170000002
  25.  0.170000002
  23.  0.170000002
  16.  0.170000002
  15.  0.170000002
  17.  0.170000002
  12.  0.170000002
  8.  0.170000002
  21.  0.170000002
  10.  0.170000002
  16.  0.170000002
  19.  0.170000002
  17.  0.170000002
  18.  0.170000002
  20.  0.170000002
  15.  0.170000002
  13.  0.170000002
  11.  0.170000002
  21.  0.170000002
  24.  0.170000002
  22.  0.170000002
  14.  0.170000002
  26.  0.170000002
  14.  0.170000002
  22.  0.170000002
  17.  0.170000002
  28.  0.170000002
  18.  0.170000002
  20.  0.170000002
  20.  0.170000002
  14.  0.170000002
  20.  0.170000002
  18.  0.170000002
  15.  0.170000002
