 -1.  0.75
 -1.  0.75
 -1.  0.75
 -1.  0.75
 -1.  0.75
 -1.  0.75
 -1.  0.75
  27.  0.75
 -1.  0.75
 -1.  0.75
 -1.  0.75
 -1.  0.75
 -1.  0.75
 -1.  0.75
 -1.  0.75
 -1.  0.75
 -1.  0.75
 -1.  0.75
 -1.  0.75
 -1.  0.75
 -1.  0.75
 -1.  0.75
 -1.  0.75
 -1.  0.75
  21.  0.75
  6.  0.75
 -1.  0.75
 -1.  0.75
 -1.  0.75
 -1.  0.75
 -1.  0.75
 -1.  0.75
  25.  0.75
 -1.  0.75
  35.  0.75
 -1.  0.75
 -1.  0.75
  19.  0.75
 -1.  0.75
  18.  0.75
 -1.  0.75
 -1.  0.75
 -1.  0.75
 -1.  0.75
 -1.  0.75
  21.  0.75
 -1.  0.75
 -1.  0.75
 -1.  0.75
 -1.  0.75
 -1.  0.75
 -1.  0.75
  41.  0.75
  36.  0.75
 -1.  0.75
 -1.  0.75
  23.  0.75
 -1.  0.75
 -1.  0.75
 -1.  0.75
  24.  0.75
  46.  0.75
 -1.  0.75
 -1.  0.75
 -1.  0.75
 -1.  0.75
  28.  0.75
 -1.  0.75
 -1.  0.75
  32.  0.75
 -1.  0.75
  34.  0.75
 -1.  0.75
 -1.  0.75
  29.  0.75
 -1.  0.75
 -1.  0.75
 -1.  0.75
 -1.  0.75
 -1.  0.75
 -1.  0.75
 -1.  0.75
 -1.  0.75
 -1.  0.75
 -1.  0.75
  42.  0.75
 -1.  0.75
 -1.  0.75
 -1.  0.75
 -1.  0.75
