  25.  0.149999991
  23.  0.149999991
  18.  0.149999991
  17.  0.149999991
  13.  0.149999991
  8.  0.149999991
  15.  0.149999991
  31.  0.149999991
  17.  0.149999991
  17.  0.149999991
  4.  0.149999991
  16.  0.149999991
  15.  0.149999991
  20.  0.149999991
  14.  0.149999991
  5.  0.149999991
  18.  0.149999991
  25.  0.149999991
  10.  0.149999991
  23.  0.149999991
  18.  0.149999991
  18.  0.149999991
  19.  0.149999991
  17.  0.149999991
  19.  0.149999991
  25.  0.149999991
  19.  0.149999991
  15.  0.149999991
  15.  0.149999991
  19.  0.149999991
  16.  0.149999991
  17.  0.149999991
  11.  0.149999991
  14.  0.149999991
  14.  0.149999991
  5.  0.149999991
  21.  0.149999991
  16.  0.149999991
  13.  0.149999991
  18.  0.149999991
  15.  0.149999991
  15.  0.149999991
  13.  0.149999991
  22.  0.149999991
  14.  0.149999991
  19.  0.149999991
  9.  0.149999991
  16.  0.149999991
  10.  0.149999991
  18.  0.149999991
  16.  0.149999991
  16.  0.149999991
  22.  0.149999991
  15.  0.149999991
  16.  0.149999991
  18.  0.149999991
  17.  0.149999991
  8.  0.149999991
  24.  0.149999991
  13.  0.149999991
  12.  0.149999991
  15.  0.149999991
  16.  0.149999991
  14.  0.149999991
  13.  0.149999991
  18.  0.149999991
  16.  0.149999991
  19.  0.149999991
  9.  0.149999991
  20.  0.149999991
  20.  0.149999991
  14.  0.149999991
  11.  0.149999991
  21.  0.149999991
  25.  0.149999991
  17.  0.149999991
  21.  0.149999991
  18.  0.149999991
  23.  0.149999991
  12.  0.149999991
  20.  0.149999991
  18.  0.149999991
  16.  0.149999991
  19.  0.149999991
  14.  0.149999991
  24.  0.149999991
  22.  0.149999991
  25.  0.149999991
  26.  0.149999991
  22.  0.149999991
  20.  0.149999991
  14.  0.149999991
  15.  0.149999991
  14.  0.149999991
  11.  0.149999991
  13.  0.149999991
  19.  0.149999991
  16.  0.149999991
  18.  0.149999991
  17.  0.149999991
