  33.  0.519999981
 -1.  0.519999981
  23.  0.519999981
  21.  0.519999981
  19.  0.519999981
  31.  0.519999981
  18.  0.519999981
 -1.  0.519999981
  24.  0.519999981
  22.  0.519999981
  26.  0.519999981
 -1.  0.519999981
 -1.  0.519999981
  17.  0.519999981
 -1.  0.519999981
  21.  0.519999981
  24.  0.519999981
  12.  0.519999981
  18.  0.519999981
 -1.  0.519999981
  18.  0.519999981
  24.  0.519999981
  23.  0.519999981
  24.  0.519999981
  20.  0.519999981
  19.  0.519999981
  24.  0.519999981
 -1.  0.519999981
  33.  0.519999981
 -1.  0.519999981
  15.  0.519999981
  29.  0.519999981
  20.  0.519999981
  20.  0.519999981
  17.  0.519999981
 -1.  0.519999981
  21.  0.519999981
 -1.  0.519999981
 -1.  0.519999981
 -1.  0.519999981
  22.  0.519999981
  28.  0.519999981
 -1.  0.519999981
  21.  0.519999981
 -1.  0.519999981
  31.  0.519999981
  34.  0.519999981
  34.  0.519999981
 -1.  0.519999981
  18.  0.519999981
  28.  0.519999981
  28.  0.519999981
  20.  0.519999981
 -1.  0.519999981
  29.  0.519999981
  12.  0.519999981
  38.  0.519999981
  18.  0.519999981
 -1.  0.519999981
 -1.  0.519999981
  22.  0.519999981
 -1.  0.519999981
  39.  0.519999981
  32.  0.519999981
  27.  0.519999981
  25.  0.519999981
 -1.  0.519999981
  13.  0.519999981
  18.  0.519999981
 -1.  0.519999981
 -1.  0.519999981
  17.  0.519999981
  23.  0.519999981
  24.  0.519999981
 -1.  0.519999981
 -1.  0.519999981
  12.  0.519999981
  18.  0.519999981
  25.  0.519999981
  24.  0.519999981
  13.  0.519999981
 -1.  0.519999981
 -1.  0.519999981
  16.  0.519999981
  3.  0.519999981
  26.  0.519999981
 -1.  0.519999981
  26.  0.519999981
