  27.  0.319999993
  20.  0.319999993
  21.  0.319999993
  25.  0.319999993
  25.  0.319999993
  19.  0.319999993
  20.  0.319999993
  13.  0.319999993
  14.  0.319999993
  16.  0.319999993
  21.  0.319999993
  21.  0.319999993
  23.  0.319999993
  27.  0.319999993
  15.  0.319999993
  24.  0.319999993
  20.  0.319999993
  14.  0.319999993
 -1.  0.319999993
  9.  0.319999993
  20.  0.319999993
 -1.  0.319999993
  16.  0.319999993
  8.  0.319999993
  22.  0.319999993
  22.  0.319999993
  20.  0.319999993
  16.  0.319999993
  28.  0.319999993
  13.  0.319999993
  14.  0.319999993
  26.  0.319999993
  11.  0.319999993
  22.  0.319999993
  19.  0.319999993
  29.  0.319999993
  25.  0.319999993
  14.  0.319999993
  25.  0.319999993
  27.  0.319999993
  25.  0.319999993
  21.  0.319999993
  23.  0.319999993
  22.  0.319999993
  20.  0.319999993
  22.  0.319999993
  33.  0.319999993
  20.  0.319999993
  29.  0.319999993
  18.  0.319999993
  18.  0.319999993
  5.  0.319999993
  18.  0.319999993
  25.  0.319999993
  18.  0.319999993
  17.  0.319999993
  32.  0.319999993
  22.  0.319999993
  16.  0.319999993
  21.  0.319999993
  22.  0.319999993
  25.  0.319999993
  19.  0.319999993
  15.  0.319999993
  18.  0.319999993
  12.  0.319999993
  21.  0.319999993
  19.  0.319999993
  6.  0.319999993
  12.  0.319999993
  21.  0.319999993
  22.  0.319999993
 -1.  0.319999993
  21.  0.319999993
  19.  0.319999993
  9.  0.319999993
  19.  0.319999993
  18.  0.319999993
  6.  0.319999993
  15.  0.319999993
  24.  0.319999993
  20.  0.319999993
  12.  0.319999993
  16.  0.319999993
  11.  0.319999993
  15.  0.319999993
  20.  0.319999993
  19.  0.319999993
  22.  0.319999993
  17.  0.319999993
  19.  0.319999993
  21.  0.319999993
  21.  0.319999993
  12.  0.319999993
  23.  0.319999993
  18.  0.319999993
