  8.  0.370000005
  19.  0.370000005
  15.  0.370000005
 -1.  0.370000005
  17.  0.370000005
  20.  0.370000005
  25.  0.370000005
  13.  0.370000005
  19.  0.370000005
  19.  0.370000005
  27.  0.370000005
 -1.  0.370000005
 -1.  0.370000005
  22.  0.370000005
  26.  0.370000005
  19.  0.370000005
  20.  0.370000005
  23.  0.370000005
  18.  0.370000005
  26.  0.370000005
  15.  0.370000005
  22.  0.370000005
  23.  0.370000005
 -1.  0.370000005
  27.  0.370000005
  22.  0.370000005
  15.  0.370000005
  22.  0.370000005
  29.  0.370000005
  29.  0.370000005
  18.  0.370000005
 -1.  0.370000005
  25.  0.370000005
  21.  0.370000005
  26.  0.370000005
  22.  0.370000005
  16.  0.370000005
  21.  0.370000005
  28.  0.370000005
  14.  0.370000005
  17.  0.370000005
  17.  0.370000005
  21.  0.370000005
  18.  0.370000005
  17.  0.370000005
  17.  0.370000005
  17.  0.370000005
  22.  0.370000005
  15.  0.370000005
  13.  0.370000005
 -1.  0.370000005
  27.  0.370000005
  19.  0.370000005
  15.  0.370000005
  13.  0.370000005
  24.  0.370000005
  13.  0.370000005
  16.  0.370000005
  22.  0.370000005
  20.  0.370000005
  19.  0.370000005
  18.  0.370000005
  20.  0.370000005
  23.  0.370000005
  16.  0.370000005
  14.  0.370000005
 -1.  0.370000005
  27.  0.370000005
  16.  0.370000005
  11.  0.370000005
  15.  0.370000005
  21.  0.370000005
  15.  0.370000005
 -1.  0.370000005
  22.  0.370000005
  26.  0.370000005
  25.  0.370000005
 -1.  0.370000005
  26.  0.370000005
  31.  0.370000005
  27.  0.370000005
  24.  0.370000005
  18.  0.370000005
  25.  0.370000005
  23.  0.370000005
  21.  0.370000005
  14.  0.370000005
  21.  0.370000005
  30.  0.370000005
  18.  0.370000005
  21.  0.370000005
  19.  0.370000005
  19.  0.370000005
  23.  0.370000005
  17.  0.370000005
