 -1.  0.819999993
 -1.  0.819999993
 -1.  0.819999993
 -1.  0.819999993
 -1.  0.819999993
 -1.  0.819999993
 -1.  0.819999993
 -1.  0.819999993
 -1.  0.819999993
 -1.  0.819999993
 -1.  0.819999993
 -1.  0.819999993
 -1.  0.819999993
 -1.  0.819999993
 -1.  0.819999993
 -1.  0.819999993
 -1.  0.819999993
 -1.  0.819999993
 -1.  0.819999993
 -1.  0.819999993
 -1.  0.819999993
 -1.  0.819999993
  51.  0.819999993
 -1.  0.819999993
 -1.  0.819999993
 -1.  0.819999993
 -1.  0.819999993
 -1.  0.819999993
 -1.  0.819999993
 -1.  0.819999993
 -1.  0.819999993
 -1.  0.819999993
 -1.  0.819999993
 -1.  0.819999993
 -1.  0.819999993
  43.  0.819999993
 -1.  0.819999993
 -1.  0.819999993
  37.  0.819999993
 -1.  0.819999993
  25.  0.819999993
 -1.  0.819999993
 -1.  0.819999993
 -1.  0.819999993
 -1.  0.819999993
 -1.  0.819999993
 -1.  0.819999993
 -1.  0.819999993
 -1.  0.819999993
 -1.  0.819999993
  48.  0.819999993
 -1.  0.819999993
 -1.  0.819999993
 -1.  0.819999993
 -1.  0.819999993
 -1.  0.819999993
 -1.  0.819999993
 -1.  0.819999993
 -1.  0.819999993
 -1.  0.819999993
 -1.  0.819999993
  21.  0.819999993
 -1.  0.819999993
 -1.  0.819999993
 -1.  0.819999993
 -1.  0.819999993
  49.  0.819999993
 -1.  0.819999993
  48.  0.819999993
 -1.  0.819999993
 -1.  0.819999993
 -1.  0.819999993
 -1.  0.819999993
 -1.  0.819999993
 -1.  0.819999993
  28.  0.819999993
 -1.  0.819999993
 -1.  0.819999993
 -1.  0.819999993
 -1.  0.819999993
 -1.  0.819999993
 -1.  0.819999993
 -1.  0.819999993
  48.  0.819999993
 -1.  0.819999993
 -1.  0.819999993
 -1.  0.819999993
 -1.  0.819999993
 -1.  0.819999993
