  12.  0.419999987
 -1.  0.419999987
  25.  0.419999987
  20.  0.419999987
  21.  0.419999987
  23.  0.419999987
  23.  0.419999987
  24.  0.419999987
  24.  0.419999987
  27.  0.419999987
  25.  0.419999987
  26.  0.419999987
  19.  0.419999987
  25.  0.419999987
  19.  0.419999987
  16.  0.419999987
  17.  0.419999987
  22.  0.419999987
 -1.  0.419999987
  21.  0.419999987
  12.  0.419999987
  15.  0.419999987
  32.  0.419999987
  25.  0.419999987
 -1.  0.419999987
 -1.  0.419999987
  26.  0.419999987
  27.  0.419999987
 -1.  0.419999987
  10.  0.419999987
  15.  0.419999987
 -1.  0.419999987
  15.  0.419999987
  20.  0.419999987
  22.  0.419999987
  22.  0.419999987
  24.  0.419999987
  25.  0.419999987
  20.  0.419999987
  13.  0.419999987
 -1.  0.419999987
 -1.  0.419999987
  25.  0.419999987
  19.  0.419999987
 -1.  0.419999987
  16.  0.419999987
  12.  0.419999987
  15.  0.419999987
  15.  0.419999987
  28.  0.419999987
  15.  0.419999987
 -1.  0.419999987
  19.  0.419999987
 -1.  0.419999987
  20.  0.419999987
  22.  0.419999987
  27.  0.419999987
  17.  0.419999987
  18.  0.419999987
  24.  0.419999987
  26.  0.419999987
  5.  0.419999987
  22.  0.419999987
  19.  0.419999987
 -1.  0.419999987
  16.  0.419999987
  24.  0.419999987
 -1.  0.419999987
  28.  0.419999987
  18.  0.419999987
  14.  0.419999987
  26.  0.419999987
  20.  0.419999987
  10.  0.419999987
  22.  0.419999987
 -1.  0.419999987
  19.  0.419999987
  21.  0.419999987
  17.  0.419999987
  10.  0.419999987
  26.  0.419999987
  17.  0.419999987
  29.  0.419999987
 -1.  0.419999987
  13.  0.419999987
  16.  0.419999987
  14.  0.419999987
  25.  0.419999987
 -1.  0.419999987
  33.  0.419999987
  24.  0.419999987
  17.  0.419999987
  23.  0.419999987
  15.  0.419999987
