 -1.  0.769999981
 -1.  0.769999981
 -1.  0.769999981
 -1.  0.769999981
 -1.  0.769999981
 -1.  0.769999981
 -1.  0.769999981
 -1.  0.769999981
 -1.  0.769999981
 -1.  0.769999981
  8.  0.769999981
 -1.  0.769999981
 -1.  0.769999981
 -1.  0.769999981
  29.  0.769999981
 -1.  0.769999981
 -1.  0.769999981
 -1.  0.769999981
 -1.  0.769999981
 -1.  0.769999981
 -1.  0.769999981
  24.  0.769999981
 -1.  0.769999981
 -1.  0.769999981
 -1.  0.769999981
 -1.  0.769999981
  29.  0.769999981
  9.  0.769999981
 -1.  0.769999981
 -1.  0.769999981
 -1.  0.769999981
 -1.  0.769999981
 -1.  0.769999981
  11.  0.769999981
 -1.  0.769999981
  26.  0.769999981
 -1.  0.769999981
  32.  0.769999981
 -1.  0.769999981
 -1.  0.769999981
 -1.  0.769999981
 -1.  0.769999981
 -1.  0.769999981
  42.  0.769999981
 -1.  0.769999981
 -1.  0.769999981
  31.  0.769999981
 -1.  0.769999981
 -1.  0.769999981
 -1.  0.769999981
 -1.  0.769999981
  21.  0.769999981
  57.  0.769999981
  32.  0.769999981
 -1.  0.769999981
 -1.  0.769999981
 -1.  0.769999981
 -1.  0.769999981
 -1.  0.769999981
  46.  0.769999981
 -1.  0.769999981
 -1.  0.769999981
 -1.  0.769999981
 -1.  0.769999981
 -1.  0.769999981
 -1.  0.769999981
 -1.  0.769999981
  31.  0.769999981
  35.  0.769999981
 -1.  0.769999981
 -1.  0.769999981
  38.  0.769999981
 -1.  0.769999981
 -1.  0.769999981
 -1.  0.769999981
 -1.  0.769999981
 -1.  0.769999981
 -1.  0.769999981
 -1.  0.769999981
  41.  0.769999981
 -1.  0.769999981
 -1.  0.769999981
  40.  0.769999981
 -1.  0.769999981
  32.  0.769999981
 -1.  0.769999981
 -1.  0.769999981
  49.  0.769999981
 -1.  0.769999981
  26.  0.769999981
 -1.  0.769999981
 -1.  0.769999981
