  3.  0.349999994
  20.  0.349999994
  19.  0.349999994
  18.  0.349999994
  12.  0.349999994
  27.  0.349999994
  10.  0.349999994
  18.  0.349999994
  12.  0.349999994
  16.  0.349999994
 -1.  0.349999994
  20.  0.349999994
  19.  0.349999994
  14.  0.349999994
  29.  0.349999994
  19.  0.349999994
  19.  0.349999994
  22.  0.349999994
  22.  0.349999994
  27.  0.349999994
  18.  0.349999994
  18.  0.349999994
 -1.  0.349999994
  21.  0.349999994
 -1.  0.349999994
  23.  0.349999994
  16.  0.349999994
  19.  0.349999994
  32.  0.349999994
  16.  0.349999994
  13.  0.349999994
  21.  0.349999994
  18.  0.349999994
 -1.  0.349999994
  25.  0.349999994
 -1.  0.349999994
  15.  0.349999994
  15.  0.349999994
  11.  0.349999994
  10.  0.349999994
  27.  0.349999994
  28.  0.349999994
  15.  0.349999994
  26.  0.349999994
  25.  0.349999994
  16.  0.349999994
  13.  0.349999994
  17.  0.349999994
  13.  0.349999994
  29.  0.349999994
  17.  0.349999994
  18.  0.349999994
  20.  0.349999994
  28.  0.349999994
  24.  0.349999994
  12.  0.349999994
  19.  0.349999994
  26.  0.349999994
  20.  0.349999994
  6.  0.349999994
  28.  0.349999994
  10.  0.349999994
  20.  0.349999994
  16.  0.349999994
  18.  0.349999994
  20.  0.349999994
  22.  0.349999994
  26.  0.349999994
 -1.  0.349999994
  24.  0.349999994
  18.  0.349999994
  12.  0.349999994
  23.  0.349999994
  19.  0.349999994
  18.  0.349999994
  20.  0.349999994
  17.  0.349999994
  23.  0.349999994
  20.  0.349999994
  17.  0.349999994
  15.  0.349999994
  16.  0.349999994
  25.  0.349999994
  18.  0.349999994
  19.  0.349999994
  17.  0.349999994
  22.  0.349999994
  21.  0.349999994
  21.  0.349999994
  21.  0.349999994
  18.  0.349999994
  14.  0.349999994
  28.  0.349999994
  26.  0.349999994
  20.  0.349999994
  21.  0.349999994
