  13.  0.199999988
  15.  0.199999988
  18.  0.199999988
  18.  0.199999988
  17.  0.199999988
  14.  0.199999988
  24.  0.199999988
  13.  0.199999988
  17.  0.199999988
  18.  0.199999988
  19.  0.199999988
  11.  0.199999988
  19.  0.199999988
  18.  0.199999988
  10.  0.199999988
  12.  0.199999988
  19.  0.199999988
  24.  0.199999988
  18.  0.199999988
  21.  0.199999988
  18.  0.199999988
  26.  0.199999988
  19.  0.199999988
  17.  0.199999988
  14.  0.199999988
  14.  0.199999988
  11.  0.199999988
  14.  0.199999988
  20.  0.199999988
  16.  0.199999988
  19.  0.199999988
  12.  0.199999988
  18.  0.199999988
  20.  0.199999988
  16.  0.199999988
  19.  0.199999988
  8.  0.199999988
  24.  0.199999988
  11.  0.199999988
  12.  0.199999988
  15.  0.199999988
  17.  0.199999988
  12.  0.199999988
  21.  0.199999988
  19.  0.199999988
  19.  0.199999988
  16.  0.199999988
  20.  0.199999988
  11.  0.199999988
  17.  0.199999988
  18.  0.199999988
  16.  0.199999988
  20.  0.199999988
  18.  0.199999988
  22.  0.199999988
  14.  0.199999988
  17.  0.199999988
  12.  0.199999988
  17.  0.199999988
  17.  0.199999988
  20.  0.199999988
  14.  0.199999988
  18.  0.199999988
  21.  0.199999988
  21.  0.199999988
  11.  0.199999988
  20.  0.199999988
  21.  0.199999988
  15.  0.199999988
  16.  0.199999988
  25.  0.199999988
  11.  0.199999988
  12.  0.199999988
  17.  0.199999988
  13.  0.199999988
  19.  0.199999988
  18.  0.199999988
  14.  0.199999988
  23.  0.199999988
  15.  0.199999988
  17.  0.199999988
  20.  0.199999988
  24.  0.199999988
  23.  0.199999988
  17.  0.199999988
  15.  0.199999988
  21.  0.199999988
  16.  0.199999988
  20.  0.199999988
  17.  0.199999988
  16.  0.199999988
  15.  0.199999988
  17.  0.199999988
  17.  0.199999988
  23.  0.199999988
  10.  0.199999988
