  12.  0.469999999
  27.  0.469999999
  15.  0.469999999
  26.  0.469999999
 -1.  0.469999999
  18.  0.469999999
  24.  0.469999999
  32.  0.469999999
 -1.  0.469999999
 -1.  0.469999999
  16.  0.469999999
  21.  0.469999999
  26.  0.469999999
  28.  0.469999999
  27.  0.469999999
  28.  0.469999999
  24.  0.469999999
  19.  0.469999999
  14.  0.469999999
  22.  0.469999999
  23.  0.469999999
  27.  0.469999999
  28.  0.469999999
 -1.  0.469999999
  12.  0.469999999
  31.  0.469999999
 -1.  0.469999999
 -1.  0.469999999
  39.  0.469999999
  30.  0.469999999
  27.  0.469999999
  23.  0.469999999
  21.  0.469999999
 -1.  0.469999999
  17.  0.469999999
  20.  0.469999999
 -1.  0.469999999
  20.  0.469999999
  23.  0.469999999
 -1.  0.469999999
  22.  0.469999999
  23.  0.469999999
  22.  0.469999999
  16.  0.469999999
  20.  0.469999999
  19.  0.469999999
  9.  0.469999999
  15.  0.469999999
  25.  0.469999999
 -1.  0.469999999
  32.  0.469999999
  21.  0.469999999
  20.  0.469999999
  26.  0.469999999
  14.  0.469999999
  19.  0.469999999
  19.  0.469999999
  27.  0.469999999
 -1.  0.469999999
 -1.  0.469999999
  30.  0.469999999
  33.  0.469999999
  20.  0.469999999
 -1.  0.469999999
  28.  0.469999999
  23.  0.469999999
  19.  0.469999999
  17.  0.469999999
  27.  0.469999999
  23.  0.469999999
  24.  0.469999999
  30.  0.469999999
 -1.  0.469999999
  18.  0.469999999
 -1.  0.469999999
  25.  0.469999999
  26.  0.469999999
  29.  0.469999999
 -1.  0.469999999
  22.  0.469999999
  30.  0.469999999
  19.  0.469999999
  25.  0.469999999
  21.  0.469999999
  16.  0.469999999
  19.  0.469999999
 -1.  0.469999999
  23.  0.469999999
  20.  0.469999999
  27.  0.469999999
  24.  0.469999999
