  15.  0.219999999
  12.  0.219999999
  23.  0.219999999
  20.  0.219999999
  23.  0.219999999
  13.  0.219999999
  20.  0.219999999
  14.  0.219999999
  17.  0.219999999
  14.  0.219999999
  9.  0.219999999
  13.  0.219999999
  19.  0.219999999
  22.  0.219999999
  23.  0.219999999
  20.  0.219999999
  10.  0.219999999
 -1.  0.219999999
  16.  0.219999999
  16.  0.219999999
  18.  0.219999999
  4.  0.219999999
  20.  0.219999999
  17.  0.219999999
  11.  0.219999999
  19.  0.219999999
  28.  0.219999999
 -1.  0.219999999
  11.  0.219999999
  20.  0.219999999
  17.  0.219999999
  17.  0.219999999
  22.  0.219999999
  12.  0.219999999
  31.  0.219999999
  19.  0.219999999
  21.  0.219999999
  18.  0.219999999
  21.  0.219999999
  21.  0.219999999
  15.  0.219999999
  4.  0.219999999
  17.  0.219999999
  12.  0.219999999
  25.  0.219999999
  19.  0.219999999
  21.  0.219999999
  23.  0.219999999
  18.  0.219999999
  26.  0.219999999
  25.  0.219999999
  29.  0.219999999
  22.  0.219999999
  22.  0.219999999
  17.  0.219999999
  24.  0.219999999
  12.  0.219999999
  19.  0.219999999
  21.  0.219999999
  21.  0.219999999
  19.  0.219999999
  14.  0.219999999
  22.  0.219999999
  24.  0.219999999
  14.  0.219999999
  19.  0.219999999
  12.  0.219999999
  25.  0.219999999
  19.  0.219999999
  20.  0.219999999
  20.  0.219999999
  16.  0.219999999
  15.  0.219999999
  15.  0.219999999
  19.  0.219999999
  24.  0.219999999
  16.  0.219999999
  24.  0.219999999
  10.  0.219999999
  18.  0.219999999
  25.  0.219999999
  14.  0.219999999
  18.  0.219999999
  20.  0.219999999
  19.  0.219999999
  20.  0.219999999
  14.  0.219999999
  14.  0.219999999
  23.  0.219999999
  13.  0.219999999
  18.  0.219999999
  15.  0.219999999
  22.  0.219999999
  13.  0.219999999
  18.  0.219999999
  21.  0.219999999
  16.  0.219999999
