  27.  0.25
  11.  0.25
  16.  0.25
  22.  0.25
  14.  0.25
  21.  0.25
  19.  0.25
  15.  0.25
  15.  0.25
  21.  0.25
  16.  0.25
  12.  0.25
  14.  0.25
  20.  0.25
  18.  0.25
  23.  0.25
  23.  0.25
  18.  0.25
  26.  0.25
  19.  0.25
  20.  0.25
  16.  0.25
  19.  0.25
  17.  0.25
  21.  0.25
  7.  0.25
  14.  0.25
  18.  0.25
  14.  0.25
  20.  0.25
  18.  0.25
  20.  0.25
  26.  0.25
  18.  0.25
  6.  0.25
  16.  0.25
  17.  0.25
  17.  0.25
  23.  0.25
  20.  0.25
  9.  0.25
  19.  0.25
  16.  0.25
  12.  0.25
  23.  0.25
  22.  0.25
  25.  0.25
  13.  0.25
  19.  0.25
  20.  0.25
  21.  0.25
  18.  0.25
  23.  0.25
  16.  0.25
  17.  0.25
  24.  0.25
  16.  0.25
  18.  0.25
  17.  0.25
 -1.  0.25
  16.  0.25
  18.  0.25
  24.  0.25
  17.  0.25
  12.  0.25
  27.  0.25
  3.  0.25
  19.  0.25
  9.  0.25
  25.  0.25
  17.  0.25
  22.  0.25
  15.  0.25
  21.  0.25
  20.  0.25
  13.  0.25
  17.  0.25
  25.  0.25
  22.  0.25
  14.  0.25
  18.  0.25
  20.  0.25
  20.  0.25
  18.  0.25
  17.  0.25
  23.  0.25
  16.  0.25
  18.  0.25
  13.  0.25
  13.  0.25
  19.  0.25
  21.  0.25
  17.  0.25
  12.  0.25
  26.  0.25
  22.  0.25
  16.  0.25
