  3.  0.620000005
 -1.  0.620000005
  26.  0.620000005
 -1.  0.620000005
  24.  0.620000005
 -1.  0.620000005
 -1.  0.620000005
  33.  0.620000005
  21.  0.620000005
  35.  0.620000005
  37.  0.620000005
  18.  0.620000005
 -1.  0.620000005
 -1.  0.620000005
 -1.  0.620000005
  34.  0.620000005
  22.  0.620000005
  28.  0.620000005
 -1.  0.620000005
 -1.  0.620000005
  31.  0.620000005
  16.  0.620000005
  35.  0.620000005
 -1.  0.620000005
 -1.  0.620000005
 -1.  0.620000005
  27.  0.620000005
 -1.  0.620000005
  4.  0.620000005
 -1.  0.620000005
  38.  0.620000005
  5.  0.620000005
 -1.  0.620000005
  21.  0.620000005
 -1.  0.620000005
  21.  0.620000005
  17.  0.620000005
  39.  0.620000005
  23.  0.620000005
 -1.  0.620000005
 -1.  0.620000005
  30.  0.620000005
  31.  0.620000005
 -1.  0.620000005
 -1.  0.620000005
  5.  0.620000005
 -1.  0.620000005
 -1.  0.620000005
  32.  0.620000005
 -1.  0.620000005
  26.  0.620000005
 -1.  0.620000005
 -1.  0.620000005
  40.  0.620000005
  24.  0.620000005
 -1.  0.620000005
  22.  0.620000005
  25.  0.620000005
 -1.  0.620000005
  26.  0.620000005
 -1.  0.620000005
  31.  0.620000005
  29.  0.620000005
 -1.  0.620000005
  25.  0.620000005
  25.  0.620000005
  21.  0.620000005
  32.  0.620000005
  18.  0.620000005
  29.  0.620000005
 -1.  0.620000005
 -1.  0.620000005
 -1.  0.620000005
  25.  0.620000005
  13.  0.620000005
  33.  0.620000005
 -1.  0.620000005
 -1.  0.620000005
 -1.  0.620000005
 -1.  0.620000005
  31.  0.620000005
 -1.  0.620000005
 -1.  0.620000005
  23.  0.620000005
  34.  0.620000005
  28.  0.620000005
  35.  0.620000005
