 -1.  0.799999952
 -1.  0.799999952
 -1.  0.799999952
 -1.  0.799999952
 -1.  0.799999952
 -1.  0.799999952
 -1.  0.799999952
 -1.  0.799999952
 -1.  0.799999952
 -1.  0.799999952
 -1.  0.799999952
 -1.  0.799999952
 -1.  0.799999952
 -1.  0.799999952
 -1.  0.799999952
 -1.  0.799999952
 -1.  0.799999952
 -1.  0.799999952
 -1.  0.799999952
 -1.  0.799999952
 -1.  0.799999952
 -1.  0.799999952
 -1.  0.799999952
 -1.  0.799999952
 -1.  0.799999952
 -1.  0.799999952
  54.  0.799999952
 -1.  0.799999952
 -1.  0.799999952
 -1.  0.799999952
 -1.  0.799999952
 -1.  0.799999952
 -1.  0.799999952
  37.  0.799999952
 -1.  0.799999952
 -1.  0.799999952
 -1.  0.799999952
 -1.  0.799999952
  27.  0.799999952
 -1.  0.799999952
 -1.  0.799999952
 -1.  0.799999952
 -1.  0.799999952
  49.  0.799999952
 -1.  0.799999952
 -1.  0.799999952
 -1.  0.799999952
 -1.  0.799999952
 -1.  0.799999952
  55.  0.799999952
 -1.  0.799999952
 -1.  0.799999952
 -1.  0.799999952
 -1.  0.799999952
  50.  0.799999952
 -1.  0.799999952
  25.  0.799999952
 -1.  0.799999952
  33.  0.799999952
 -1.  0.799999952
 -1.  0.799999952
 -1.  0.799999952
 -1.  0.799999952
 -1.  0.799999952
  43.  0.799999952
  33.  0.799999952
 -1.  0.799999952
 -1.  0.799999952
 -1.  0.799999952
 -1.  0.799999952
 -1.  0.799999952
 -1.  0.799999952
 -1.  0.799999952
 -1.  0.799999952
 -1.  0.799999952
 -1.  0.799999952
 -1.  0.799999952
 -1.  0.799999952
 -1.  0.799999952
 -1.  0.799999952
 -1.  0.799999952
 -1.  0.799999952
 -1.  0.799999952
  24.  0.799999952
 -1.  0.799999952
 -1.  0.799999952
 -1.  0.799999952
  49.  0.799999952
  20.  0.799999952
 -1.  0.799999952
 -1.  0.799999952
 -1.  0.799999952
