  15.  0.049999997
  22.  0.049999997
  14.  0.049999997
  17.  0.049999997
  22.  0.049999997
  20.  0.049999997
  16.  0.049999997
  20.  0.049999997
  13.  0.049999997
  14.  0.049999997
  11.  0.049999997
  17.  0.049999997
  19.  0.049999997
  17.  0.049999997
  14.  0.049999997
  18.  0.049999997
  12.  0.049999997
  13.  0.049999997
  20.  0.049999997
  16.  0.049999997
  19.  0.049999997
  10.  0.049999997
  17.  0.049999997
  18.  0.049999997
  11.  0.049999997
  5.  0.049999997
  14.  0.049999997
  12.  0.049999997
  23.  0.049999997
  17.  0.049999997
  19.  0.049999997
  18.  0.049999997
  18.  0.049999997
  9.  0.049999997
  16.  0.049999997
  16.  0.049999997
  20.  0.049999997
  13.  0.049999997
  23.  0.049999997
  17.  0.049999997
  21.  0.049999997
  12.  0.049999997
  17.  0.049999997
  14.  0.049999997
  23.  0.049999997
  10.  0.049999997
  18.  0.049999997
  19.  0.049999997
  18.  0.049999997
  27.  0.049999997
  13.  0.049999997
  17.  0.049999997
  21.  0.049999997
  15.  0.049999997
  18.  0.049999997
  12.  0.049999997
  14.  0.049999997
  8.  0.049999997
  24.  0.049999997
  10.  0.049999997
  17.  0.049999997
  17.  0.049999997
  15.  0.049999997
  11.  0.049999997
  26.  0.049999997
  17.  0.049999997
  19.  0.049999997
  21.  0.049999997
  15.  0.049999997
  16.  0.049999997
  18.  0.049999997
  19.  0.049999997
  20.  0.049999997
  19.  0.049999997
  12.  0.049999997
  12.  0.049999997
  16.  0.049999997
  15.  0.049999997
  12.  0.049999997
  15.  0.049999997
  22.  0.049999997
  26.  0.049999997
  16.  0.049999997
  17.  0.049999997
  23.  0.049999997
  21.  0.049999997
  20.  0.049999997
  18.  0.049999997
  15.  0.049999997
  19.  0.049999997
  16.  0.049999997
  21.  0.049999997
  16.  0.049999997
  22.  0.049999997
  19.  0.049999997
  23.  0.049999997
  13.  0.049999997
  5.  0.049999997
