 -1.  0.599999964
 -1.  0.599999964
  28.  0.599999964
  43.  0.599999964
 -1.  0.599999964
  24.  0.599999964
  17.  0.599999964
  25.  0.599999964
 -1.  0.599999964
  37.  0.599999964
  19.  0.599999964
 -1.  0.599999964
  27.  0.599999964
  28.  0.599999964
 -1.  0.599999964
  23.  0.599999964
  17.  0.599999964
  30.  0.599999964
 -1.  0.599999964
 -1.  0.599999964
 -1.  0.599999964
  33.  0.599999964
  36.  0.599999964
 -1.  0.599999964
  19.  0.599999964
 -1.  0.599999964
  28.  0.599999964
  24.  0.599999964
 -1.  0.599999964
  25.  0.599999964
 -1.  0.599999964
  26.  0.599999964
  26.  0.599999964
  26.  0.599999964
  39.  0.599999964
  17.  0.599999964
  16.  0.599999964
  24.  0.599999964
  33.  0.599999964
  28.  0.599999964
 -1.  0.599999964
 -1.  0.599999964
  25.  0.599999964
  21.  0.599999964
 -1.  0.599999964
  28.  0.599999964
  23.  0.599999964
  27.  0.599999964
  32.  0.599999964
 -1.  0.599999964
  31.  0.599999964
  22.  0.599999964
  37.  0.599999964
 -1.  0.599999964
 -1.  0.599999964
  39.  0.599999964
  28.  0.599999964
 -1.  0.599999964
  23.  0.599999964
  28.  0.599999964
 -1.  0.599999964
 -1.  0.599999964
 -1.  0.599999964
  22.  0.599999964
  18.  0.599999964
  30.  0.599999964
  26.  0.599999964
  34.  0.599999964
 -1.  0.599999964
  28.  0.599999964
 -1.  0.599999964
  19.  0.599999964
  19.  0.599999964
 -1.  0.599999964
  38.  0.599999964
  39.  0.599999964
  8.  0.599999964
  15.  0.599999964
 -1.  0.599999964
  40.  0.599999964
  30.  0.599999964
 -1.  0.599999964
  26.  0.599999964
 -1.  0.599999964
 -1.  0.599999964
  34.  0.599999964
  33.  0.599999964
  28.  0.599999964
