 -1.  0.849999964
 -1.  0.849999964
 -1.  0.849999964
 -1.  0.849999964
 -1.  0.849999964
 -1.  0.849999964
 -1.  0.849999964
 -1.  0.849999964
 -1.  0.849999964
 -1.  0.849999964
 -1.  0.849999964
 -1.  0.849999964
 -1.  0.849999964
 -1.  0.849999964
 -1.  0.849999964
 -1.  0.849999964
 -1.  0.849999964
 -1.  0.849999964
 -1.  0.849999964
 -1.  0.849999964
 -1.  0.849999964
 -1.  0.849999964
 -1.  0.849999964
 -1.  0.849999964
 -1.  0.849999964
 -1.  0.849999964
 -1.  0.849999964
 -1.  0.849999964
 -1.  0.849999964
 -1.  0.849999964
 -1.  0.849999964
 -1.  0.849999964
 -1.  0.849999964
  53.  0.849999964
 -1.  0.849999964
 -1.  0.849999964
 -1.  0.849999964
 -1.  0.849999964
 -1.  0.849999964
 -1.  0.849999964
 -1.  0.849999964
 -1.  0.849999964
 -1.  0.849999964
 -1.  0.849999964
 -1.  0.849999964
 -1.  0.849999964
 -1.  0.849999964
  50.  0.849999964
 -1.  0.849999964
 -1.  0.849999964
 -1.  0.849999964
 -1.  0.849999964
 -1.  0.849999964
 -1.  0.849999964
 -1.  0.849999964
 -1.  0.849999964
 -1.  0.849999964
 -1.  0.849999964
 -1.  0.849999964
 -1.  0.849999964
 -1.  0.849999964
 -1.  0.849999964
 -1.  0.849999964
 -1.  0.849999964
  59.  0.849999964
 -1.  0.849999964
 -1.  0.849999964
  53.  0.849999964
 -1.  0.849999964
 -1.  0.849999964
 -1.  0.849999964
 -1.  0.849999964
 -1.  0.849999964
 -1.  0.849999964
 -1.  0.849999964
 -1.  0.849999964
 -1.  0.849999964
 -1.  0.849999964
 -1.  0.849999964
 -1.  0.849999964
 -1.  0.849999964
 -1.  0.849999964
 -1.  0.849999964
 -1.  0.849999964
 -1.  0.849999964
 -1.  0.849999964
 -1.  0.849999964
 -1.  0.849999964
 -1.  0.849999964
 -1.  0.849999964
 -1.  0.849999964
 -1.  0.849999964
 -1.  0.849999964
 -1.  0.849999964
 -1.  0.849999964
 -1.  0.849999964
 -1.  0.849999964
 -1.  0.849999964
 -1.  0.849999964
