  33.  0.669999957
  24.  0.669999957
  27.  0.669999957
  12.  0.669999957
 -1.  0.669999957
 -1.  0.669999957
 -1.  0.669999957
  30.  0.669999957
  27.  0.669999957
  36.  0.669999957
  22.  0.669999957
  33.  0.669999957
 -1.  0.669999957
 -1.  0.669999957
  31.  0.669999957
  30.  0.669999957
  23.  0.669999957
 -1.  0.669999957
  44.  0.669999957
 -1.  0.669999957
 -1.  0.669999957
  32.  0.669999957
 -1.  0.669999957
  28.  0.669999957
 -1.  0.669999957
  30.  0.669999957
 -1.  0.669999957
 -1.  0.669999957
 -1.  0.669999957
 -1.  0.669999957
  41.  0.669999957
 -1.  0.669999957
  32.  0.669999957
  23.  0.669999957
 -1.  0.669999957
 -1.  0.669999957
  24.  0.669999957
  44.  0.669999957
 -1.  0.669999957
  13.  0.669999957
  35.  0.669999957
  46.  0.669999957
 -1.  0.669999957
  19.  0.669999957
  21.  0.669999957
 -1.  0.669999957
  31.  0.669999957
 -1.  0.669999957
  20.  0.669999957
 -1.  0.669999957
 -1.  0.669999957
  44.  0.669999957
 -1.  0.669999957
 -1.  0.669999957
  27.  0.669999957
 -1.  0.669999957
 -1.  0.669999957
  22.  0.669999957
  25.  0.669999957
 -1.  0.669999957
  35.  0.669999957
  26.  0.669999957
 -1.  0.669999957
  15.  0.669999957
 -1.  0.669999957
 -1.  0.669999957
  17.  0.669999957
  38.  0.669999957
 -1.  0.669999957
 -1.  0.669999957
 -1.  0.669999957
 -1.  0.669999957
 -1.  0.669999957
 -1.  0.669999957
 -1.  0.669999957
 -1.  0.669999957
  32.  0.669999957
  19.  0.669999957
  32.  0.669999957
  18.  0.669999957
 -1.  0.669999957
 -1.  0.669999957
  39.  0.669999957
 -1.  0.669999957
 -1.  0.669999957
 -1.  0.669999957
