  25.  0.550000012
  22.  0.550000012
  21.  0.550000012
 -1.  0.550000012
  25.  0.550000012
 -1.  0.550000012
  17.  0.550000012
  40.  0.550000012
  25.  0.550000012
 -1.  0.550000012
  23.  0.550000012
  17.  0.550000012
  20.  0.550000012
  16.  0.550000012
  25.  0.550000012
  31.  0.550000012
 -1.  0.550000012
  31.  0.550000012
  16.  0.550000012
  8.  0.550000012
 -1.  0.550000012
 -1.  0.550000012
  32.  0.550000012
  28.  0.550000012
  16.  0.550000012
  21.  0.550000012
 -1.  0.550000012
 -1.  0.550000012
  24.  0.550000012
  28.  0.550000012
  25.  0.550000012
 -1.  0.550000012
 -1.  0.550000012
 -1.  0.550000012
 -1.  0.550000012
  13.  0.550000012
 -1.  0.550000012
  27.  0.550000012
  20.  0.550000012
 -1.  0.550000012
  22.  0.550000012
 -1.  0.550000012
  32.  0.550000012
  9.  0.550000012
  33.  0.550000012
  30.  0.550000012
  30.  0.550000012
  26.  0.550000012
  28.  0.550000012
  25.  0.550000012
  31.  0.550000012
  24.  0.550000012
 -1.  0.550000012
  22.  0.550000012
  22.  0.550000012
 -1.  0.550000012
  17.  0.550000012
  26.  0.550000012
  21.  0.550000012
  30.  0.550000012
  25.  0.550000012
  28.  0.550000012
  31.  0.550000012
  14.  0.550000012
 -1.  0.550000012
  23.  0.550000012
  22.  0.550000012
  33.  0.550000012
  27.  0.550000012
  33.  0.550000012
  10.  0.550000012
  27.  0.550000012
  28.  0.550000012
  17.  0.550000012
  23.  0.550000012
  25.  0.550000012
 -1.  0.550000012
  26.  0.550000012
 -1.  0.550000012
 -1.  0.550000012
 -1.  0.550000012
  23.  0.550000012
 -1.  0.550000012
  12.  0.550000012
  22.  0.550000012
  25.  0.550000012
  20.  0.550000012
 -1.  0.550000012
