 -1.  0.649999976
  21.  0.649999976
 -1.  0.649999976
  18.  0.649999976
  30.  0.649999976
  20.  0.649999976
 -1.  0.649999976
 -1.  0.649999976
 -1.  0.649999976
  20.  0.649999976
 -1.  0.649999976
 -1.  0.649999976
  32.  0.649999976
  33.  0.649999976
 -1.  0.649999976
  8.  0.649999976
 -1.  0.649999976
  36.  0.649999976
 -1.  0.649999976
 -1.  0.649999976
  33.  0.649999976
  29.  0.649999976
 -1.  0.649999976
  18.  0.649999976
  33.  0.649999976
 -1.  0.649999976
 -1.  0.649999976
 -1.  0.649999976
 -1.  0.649999976
  37.  0.649999976
 -1.  0.649999976
 -1.  0.649999976
  30.  0.649999976
 -1.  0.649999976
 -1.  0.649999976
  30.  0.649999976
 -1.  0.649999976
 -1.  0.649999976
 -1.  0.649999976
  29.  0.649999976
  18.  0.649999976
  29.  0.649999976
 -1.  0.649999976
  24.  0.649999976
 -1.  0.649999976
 -1.  0.649999976
 -1.  0.649999976
  23.  0.649999976
  39.  0.649999976
  26.  0.649999976
 -1.  0.649999976
 -1.  0.649999976
 -1.  0.649999976
  38.  0.649999976
  37.  0.649999976
 -1.  0.649999976
 -1.  0.649999976
 -1.  0.649999976
  36.  0.649999976
  37.  0.649999976
  39.  0.649999976
 -1.  0.649999976
  47.  0.649999976
  35.  0.649999976
 -1.  0.649999976
 -1.  0.649999976
  27.  0.649999976
 -1.  0.649999976
  19.  0.649999976
  14.  0.649999976
 -1.  0.649999976
  29.  0.649999976
 -1.  0.649999976
  40.  0.649999976
 -1.  0.649999976
 -1.  0.649999976
 -1.  0.649999976
 -1.  0.649999976
  19.  0.649999976
