 -1.  0.719999969
  29.  0.719999969
  31.  0.719999969
  33.  0.719999969
  24.  0.719999969
 -1.  0.719999969
 -1.  0.719999969
 -1.  0.719999969
  24.  0.719999969
  19.  0.719999969
 -1.  0.719999969
 -1.  0.719999969
 -1.  0.719999969
 -1.  0.719999969
 -1.  0.719999969
 -1.  0.719999969
 -1.  0.719999969
 -1.  0.719999969
 -1.  0.719999969
  27.  0.719999969
  23.  0.719999969
  31.  0.719999969
 -1.  0.719999969
  19.  0.719999969
  40.  0.719999969
  30.  0.719999969
 -1.  0.719999969
 -1.  0.719999969
 -1.  0.719999969
  38.  0.719999969
 -1.  0.719999969
 -1.  0.719999969
 -1.  0.719999969
  35.  0.719999969
  52.  0.719999969
 -1.  0.719999969
 -1.  0.719999969
 -1.  0.719999969
 -1.  0.719999969
 -1.  0.719999969
  24.  0.719999969
 -1.  0.719999969
 -1.  0.719999969
  26.  0.719999969
 -1.  0.719999969
 -1.  0.719999969
 -1.  0.719999969
 -1.  0.719999969
 -1.  0.719999969
  43.  0.719999969
 -1.  0.719999969
  37.  0.719999969
 -1.  0.719999969
  34.  0.719999969
  30.  0.719999969
  43.  0.719999969
 -1.  0.719999969
 -1.  0.719999969
  43.  0.719999969
 -1.  0.719999969
  30.  0.719999969
 -1.  0.719999969
 -1.  0.719999969
 -1.  0.719999969
 -1.  0.719999969
 -1.  0.719999969
 -1.  0.719999969
  25.  0.719999969
 -1.  0.719999969
 -1.  0.719999969
 -1.  0.719999969
  17.  0.719999969
 -1.  0.719999969
  37.  0.719999969
 -1.  0.719999969
 -1.  0.719999969
  13.  0.719999969
 -1.  0.719999969
 -1.  0.719999969
 -1.  0.719999969
 -1.  0.719999969
 -1.  0.719999969
 -1.  0.719999969
 -1.  0.719999969
