  0.  0.099999994
  16.  0.099999994
  19.  0.099999994
  13.  0.099999994
  13.  0.099999994
  12.  0.099999994
  12.  0.099999994
  0.  0.099999994
  17.  0.099999994
  16.  0.099999994
  12.  0.099999994
  19.  0.099999994
  15.  0.099999994
  16.  0.099999994
  20.  0.099999994
  12.  0.099999994
  17.  0.099999994
  15.  0.099999994
  21.  0.099999994
  22.  0.099999994
  16.  0.099999994
  9.  0.099999994
  13.  0.099999994
  22.  0.099999994
  18.  0.099999994
  8.  0.099999994
  16.  0.099999994
  18.  0.099999994
  15.  0.099999994
  16.  0.099999994
  15.  0.099999994
  10.  0.099999994
  11.  0.099999994
  15.  0.099999994
  23.  0.099999994
  18.  0.099999994
  19.  0.099999994
  18.  0.099999994
  13.  0.099999994
  16.  0.099999994
  13.  0.099999994
  3.  0.099999994
  14.  0.099999994
  15.  0.099999994
  9.  0.099999994
  21.  0.099999994
  9.  0.099999994
  16.  0.099999994
  16.  0.099999994
  7.  0.099999994
  9.  0.099999994
  13.  0.099999994
  20.  0.099999994
  3.  0.099999994
  12.  0.099999994
  15.  0.099999994
  14.  0.099999994
  12.  0.099999994
  11.  0.099999994
  21.  0.099999994
  13.  0.099999994
  15.  0.099999994
  20.  0.099999994
  19.  0.099999994
  14.  0.099999994
  14.  0.099999994
  17.  0.099999994
  18.  0.099999994
  15.  0.099999994
  14.  0.099999994
  23.  0.099999994
  18.  0.099999994
  19.  0.099999994
  27.  0.099999994
  14.  0.099999994
  16.  0.099999994
  15.  0.099999994
  20.  0.099999994
  19.  0.099999994
  13.  0.099999994
  20.  0.099999994
  15.  0.099999994
  21.  0.099999994
  6.  0.099999994
  18.  0.099999994
  20.  0.099999994
  21.  0.099999994
  13.  0.099999994
  20.  0.099999994
  23.  0.099999994
  16.  0.099999994
  16.  0.099999994
  12.  0.099999994
  20.  0.099999994
  14.  0.099999994
  18.  0.099999994
  15.  0.099999994
  24.  0.099999994
  19.  0.099999994
