 -1.  0.569999993
 -1.  0.569999993
  19.  0.569999993
  21.  0.569999993
 -1.  0.569999993
 -1.  0.569999993
  26.  0.569999993
  35.  0.569999993
  17.  0.569999993
  28.  0.569999993
 -1.  0.569999993
 -1.  0.569999993
 -1.  0.569999993
  24.  0.569999993
  33.  0.569999993
  26.  0.569999993
  32.  0.569999993
  21.  0.569999993
 -1.  0.569999993
  27.  0.569999993
  29.  0.569999993
  19.  0.569999993
 -1.  0.569999993
  39.  0.569999993
 -1.  0.569999993
 -1.  0.569999993
  25.  0.569999993
  27.  0.569999993
 -1.  0.569999993
 -1.  0.569999993
 -1.  0.569999993
 -1.  0.569999993
  28.  0.569999993
  18.  0.569999993
 -1.  0.569999993
  18.  0.569999993
  33.  0.569999993
 -1.  0.569999993
 -1.  0.569999993
 -1.  0.569999993
  28.  0.569999993
  18.  0.569999993
  21.  0.569999993
 -1.  0.569999993
  25.  0.569999993
 -1.  0.569999993
  30.  0.569999993
  23.  0.569999993
 -1.  0.569999993
 -1.  0.569999993
  2.  0.569999993
  22.  0.569999993
  22.  0.569999993
 -1.  0.569999993
 -1.  0.569999993
 -1.  0.569999993
  28.  0.569999993
  27.  0.569999993
  25.  0.569999993
  21.  0.569999993
  8.  0.569999993
  20.  0.569999993
  34.  0.569999993
  26.  0.569999993
  19.  0.569999993
 -1.  0.569999993
  34.  0.569999993
 -1.  0.569999993
  18.  0.569999993
  20.  0.569999993
 -1.  0.569999993
  24.  0.569999993
  15.  0.569999993
 -1.  0.569999993
  19.  0.569999993
  30.  0.569999993
  14.  0.569999993
  30.  0.569999993
 -1.  0.569999993
  21.  0.569999993
 -1.  0.569999993
 -1.  0.569999993
 -1.  0.569999993
  27.  0.569999993
  27.  0.569999993
 -1.  0.569999993
 -1.  0.569999993
 -1.  0.569999993
