  9.  0.269999981
  18.  0.269999981
  14.  0.269999981
  23.  0.269999981
  10.  0.269999981
  22.  0.269999981
  18.  0.269999981
  11.  0.269999981
  11.  0.269999981
  19.  0.269999981
  20.  0.269999981
  16.  0.269999981
  16.  0.269999981
  20.  0.269999981
  23.  0.269999981
  21.  0.269999981
  24.  0.269999981
  19.  0.269999981
  28.  0.269999981
  15.  0.269999981
  14.  0.269999981
  19.  0.269999981
  19.  0.269999981
  17.  0.269999981
  13.  0.269999981
  17.  0.269999981
  16.  0.269999981
  11.  0.269999981
  29.  0.269999981
  26.  0.269999981
  19.  0.269999981
  18.  0.269999981
  20.  0.269999981
  23.  0.269999981
  2.  0.269999981
  20.  0.269999981
  16.  0.269999981
  17.  0.269999981
  19.  0.269999981
  13.  0.269999981
  25.  0.269999981
  12.  0.269999981
  15.  0.269999981
  16.  0.269999981
  19.  0.269999981
  21.  0.269999981
  23.  0.269999981
  27.  0.269999981
  17.  0.269999981
  21.  0.269999981
  20.  0.269999981
  22.  0.269999981
  17.  0.269999981
  22.  0.269999981
  20.  0.269999981
  28.  0.269999981
  25.  0.269999981
  18.  0.269999981
  11.  0.269999981
  18.  0.269999981
  18.  0.269999981
  16.  0.269999981
  21.  0.269999981
  23.  0.269999981
  19.  0.269999981
  20.  0.269999981
  17.  0.269999981
  12.  0.269999981
  21.  0.269999981
  23.  0.269999981
  25.  0.269999981
  14.  0.269999981
  21.  0.269999981
 -1.  0.269999981
 -1.  0.269999981
 -1.  0.269999981
  24.  0.269999981
  15.  0.269999981
  23.  0.269999981
  13.  0.269999981
  12.  0.269999981
  18.  0.269999981
  21.  0.269999981
  20.  0.269999981
  18.  0.269999981
  25.  0.269999981
  21.  0.269999981
  16.  0.269999981
  24.  0.269999981
  18.  0.269999981
  19.  0.269999981
  23.  0.269999981
  19.  0.269999981
  18.  0.269999981
  21.  0.269999981
  14.  0.269999981
  23.  0.269999981
