  19.  0.119999997
  14.  0.119999997
  18.  0.119999997
  14.  0.119999997
  23.  0.119999997
  16.  0.119999997
  15.  0.119999997
  11.  0.119999997
  17.  0.119999997
  10.  0.119999997
  19.  0.119999997
  18.  0.119999997
  16.  0.119999997
  19.  0.119999997
  15.  0.119999997
  9.  0.119999997
  17.  0.119999997
  18.  0.119999997
  17.  0.119999997
  13.  0.119999997
  17.  0.119999997
  13.  0.119999997
  18.  0.119999997
  18.  0.119999997
  10.  0.119999997
  20.  0.119999997
  13.  0.119999997
  14.  0.119999997
  17.  0.119999997
  20.  0.119999997
  20.  0.119999997
  14.  0.119999997
  13.  0.119999997
  24.  0.119999997
  18.  0.119999997
  14.  0.119999997
  24.  0.119999997
  19.  0.119999997
  18.  0.119999997
  23.  0.119999997
  14.  0.119999997
  17.  0.119999997
  18.  0.119999997
  12.  0.119999997
  18.  0.119999997
  16.  0.119999997
  18.  0.119999997
  17.  0.119999997
  11.  0.119999997
  21.  0.119999997
  12.  0.119999997
  15.  0.119999997
  12.  0.119999997
  18.  0.119999997
  16.  0.119999997
  18.  0.119999997
  16.  0.119999997
  14.  0.119999997
  18.  0.119999997
  8.  0.119999997
  18.  0.119999997
  16.  0.119999997
  20.  0.119999997
  13.  0.119999997
  13.  0.119999997
  17.  0.119999997
  22.  0.119999997
  22.  0.119999997
  15.  0.119999997
  14.  0.119999997
  11.  0.119999997
  17.  0.119999997
  16.  0.119999997
  11.  0.119999997
  17.  0.119999997
 -1.  0.119999997
  12.  0.119999997
  14.  0.119999997
  24.  0.119999997
  14.  0.119999997
  16.  0.119999997
  14.  0.119999997
  13.  0.119999997
  10.  0.119999997
  17.  0.119999997
  21.  0.119999997
  9.  0.119999997
  17.  0.119999997
  20.  0.119999997
  12.  0.119999997
  24.  0.119999997
  13.  0.119999997
  13.  0.119999997
  14.  0.119999997
  15.  0.119999997
  14.  0.119999997
  21.  0.119999997
  8.  0.119999997
