  56.  0.299999982
  51.  0.299999982
  61.  0.299999982
  88.  0.299999982
  56.  0.299999982
  38.  0.299999982
  90.  0.299999982
  80.  0.299999982
  88.  0.299999982
  84.  0.299999982
  47.  0.299999982
  81.  0.299999982
  85.  0.299999982
  49.  0.299999982
  66.  0.299999982
  90.  0.299999982
  58.  0.299999982
  62.  0.299999982
  84.  0.299999982
  96.  0.299999982
  86.  0.299999982
  67.  0.299999982
  51.  0.299999982
  61.  0.299999982
  76.  0.299999982
  96.  0.299999982
  52.  0.299999982
  45.  0.299999982
  86.  0.299999982
  43.  0.299999982
  78.  0.299999982
  53.  0.299999982
  75.  0.299999982
  67.  0.299999982
  54.  0.299999982
  43.  0.299999982
  54.  0.299999982
  79.  0.299999982
  49.  0.299999982
  39.  0.299999982
  87.  0.299999982
  51.  0.299999982
  88.  0.299999982
  86.  0.299999982
  66.  0.299999982
  51.  0.299999982
  55.  0.299999982
  68.  0.299999982
  65.  0.299999982
  53.  0.299999982
  36.  0.299999982
  95.  0.299999982
  50.  0.299999982
  86.  0.299999982
  70.  0.299999982
  84.  0.299999982
  57.  0.299999982
  68.  0.299999982
  67.  0.299999982
  58.  0.299999982
  54.  0.299999982
  90.  0.299999982
  59.  0.299999982
  65.  0.299999982
  44.  0.299999982
  0.  0.299999982
  81.  0.299999982
  72.  0.299999982
  96.  0.299999982
  86.  0.299999982
  85.  0.299999982
  55.  0.299999982
  65.  0.299999982
  78.  0.299999982
  73.  0.299999982
  68.  0.299999982
  49.  0.299999982
  61.  0.299999982
  63.  0.299999982
  75.  0.299999982
  74.  0.299999982
  59.  0.299999982
  66.  0.299999982
  94.  0.299999982
  87.  0.299999982
  94.  0.299999982
  65.  0.299999982
  0.  0.299999982
  77.  0.299999982
  0.  0.299999982
  87.  0.299999982
  90.  0.299999982
  45.  0.299999982
  58.  0.299999982
  58.  0.299999982
  88.  0.299999982
  0.  0.299999982
  58.  0.299999982
