  93.  0.
  79.  0.
  73.  0.
  79.  0.
  70.  0.
  80.  0.
  87.  0.
  73.  0.
  58.  0.
  54.  0.
  73.  0.
  80.  0.
  65.  0.
  78.  0.
  76.  0.
  85.  0.
  77.  0.
  67.  0.
  56.  0.
  75.  0.
  91.  0.
  72.  0.
  69.  0.
  76.  0.
  85.  0.
  57.  0.
  72.  0.
  59.  0.
  67.  0.
  80.  0.
  82.  0.
  74.  0.
  61.  0.
  81.  0.
  71.  0.
  66.  0.
  84.  0.
  64.  0.
  56.  0.
  56.  0.
  80.  0.
  85.  0.
  71.  0.
  59.  0.
  68.  0.
  73.  0.
  64.  0.
  72.  0.
  59.  0.
  97.  0.
  70.  0.
  66.  0.
  56.  0.
  73.  0.
  61.  0.
  57.  0.
  85.  0.
  80.  0.
  58.  0.
  76.  0.
  66.  0.
  66.  0.
  69.  0.
  90.  0.
  65.  0.
  65.  0.
  76.  0.
  64.  0.
  64.  0.
  64.  0.
  64.  0.
  78.  0.
  77.  0.
  73.  0.
  69.  0.
  70.  0.
  68.  0.
  65.  0.
  76.  0.
  73.  0.
  68.  0.
  69.  0.
  53.  0.
  67.  0.
  71.  0.
  66.  0.
  53.  0.
  93.  0.
  57.  0.
  82.  0.
  56.  0.
  72.  0.
  62.  0.
  63.  0.
  69.  0.
  92.  0.
  84.  0.
  67.  0.
  62.  0.
