  76.  0.669999957
  90.  0.669999957
  55.  0.669999957
  55.  0.669999957
  0.  0.669999957
  0.  0.669999957
  0.  0.669999957
  92.  0.669999957
  77.  0.669999957
  90.  0.669999957
  89.  0.669999957
  56.  0.669999957
  0.  0.669999957
  0.  0.669999957
  59.  0.669999957
  82.  0.669999957
  71.  0.669999957
  0.  0.669999957
  84.  0.669999957
  0.  0.669999957
  0.  0.669999957
  85.  0.669999957
  0.  0.669999957
  67.  0.669999957
  0.  0.669999957
  56.  0.669999957
  0.  0.669999957
  0.  0.669999957
  0.  0.669999957
  0.  0.669999957
  91.  0.669999957
  0.  0.669999957
  66.  0.669999957
  87.  0.669999957
  0.  0.669999957
  0.  0.669999957
  61.  0.669999957
  74.  0.669999957
  0.  0.669999957
  50.  0.669999957
  91.  0.669999957
  99.  0.669999957
  0.  0.669999957
  70.  0.669999957
  48.  0.669999957
  0.  0.669999957
  99.  0.669999957
  0.  0.669999957
  91.  0.669999957
  0.  0.669999957
  0.  0.669999957
  78.  0.669999957
  0.  0.669999957
  0.  0.669999957
  57.  0.669999957
  0.  0.669999957
  0.  0.669999957
  78.  0.669999957
  50.  0.669999957
  0.  0.669999957
  67.  0.669999957
  63.  0.669999957
  0.  0.669999957
  56.  0.669999957
  0.  0.669999957
  0.  0.669999957
  46.  0.669999957
  95.  0.669999957
  0.  0.669999957
  0.  0.669999957
  0.  0.669999957
  0.  0.669999957
  0.  0.669999957
  0.  0.669999957
  0.  0.669999957
  0.  0.669999957
  100.  0.669999957
  81.  0.669999957
  73.  0.669999957
  47.  0.669999957
  0.  0.669999957
  0.  0.669999957
  91.  0.669999957
  0.  0.669999957
  0.  0.669999957
  0.  0.669999957
