  53.  0.099999994
  64.  0.099999994
  60.  0.099999994
  88.  0.099999994
  62.  0.099999994
  86.  0.099999994
  54.  0.099999994
  37.  0.099999994
  73.  0.099999994
  54.  0.099999994
  47.  0.099999994
  56.  0.099999994
  63.  0.099999994
  55.  0.099999994
  63.  0.099999994
  50.  0.099999994
  57.  0.099999994
  67.  0.099999994
  52.  0.099999994
  68.  0.099999994
  72.  0.099999994
  46.  0.099999994
  77.  0.099999994
  56.  0.099999994
  62.  0.099999994
  45.  0.099999994
  53.  0.099999994
  79.  0.099999994
  60.  0.099999994
  89.  0.099999994
  56.  0.099999994
  63.  0.099999994
  53.  0.099999994
  46.  0.099999994
  79.  0.099999994
  69.  0.099999994
  60.  0.099999994
  58.  0.099999994
  70.  0.099999994
  57.  0.099999994
  96.  0.099999994
  38.  0.099999994
  91.  0.099999994
  72.  0.099999994
  55.  0.099999994
  73.  0.099999994
  74.  0.099999994
  56.  0.099999994
  53.  0.099999994
  67.  0.099999994
  46.  0.099999994
  54.  0.099999994
  55.  0.099999994
  63.  0.099999994
  91.  0.099999994
  96.  0.099999994
  55.  0.099999994
  81.  0.099999994
  43.  0.099999994
  81.  0.099999994
  65.  0.099999994
  69.  0.099999994
  73.  0.099999994
  50.  0.099999994
  60.  0.099999994
  50.  0.099999994
  67.  0.099999994
  59.  0.099999994
  55.  0.099999994
  78.  0.099999994
  65.  0.099999994
  70.  0.099999994
  76.  0.099999994
  54.  0.099999994
  52.  0.099999994
  49.  0.099999994
  79.  0.099999994
  65.  0.099999994
  85.  0.099999994
  61.  0.099999994
  63.  0.099999994
  78.  0.099999994
  74.  0.099999994
  68.  0.099999994
  54.  0.099999994
  60.  0.099999994
  62.  0.099999994
  67.  0.099999994
  81.  0.099999994
  59.  0.099999994
  52.  0.099999994
  91.  0.099999994
  47.  0.099999994
  90.  0.099999994
  54.  0.099999994
  64.  0.099999994
  72.  0.099999994
  74.  0.099999994
  78.  0.099999994
