  0.  0.569999993
  0.  0.569999993
  65.  0.569999993
  58.  0.569999993
  0.  0.569999993
  0.  0.569999993
  58.  0.569999993
  65.  0.569999993
  78.  0.569999993
  52.  0.569999993
  0.  0.569999993
  0.  0.569999993
  0.  0.569999993
  76.  0.569999993
  91.  0.569999993
  72.  0.569999993
  84.  0.569999993
  98.  0.569999993
  0.  0.569999993
  58.  0.569999993
  65.  0.569999993
  78.  0.569999993
  0.  0.569999993
  79.  0.569999993
  0.  0.569999993
  0.  0.569999993
  76.  0.569999993
  58.  0.569999993
  0.  0.569999993
  0.  0.569999993
  0.  0.569999993
  0.  0.569999993
  65.  0.569999993
  61.  0.569999993
  0.  0.569999993
  88.  0.569999993
  89.  0.569999993
  0.  0.569999993
  0.  0.569999993
  0.  0.569999993
  85.  0.569999993
  62.  0.569999993
  66.  0.569999993
  0.  0.569999993
  62.  0.569999993
  0.  0.569999993
  74.  0.569999993
  54.  0.569999993
  0.  0.569999993
  0.  0.569999993
  26.  0.569999993
  74.  0.569999993
  75.  0.569999993
  0.  0.569999993
  0.  0.569999993
  0.  0.569999993
  98.  0.569999993
  56.  0.569999993
  51.  0.569999993
  51.  0.569999993
  70.  0.569999993
  95.  0.569999993
  58.  0.569999993
  91.  0.569999993
  58.  0.569999993
  0.  0.569999993
  65.  0.569999993
  0.  0.569999993
  56.  0.569999993
  89.  0.569999993
  0.  0.569999993
  57.  0.569999993
  54.  0.569999993
  0.  0.569999993
  50.  0.569999993
  60.  0.569999993
  45.  0.569999993
  62.  0.569999993
  0.  0.569999993
  56.  0.569999993
  0.  0.569999993
  0.  0.569999993
  0.  0.569999993
  58.  0.569999993
  82.  0.569999993
  0.  0.569999993
  0.  0.569999993
  0.  0.569999993
