  0.  0.75
  0.  0.75
  0.  0.75
  0.  0.75
  0.  0.75
  0.  0.75
  0.  0.75
  51.  0.75
  0.  0.75
  0.  0.75
  0.  0.75
  0.  0.75
  0.  0.75
  0.  0.75
  0.  0.75
  0.  0.75
  0.  0.75
  0.  0.75
  0.  0.75
  0.  0.75
  0.  0.75
  0.  0.75
  0.  0.75
  0.  0.75
  66.  0.75
  48.  0.75
  0.  0.75
  0.  0.75
  0.  0.75
  0.  0.75
  0.  0.75
  0.  0.75
  63.  0.75
  0.  0.75
  62.  0.75
  0.  0.75
  0.  0.75
  64.  0.75
  0.  0.75
  51.  0.75
  0.  0.75
  0.  0.75
  0.  0.75
  0.  0.75
  0.  0.75
  79.  0.75
  0.  0.75
  0.  0.75
  0.  0.75
  0.  0.75
  0.  0.75
  0.  0.75
  67.  0.75
  87.  0.75
  0.  0.75
  0.  0.75
  71.  0.75
  0.  0.75
  0.  0.75
  0.  0.75
  64.  0.75
  87.  0.75
  0.  0.75
  0.  0.75
  0.  0.75
  0.  0.75
  82.  0.75
  0.  0.75
  0.  0.75
  75.  0.75
  0.  0.75
  62.  0.75
  0.  0.75
  0.  0.75
  82.  0.75
  0.  0.75
  0.  0.75
  0.  0.75
  0.  0.75
  0.  0.75
  0.  0.75
  0.  0.75
  0.  0.75
  0.  0.75
  0.  0.75
  72.  0.75
  0.  0.75
  0.  0.75
  0.  0.75
  0.  0.75
