  0.  0.699999988
  68.  0.699999988
  0.  0.699999988
  0.  0.699999988
  91.  0.699999988
  77.  0.699999988
  69.  0.699999988
  0.  0.699999988
  0.  0.699999988
  0.  0.699999988
  89.  0.699999988
  88.  0.699999988
  0.  0.699999988
  0.  0.699999988
  60.  0.699999988
  0.  0.699999988
  0.  0.699999988
  0.  0.699999988
  0.  0.699999988
  0.  0.699999988
  0.  0.699999988
  0.  0.699999988
  76.  0.699999988
  73.  0.699999988
  0.  0.699999988
  74.  0.699999988
  74.  0.699999988
  0.  0.699999988
  87.  0.699999988
  0.  0.699999988
  0.  0.699999988
  100.  0.699999988
  0.  0.699999988
  0.  0.699999988
  0.  0.699999988
  0.  0.699999988
  56.  0.699999988
  0.  0.699999988
  0.  0.699999988
  0.  0.699999988
  83.  0.699999988
  42.  0.699999988
  0.  0.699999988
  0.  0.699999988
  71.  0.699999988
  0.  0.699999988
  69.  0.699999988
  66.  0.699999988
  62.  0.699999988
  64.  0.699999988
  0.  0.699999988
  0.  0.699999988
  67.  0.699999988
  0.  0.699999988
  49.  0.699999988
  0.  0.699999988
  60.  0.699999988
  0.  0.699999988
  0.  0.699999988
  0.  0.699999988
  0.  0.699999988
  0.  0.699999988
  0.  0.699999988
  0.  0.699999988
  54.  0.699999988
  0.  0.699999988
  95.  0.699999988
  53.  0.699999988
  0.  0.699999988
  0.  0.699999988
  60.  0.699999988
  77.  0.699999988
  0.  0.699999988
  0.  0.699999988
  0.  0.699999988
  0.  0.699999988
  79.  0.699999988
  67.  0.699999988
  0.  0.699999988
  0.  0.699999988
  94.  0.699999988
  51.  0.699999988
  0.  0.699999988
  96.  0.699999988
  55.  0.699999988
  87.  0.699999988
  68.  0.699999988
