  27.  0.349999994
  53.  0.349999994
  76.  0.349999994
  67.  0.349999994
  80.  0.349999994
  99.  0.349999994
  41.  0.349999994
  72.  0.349999994
  86.  0.349999994
  43.  0.349999994
  0.  0.349999994
  80.  0.349999994
  87.  0.349999994
  49.  0.349999994
  62.  0.349999994
  93.  0.349999994
  51.  0.349999994
  96.  0.349999994
  55.  0.349999994
  64.  0.349999994
  85.  0.349999994
  72.  0.349999994
  0.  0.349999994
  86.  0.349999994
  0.  0.349999994
  66.  0.349999994
  47.  0.349999994
  87.  0.349999994
  66.  0.349999994
  38.  0.349999994
  71.  0.349999994
  54.  0.349999994
  68.  0.349999994
  0.  0.349999994
  61.  0.349999994
  0.  0.349999994
  68.  0.349999994
  99.  0.349999994
  92.  0.349999994
  51.  0.349999994
  62.  0.349999994
  56.  0.349999994
  99.  0.349999994
  58.  0.349999994
  61.  0.349999994
  57.  0.349999994
  77.  0.349999994
  91.  0.349999994
  86.  0.349999994
  70.  0.349999994
  95.  0.349999994
  67.  0.349999994
  67.  0.349999994
  68.  0.349999994
  73.  0.349999994
  45.  0.349999994
  47.  0.349999994
  67.  0.349999994
  52.  0.349999994
  39.  0.349999994
  56.  0.349999994
  56.  0.349999994
  61.  0.349999994
  60.  0.349999994
  61.  0.349999994
  54.  0.349999994
  67.  0.349999994
  61.  0.349999994
  0.  0.349999994
  55.  0.349999994
  48.  0.349999994
  55.  0.349999994
  58.  0.349999994
  98.  0.349999994
  75.  0.349999994
  52.  0.349999994
  53.  0.349999994
  98.  0.349999994
  58.  0.349999994
  44.  0.349999994
  46.  0.349999994
  65.  0.349999994
  64.  0.349999994
  99.  0.349999994
  63.  0.349999994
  95.  0.349999994
  55.  0.349999994
  85.  0.349999994
  85.  0.349999994
  57.  0.349999994
  91.  0.349999994
  44.  0.349999994
  58.  0.349999994
  97.  0.349999994
  81.  0.349999994
  83.  0.349999994
