  72.  0.519999981
  0.  0.519999981
  96.  0.519999981
  59.  0.519999981
  64.  0.519999981
  68.  0.519999981
  64.  0.519999981
  0.  0.519999981
  99.  0.519999981
  46.  0.519999981
  60.  0.519999981
  0.  0.519999981
  0.  0.519999981
  55.  0.519999981
  0.  0.519999981
  60.  0.519999981
  83.  0.519999981
  47.  0.519999981
  79.  0.519999981
  0.  0.519999981
  45.  0.519999981
  54.  0.519999981
  98.  0.519999981
  62.  0.519999981
  43.  0.519999981
  89.  0.519999981
  57.  0.519999981
  0.  0.519999981
  96.  0.519999981
  0.  0.519999981
  54.  0.519999981
  62.  0.519999981
  66.  0.519999981
  53.  0.519999981
  51.  0.519999981
  0.  0.519999981
  61.  0.519999981
  0.  0.519999981
  0.  0.519999981
  0.  0.519999981
  92.  0.519999981
  95.  0.519999981
  0.  0.519999981
  48.  0.519999981
  0.  0.519999981
  80.  0.519999981
  67.  0.519999981
  70.  0.519999981
  0.  0.519999981
  44.  0.519999981
  60.  0.519999981
  55.  0.519999981
  48.  0.519999981
  0.  0.519999981
  57.  0.519999981
  90.  0.519999981
  73.  0.519999981
  44.  0.519999981
  0.  0.519999981
  0.  0.519999981
  60.  0.519999981
  0.  0.519999981
  74.  0.519999981
  91.  0.519999981
  61.  0.519999981
  74.  0.519999981
  0.  0.519999981
  73.  0.519999981
  64.  0.519999981
  0.  0.519999981
  0.  0.519999981
  76.  0.519999981
  86.  0.519999981
  96.  0.519999981
  0.  0.519999981
  0.  0.519999981
  38.  0.519999981
  61.  0.519999981
  53.  0.519999981
  72.  0.519999981
  45.  0.519999981
  0.  0.519999981
  0.  0.519999981
  52.  0.519999981
  65.  0.519999981
  66.  0.519999981
  0.  0.519999981
  64.  0.519999981
