  41.  0.370000005
  90.  0.370000005
  47.  0.370000005
  0.  0.370000005
  52.  0.370000005
  43.  0.370000005
  92.  0.370000005
  59.  0.370000005
  57.  0.370000005
  76.  0.370000005
  95.  0.370000005
  0.  0.370000005
  0.  0.370000005
  61.  0.370000005
  56.  0.370000005
  71.  0.370000005
  73.  0.370000005
  66.  0.370000005
  71.  0.370000005
  60.  0.370000005
  81.  0.370000005
  51.  0.370000005
  52.  0.370000005
  0.  0.370000005
  65.  0.370000005
  51.  0.370000005
  91.  0.370000005
  87.  0.370000005
  57.  0.370000005
  67.  0.370000005
  59.  0.370000005
  0.  0.370000005
  55.  0.370000005
  74.  0.370000005
  53.  0.370000005
  53.  0.370000005
  96.  0.370000005
  61.  0.370000005
  57.  0.370000005
  95.  0.370000005
  86.  0.370000005
  42.  0.370000005
  53.  0.370000005
  53.  0.370000005
  57.  0.370000005
  88.  0.370000005
  65.  0.370000005
  47.  0.370000005
  89.  0.370000005
  58.  0.370000005
  0.  0.370000005
  67.  0.370000005
  82.  0.370000005
  76.  0.370000005
  87.  0.370000005
  54.  0.370000005
  84.  0.370000005
  42.  0.370000005
  61.  0.370000005
  52.  0.370000005
  79.  0.370000005
  53.  0.370000005
  50.  0.370000005
  81.  0.370000005
  91.  0.370000005
  43.  0.370000005
  0.  0.370000005
  67.  0.370000005
  58.  0.370000005
  44.  0.370000005
  49.  0.370000005
  50.  0.370000005
  93.  0.370000005
  0.  0.370000005
  77.  0.370000005
  78.  0.370000005
  99.  0.370000005
  0.  0.370000005
  58.  0.370000005
  66.  0.370000005
  67.  0.370000005
  95.  0.370000005
  76.  0.370000005
  78.  0.370000005
  93.  0.370000005
  51.  0.370000005
  49.  0.370000005
  55.  0.370000005
  62.  0.370000005
  93.  0.370000005
  57.  0.370000005
  46.  0.370000005
  58.  0.370000005
  56.  0.370000005
  62.  0.370000005
