  61.  0.5
  61.  0.5
  0.  0.5
  65.  0.5
  52.  0.5
  52.  0.5
  89.  0.5
  0.  0.5
  50.  0.5
  69.  0.5
  53.  0.5
  79.  0.5
  0.  0.5
  52.  0.5
  69.  0.5
  0.  0.5
  86.  0.5
  72.  0.5
  0.  0.5
  100.  0.5
  57.  0.5
  0.  0.5
  70.  0.5
  0.  0.5
  59.  0.5
  0.  0.5
  56.  0.5
  64.  0.5
  64.  0.5
  55.  0.5
  99.  0.5
  85.  0.5
  50.  0.5
  97.  0.5
  0.  0.5
  57.  0.5
  0.  0.5
  81.  0.5
  0.  0.5
  91.  0.5
  80.  0.5
  70.  0.5
  0.  0.5
  0.  0.5
  99.  0.5
  0.  0.5
  60.  0.5
  67.  0.5
  59.  0.5
  42.  0.5
  58.  0.5
  53.  0.5
  51.  0.5
  52.  0.5
  57.  0.5
  99.  0.5
  84.  0.5
  95.  0.5
  75.  0.5
  0.  0.5
  57.  0.5
  0.  0.5
  58.  0.5
  46.  0.5
  0.  0.5
  50.  0.5
  62.  0.5
  54.  0.5
  64.  0.5
  71.  0.5
  41.  0.5
  91.  0.5
  50.  0.5
  0.  0.5
  66.  0.5
  91.  0.5
  83.  0.5
  0.  0.5
  0.  0.5
  0.  0.5
  0.  0.5
  0.  0.5
  63.  0.5
