  60.  0.049999997
  71.  0.049999997
  55.  0.049999997
  58.  0.049999997
  65.  0.049999997
  66.  0.049999997
  92.  0.049999997
  74.  0.049999997
  66.  0.049999997
  58.  0.049999997
  58.  0.049999997
  91.  0.049999997
  45.  0.049999997
  74.  0.049999997
  75.  0.049999997
  76.  0.049999997
  80.  0.049999997
  89.  0.049999997
  58.  0.049999997
  63.  0.049999997
  67.  0.049999997
  77.  0.049999997
  99.  0.049999997
  83.  0.049999997
  65.  0.049999997
  55.  0.049999997
  84.  0.049999997
  58.  0.049999997
  66.  0.049999997
  85.  0.049999997
  56.  0.049999997
  74.  0.049999997
  84.  0.049999997
  71.  0.049999997
  58.  0.049999997
  58.  0.049999997
  74.  0.049999997
  68.  0.049999997
  72.  0.049999997
  73.  0.049999997
  55.  0.049999997
  61.  0.049999997
  67.  0.049999997
  65.  0.049999997
  65.  0.049999997
  59.  0.049999997
  76.  0.049999997
  75.  0.049999997
  66.  0.049999997
  68.  0.049999997
  81.  0.049999997
  72.  0.049999997
  87.  0.049999997
  63.  0.049999997
  81.  0.049999997
  67.  0.049999997
  74.  0.049999997
  60.  0.049999997
  63.  0.049999997
  77.  0.049999997
  69.  0.049999997
  85.  0.049999997
  95.  0.049999997
  64.  0.049999997
  61.  0.049999997
  67.  0.049999997
  65.  0.049999997
  63.  0.049999997
  50.  0.049999997
  71.  0.049999997
  67.  0.049999997
  60.  0.049999997
  73.  0.049999997
  86.  0.049999997
  82.  0.049999997
  61.  0.049999997
  51.  0.049999997
  83.  0.049999997
  65.  0.049999997
  95.  0.049999997
  55.  0.049999997
  59.  0.049999997
  80.  0.049999997
  67.  0.049999997
  67.  0.049999997
  70.  0.049999997
  75.  0.049999997
  80.  0.049999997
  83.  0.049999997
  63.  0.049999997
  75.  0.049999997
  80.  0.049999997
  89.  0.049999997
  58.  0.049999997
  62.  0.049999997
  65.  0.049999997
  51.  0.049999997
  72.  0.049999997
