  53.  0.620000005
  0.  0.620000005
  53.  0.620000005
  0.  0.620000005
  66.  0.620000005
  0.  0.620000005
  0.  0.620000005
  81.  0.620000005
  50.  0.620000005
  73.  0.620000005
  78.  0.620000005
  82.  0.620000005
  0.  0.620000005
  0.  0.620000005
  0.  0.620000005
  64.  0.620000005
  56.  0.620000005
  65.  0.620000005
  0.  0.620000005
  0.  0.620000005
  95.  0.620000005
  44.  0.620000005
  74.  0.620000005
  0.  0.620000005
  0.  0.620000005
  0.  0.620000005
  61.  0.620000005
  0.  0.620000005
  47.  0.620000005
  0.  0.620000005
  79.  0.620000005
  75.  0.620000005
  0.  0.620000005
  62.  0.620000005
  0.  0.620000005
  47.  0.620000005
  53.  0.620000005
  84.  0.620000005
  52.  0.620000005
  0.  0.620000005
  0.  0.620000005
  87.  0.620000005
  63.  0.620000005
  0.  0.620000005
  0.  0.620000005
  69.  0.620000005
  0.  0.620000005
  0.  0.620000005
  91.  0.620000005
  0.  0.620000005
  73.  0.620000005
  0.  0.620000005
  0.  0.620000005
  74.  0.620000005
  44.  0.620000005
  0.  0.620000005
  56.  0.620000005
  72.  0.620000005
  0.  0.620000005
  65.  0.620000005
  0.  0.620000005
  64.  0.620000005
  69.  0.620000005
  0.  0.620000005
  85.  0.620000005
  53.  0.620000005
  56.  0.620000005
  97.  0.620000005
  46.  0.620000005
  46.  0.620000005
  0.  0.620000005
  0.  0.620000005
  0.  0.620000005
  62.  0.620000005
  51.  0.620000005
  90.  0.620000005
  0.  0.620000005
  0.  0.620000005
  0.  0.620000005
  0.  0.620000005
  65.  0.620000005
  0.  0.620000005
  0.  0.620000005
  55.  0.620000005
  69.  0.620000005
  62.  0.620000005
  71.  0.620000005
