  67.  0.419999987
  0.  0.419999987
  87.  0.419999987
  82.  0.419999987
  57.  0.419999987
  54.  0.419999987
  89.  0.419999987
  57.  0.419999987
  64.  0.419999987
  55.  0.419999987
  60.  0.419999987
  55.  0.419999987
  82.  0.419999987
  55.  0.419999987
  72.  0.419999987
  61.  0.419999987
  65.  0.419999987
  65.  0.419999987
  0.  0.419999987
  51.  0.419999987
  87.  0.419999987
  76.  0.419999987
  64.  0.419999987
  64.  0.419999987
  0.  0.419999987
  0.  0.419999987
  54.  0.419999987
  79.  0.419999987
  0.  0.419999987
  45.  0.419999987
  83.  0.419999987
  0.  0.419999987
  84.  0.419999987
  85.  0.419999987
  63.  0.419999987
  53.  0.419999987
  61.  0.419999987
  53.  0.419999987
  76.  0.419999987
  56.  0.419999987
  0.  0.419999987
  0.  0.419999987
  71.  0.419999987
  49.  0.419999987
  0.  0.419999987
  93.  0.419999987
  34.  0.419999987
  41.  0.419999987
  94.  0.419999987
  54.  0.419999987
  49.  0.419999987
  0.  0.419999987
  69.  0.419999987
  0.  0.419999987
  82.  0.419999987
  73.  0.419999987
  57.  0.419999987
  49.  0.419999987
  89.  0.419999987
  58.  0.419999987
  57.  0.419999987
  45.  0.419999987
  62.  0.419999987
  53.  0.419999987
  0.  0.419999987
  69.  0.419999987
  84.  0.419999987
  0.  0.419999987
  65.  0.419999987
  87.  0.419999987
  53.  0.419999987
  71.  0.419999987
  84.  0.419999987
  43.  0.419999987
  66.  0.419999987
  0.  0.419999987
  63.  0.419999987
  62.  0.419999987
  88.  0.419999987
  44.  0.419999987
  69.  0.419999987
  50.  0.419999987
  89.  0.419999987
  0.  0.419999987
  74.  0.419999987
  45.  0.419999987
  54.  0.419999987
  45.  0.419999987
  0.  0.419999987
  66.  0.419999987
  55.  0.419999987
  78.  0.419999987
  56.  0.419999987
  59.  0.419999987
