  48.  0.449999988
  78.  0.449999988
  50.  0.449999988
  0.  0.449999988
  90.  0.449999988
  89.  0.449999988
  72.  0.449999988
  56.  0.449999988
  67.  0.449999988
  67.  0.449999988
  89.  0.449999988
  0.  0.449999988
  85.  0.449999988
  52.  0.449999988
  56.  0.449999988
  61.  0.449999988
  0.  0.449999988
  0.  0.449999988
  88.  0.449999988
  81.  0.449999988
  93.  0.449999988
  53.  0.449999988
  79.  0.449999988
  76.  0.449999988
  70.  0.449999988
  59.  0.449999988
  0.  0.449999988
  93.  0.449999988
  43.  0.449999988
  97.  0.449999988
  83.  0.449999988
  71.  0.449999988
  85.  0.449999988
  0.  0.449999988
  80.  0.449999988
  82.  0.449999988
  92.  0.449999988
  61.  0.449999988
  0.  0.449999988
  48.  0.449999988
  72.  0.449999988
  0.  0.449999988
  52.  0.449999988
  60.  0.449999988
  62.  0.449999988
  76.  0.449999988
  91.  0.449999988
  85.  0.449999988
  85.  0.449999988
  0.  0.449999988
  83.  0.449999988
  61.  0.449999988
  79.  0.449999988
  49.  0.449999988
  54.  0.449999988
  88.  0.449999988
  0.  0.449999988
  0.  0.449999988
  83.  0.449999988
  82.  0.449999988
  0.  0.449999988
  0.  0.449999988
  55.  0.449999988
  87.  0.449999988
  87.  0.449999988
  56.  0.449999988
  43.  0.449999988
  71.  0.449999988
  73.  0.449999988
  53.  0.449999988
  0.  0.449999988
  53.  0.449999988
  56.  0.449999988
  86.  0.449999988
  89.  0.449999988
  59.  0.449999988
  0.  0.449999988
  66.  0.449999988
  0.  0.449999988
  76.  0.449999988
  76.  0.449999988
  0.  0.449999988
  67.  0.449999988
  41.  0.449999988
  0.  0.449999988
  93.  0.449999988
  73.  0.449999988
  72.  0.449999988
  62.  0.449999988
  70.  0.449999988
  60.  0.449999988
  57.  0.449999988
