  45.  0.199999988
  56.  0.199999988
  75.  0.199999988
  53.  0.199999988
  92.  0.199999988
  67.  0.199999988
  91.  0.199999988
  49.  0.199999988
  67.  0.199999988
  61.  0.199999988
  83.  0.199999988
  53.  0.199999988
  59.  0.199999988
  90.  0.199999988
  84.  0.199999988
  50.  0.199999988
  84.  0.199999988
  56.  0.199999988
  46.  0.199999988
  58.  0.199999988
  51.  0.199999988
  69.  0.199999988
  80.  0.199999988
  63.  0.199999988
  67.  0.199999988
  89.  0.199999988
  82.  0.199999988
  58.  0.199999988
  51.  0.199999988
  40.  0.199999988
  49.  0.199999988
  79.  0.199999988
  87.  0.199999988
  56.  0.199999988
  61.  0.199999988
  94.  0.199999988
  64.  0.199999988
  61.  0.199999988
  82.  0.199999988
  81.  0.199999988
  74.  0.199999988
  78.  0.199999988
  60.  0.199999988
  54.  0.199999988
  51.  0.199999988
  45.  0.199999988
  83.  0.199999988
  92.  0.199999988
  48.  0.199999988
  61.  0.199999988
  54.  0.199999988
  80.  0.199999988
  98.  0.199999988
  74.  0.199999988
  54.  0.199999988
  56.  0.199999988
  65.  0.199999988
  75.  0.199999988
  72.  0.199999988
  68.  0.199999988
  60.  0.199999988
  61.  0.199999988
  57.  0.199999988
  93.  0.199999988
  53.  0.199999988
  67.  0.199999988
  89.  0.199999988
  57.  0.199999988
  79.  0.199999988
  56.  0.199999988
  56.  0.199999988
  68.  0.199999988
  83.  0.199999988
  58.  0.199999988
  70.  0.199999988
  62.  0.199999988
  49.  0.199999988
  61.  0.199999988
  51.  0.199999988
  85.  0.199999988
  93.  0.199999988
  68.  0.199999988
  44.  0.199999988
  75.  0.199999988
  76.  0.199999988
  75.  0.199999988
  55.  0.199999988
  76.  0.199999988
  71.  0.199999988
  67.  0.199999988
  49.  0.199999988
  67.  0.199999988
  77.  0.199999988
  48.  0.199999988
  92.  0.199999988
  44.  0.199999988
