  0.  0.599999964
  0.  0.599999964
  92.  0.599999964
  64.  0.599999964
  0.  0.599999964
  95.  0.599999964
  61.  0.599999964
  70.  0.599999964
  0.  0.599999964
  61.  0.599999964
  68.  0.599999964
  0.  0.599999964
  79.  0.599999964
  54.  0.599999964
  0.  0.599999964
  46.  0.599999964
  98.  0.599999964
  76.  0.599999964
  0.  0.599999964
  0.  0.599999964
  0.  0.599999964
  67.  0.599999964
  83.  0.599999964
  0.  0.599999964
  93.  0.599999964
  0.  0.599999964
  61.  0.599999964
  64.  0.599999964
  0.  0.599999964
  60.  0.599999964
  0.  0.599999964
  60.  0.599999964
  64.  0.599999964
  65.  0.599999964
  78.  0.599999964
  74.  0.599999964
  97.  0.599999964
  65.  0.599999964
  70.  0.599999964
  55.  0.599999964
  0.  0.599999964
  0.  0.599999964
  54.  0.599999964
  61.  0.599999964
  0.  0.599999964
  56.  0.599999964
  82.  0.599999964
  82.  0.599999964
  91.  0.599999964
  0.  0.599999964
  66.  0.599999964
  58.  0.599999964
  74.  0.599999964
  0.  0.599999964
  0.  0.599999964
  70.  0.599999964
  61.  0.599999964
  0.  0.599999964
  97.  0.599999964
  54.  0.599999964
  0.  0.599999964
  0.  0.599999964
  0.  0.599999964
  47.  0.599999964
  89.  0.599999964
  60.  0.599999964
  73.  0.599999964
  63.  0.599999964
  0.  0.599999964
  67.  0.599999964
  0.  0.599999964
  89.  0.599999964
  52.  0.599999964
  0.  0.599999964
  74.  0.599999964
  97.  0.599999964
  45.  0.599999964
  58.  0.599999964
  0.  0.599999964
  73.  0.599999964
  83.  0.599999964
  0.  0.599999964
  68.  0.599999964
  0.  0.599999964
  0.  0.599999964
  69.  0.599999964
  65.  0.599999964
  97.  0.599999964
