  0.  0.719999969
  55.  0.719999969
  73.  0.719999969
  68.  0.719999969
  64.  0.719999969
  0.  0.719999969
  0.  0.719999969
  0.  0.719999969
  72.  0.719999969
  95.  0.719999969
  0.  0.719999969
  0.  0.719999969
  0.  0.719999969
  0.  0.719999969
  0.  0.719999969
  0.  0.719999969
  0.  0.719999969
  0.  0.719999969
  0.  0.719999969
  53.  0.719999969
  69.  0.719999969
  73.  0.719999969
  0.  0.719999969
  54.  0.719999969
  99.  0.719999969
  84.  0.719999969
  0.  0.719999969
  0.  0.719999969
  0.  0.719999969
  64.  0.719999969
  0.  0.719999969
  0.  0.719999969
  0.  0.719999969
  72.  0.719999969
  94.  0.719999969
  0.  0.719999969
  0.  0.719999969
  0.  0.719999969
  0.  0.719999969
  0.  0.719999969
  87.  0.719999969
  0.  0.719999969
  0.  0.719999969
  69.  0.719999969
  0.  0.719999969
  0.  0.719999969
  0.  0.719999969
  0.  0.719999969
  0.  0.719999969
  69.  0.719999969
  0.  0.719999969
  85.  0.719999969
  0.  0.719999969
  78.  0.719999969
  97.  0.719999969
  84.  0.719999969
  0.  0.719999969
  0.  0.719999969
  70.  0.719999969
  0.  0.719999969
  65.  0.719999969
  0.  0.719999969
  0.  0.719999969
  0.  0.719999969
  0.  0.719999969
  0.  0.719999969
  0.  0.719999969
  54.  0.719999969
  0.  0.719999969
  0.  0.719999969
  0.  0.719999969
  51.  0.719999969
  0.  0.719999969
  90.  0.719999969
  0.  0.719999969
  0.  0.719999969
  94.  0.719999969
  0.  0.719999969
  0.  0.719999969
  0.  0.719999969
  0.  0.719999969
  0.  0.719999969
  0.  0.719999969
  0.  0.719999969
