  0.  0.769999981
  0.  0.769999981
  0.  0.769999981
  0.  0.769999981
  0.  0.769999981
  0.  0.769999981
  0.  0.769999981
  0.  0.769999981
  0.  0.769999981
  0.  0.769999981
  60.  0.769999981
  0.  0.769999981
  0.  0.769999981
  0.  0.769999981
  59.  0.769999981
  0.  0.769999981
  0.  0.769999981
  0.  0.769999981
  0.  0.769999981
  0.  0.769999981
  0.  0.769999981
  60.  0.769999981
  0.  0.769999981
  0.  0.769999981
  0.  0.769999981
  0.  0.769999981
  73.  0.769999981
  64.  0.769999981
  0.  0.769999981
  0.  0.769999981
  0.  0.769999981
  0.  0.769999981
  0.  0.769999981
  66.  0.769999981
  0.  0.769999981
  61.  0.769999981
  0.  0.769999981
  95.  0.769999981
  0.  0.769999981
  0.  0.769999981
  0.  0.769999981
  0.  0.769999981
  0.  0.769999981
  89.  0.769999981
  0.  0.769999981
  0.  0.769999981
  54.  0.769999981
  0.  0.769999981
  0.  0.769999981
  0.  0.769999981
  0.  0.769999981
  49.  0.769999981
  99.  0.769999981
  96.  0.769999981
  0.  0.769999981
  0.  0.769999981
  0.  0.769999981
  0.  0.769999981
  0.  0.769999981
  93.  0.769999981
  0.  0.769999981
  0.  0.769999981
  0.  0.769999981
  0.  0.769999981
  0.  0.769999981
  0.  0.769999981
  0.  0.769999981
  68.  0.769999981
  82.  0.769999981
  0.  0.769999981
  0.  0.769999981
  96.  0.769999981
  0.  0.769999981
  0.  0.769999981
  0.  0.769999981
  0.  0.769999981
  0.  0.769999981
  0.  0.769999981
  0.  0.769999981
  69.  0.769999981
  0.  0.769999981
  0.  0.769999981
  75.  0.769999981
  0.  0.769999981
  59.  0.769999981
  0.  0.769999981
  0.  0.769999981
  95.  0.769999981
  0.  0.769999981
  69.  0.769999981
  0.  0.769999981
  0.  0.769999981
