  63.  0.219999999
  83.  0.219999999
  82.  0.219999999
  51.  0.219999999
  76.  0.219999999
  41.  0.219999999
  79.  0.219999999
  87.  0.219999999
  73.  0.219999999
  46.  0.219999999
  44.  0.219999999
  83.  0.219999999
  57.  0.219999999
  67.  0.219999999
  68.  0.219999999
  50.  0.219999999
  57.  0.219999999
  0.  0.219999999
  74.  0.219999999
  50.  0.219999999
  72.  0.219999999
  75.  0.219999999
  69.  0.219999999
  67.  0.219999999
  54.  0.219999999
  59.  0.219999999
  74.  0.219999999
  0.  0.219999999
  52.  0.219999999
  58.  0.219999999
  74.  0.219999999
  49.  0.219999999
  65.  0.219999999
  43.  0.219999999
  70.  0.219999999
  78.  0.219999999
  60.  0.219999999
  58.  0.219999999
  82.  0.219999999
  83.  0.219999999
  71.  0.219999999
  58.  0.219999999
  77.  0.219999999
  90.  0.219999999
  70.  0.219999999
  66.  0.219999999
  51.  0.219999999
  54.  0.219999999
  77.  0.219999999
  67.  0.219999999
  61.  0.219999999
  61.  0.219999999
  69.  0.219999999
  64.  0.219999999
  58.  0.219999999
  54.  0.219999999
  75.  0.219999999
  56.  0.219999999
  52.  0.219999999
  72.  0.219999999
  50.  0.219999999
  61.  0.219999999
  68.  0.219999999
  51.  0.219999999
  91.  0.219999999
  93.  0.219999999
  43.  0.219999999
  65.  0.219999999
  55.  0.219999999
  54.  0.219999999
  59.  0.219999999
  78.  0.219999999
  87.  0.219999999
  48.  0.219999999
  77.  0.219999999
  78.  0.219999999
  54.  0.219999999
  77.  0.219999999
  49.  0.219999999
  72.  0.219999999
  51.  0.219999999
  69.  0.219999999
  73.  0.219999999
  53.  0.219999999
  55.  0.219999999
  87.  0.219999999
  47.  0.219999999
  49.  0.219999999
  74.  0.219999999
  60.  0.219999999
  65.  0.219999999
  49.  0.219999999
  48.  0.219999999
  48.  0.219999999
  75.  0.219999999
  65.  0.219999999
  77.  0.219999999
