  0.  0.399999976
  70.  0.399999976
  0.  0.399999976
  93.  0.399999976
  93.  0.399999976
  60.  0.399999976
  89.  0.399999976
  48.  0.399999976
  71.  0.399999976
  54.  0.399999976
  70.  0.399999976
  49.  0.399999976
  64.  0.399999976
  59.  0.399999976
  0.  0.399999976
  82.  0.399999976
  94.  0.399999976
  48.  0.399999976
  70.  0.399999976
  71.  0.399999976
  48.  0.399999976
  53.  0.399999976
  77.  0.399999976
  47.  0.399999976
  87.  0.399999976
  54.  0.399999976
  52.  0.399999976
  80.  0.399999976
  58.  0.399999976
  0.  0.399999976
  71.  0.399999976
  0.  0.399999976
  57.  0.399999976
  89.  0.399999976
  72.  0.399999976
  82.  0.399999976
  98.  0.399999976
  58.  0.399999976
  88.  0.399999976
  46.  0.399999976
  86.  0.399999976
  49.  0.399999976
  0.  0.399999976
  78.  0.399999976
  85.  0.399999976
  76.  0.399999976
  97.  0.399999976
  84.  0.399999976
  68.  0.399999976
  48.  0.399999976
  91.  0.399999976
  49.  0.399999976
  67.  0.399999976
  64.  0.399999976
  56.  0.399999976
  99.  0.399999976
  0.  0.399999976
  59.  0.399999976
  0.  0.399999976
  55.  0.399999976
  59.  0.399999976
  64.  0.399999976
  96.  0.399999976
  0.  0.399999976
  0.  0.399999976
  54.  0.399999976
  53.  0.399999976
  0.  0.399999976
  0.  0.399999976
  0.  0.399999976
  69.  0.399999976
  61.  0.399999976
  50.  0.399999976
  49.  0.399999976
  48.  0.399999976
  0.  0.399999976
  71.  0.399999976
  81.  0.399999976
  0.  0.399999976
  64.  0.399999976
  84.  0.399999976
  97.  0.399999976
  88.  0.399999976
  48.  0.399999976
  92.  0.399999976
  96.  0.399999976
  0.  0.399999976
  92.  0.399999976
  52.  0.399999976
  69.  0.399999976
  88.  0.399999976
  71.  0.399999976
  86.  0.399999976
