  0.  0.649999976
  96.  0.649999976
  0.  0.649999976
  59.  0.649999976
  83.  0.649999976
  86.  0.649999976
  0.  0.649999976
  0.  0.649999976
  0.  0.649999976
  50.  0.649999976
  0.  0.649999976
  0.  0.649999976
  96.  0.649999976
  77.  0.649999976
  0.  0.649999976
  38.  0.649999976
  0.  0.649999976
  65.  0.649999976
  0.  0.649999976
  0.  0.649999976
  63.  0.649999976
  63.  0.649999976
  0.  0.649999976
  78.  0.649999976
  93.  0.649999976
  0.  0.649999976
  0.  0.649999976
  0.  0.649999976
  0.  0.649999976
  89.  0.649999976
  0.  0.649999976
  0.  0.649999976
  82.  0.649999976
  0.  0.649999976
  0.  0.649999976
  66.  0.649999976
  0.  0.649999976
  0.  0.649999976
  0.  0.649999976
  66.  0.649999976
  44.  0.649999976
  94.  0.649999976
  0.  0.649999976
  95.  0.649999976
  0.  0.649999976
  0.  0.649999976
  0.  0.649999976
  57.  0.649999976
  98.  0.649999976
  84.  0.649999976
  0.  0.649999976
  0.  0.649999976
  0.  0.649999976
  64.  0.649999976
  99.  0.649999976
  0.  0.649999976
  0.  0.649999976
  0.  0.649999976
  81.  0.649999976
  88.  0.649999976
  79.  0.649999976
  0.  0.649999976
  85.  0.649999976
  93.  0.649999976
  0.  0.649999976
  0.  0.649999976
  77.  0.649999976
  0.  0.649999976
  47.  0.649999976
  99.  0.649999976
  0.  0.649999976
  69.  0.649999976
  0.  0.649999976
  72.  0.649999976
  0.  0.649999976
  0.  0.649999976
  0.  0.649999976
  0.  0.649999976
  42.  0.649999976
