  0.  0.849999964
  0.  0.849999964
  0.  0.849999964
  0.  0.849999964
  0.  0.849999964
  0.  0.849999964
  0.  0.849999964
  0.  0.849999964
  0.  0.849999964
  0.  0.849999964
  0.  0.849999964
  0.  0.849999964
  0.  0.849999964
  0.  0.849999964
  0.  0.849999964
  0.  0.849999964
  0.  0.849999964
  0.  0.849999964
  0.  0.849999964
  0.  0.849999964
  0.  0.849999964
  0.  0.849999964
  0.  0.849999964
  0.  0.849999964
  0.  0.849999964
  0.  0.849999964
  0.  0.849999964
  0.  0.849999964
  0.  0.849999964
  0.  0.849999964
  0.  0.849999964
  0.  0.849999964
  0.  0.849999964
  90.  0.849999964
  0.  0.849999964
  0.  0.849999964
  0.  0.849999964
  0.  0.849999964
  0.  0.849999964
  0.  0.849999964
  0.  0.849999964
  0.  0.849999964
  0.  0.849999964
  0.  0.849999964
  0.  0.849999964
  0.  0.849999964
  0.  0.849999964
  77.  0.849999964
  0.  0.849999964
  0.  0.849999964
  0.  0.849999964
  0.  0.849999964
  0.  0.849999964
  0.  0.849999964
  0.  0.849999964
  0.  0.849999964
  0.  0.849999964
  0.  0.849999964
  0.  0.849999964
  0.  0.849999964
  0.  0.849999964
  0.  0.849999964
  0.  0.849999964
  0.  0.849999964
  99.  0.849999964
  0.  0.849999964
  0.  0.849999964
  81.  0.849999964
  0.  0.849999964
  0.  0.849999964
  0.  0.849999964
  0.  0.849999964
  0.  0.849999964
  0.  0.849999964
  0.  0.849999964
  0.  0.849999964
  0.  0.849999964
  0.  0.849999964
  0.  0.849999964
  0.  0.849999964
  0.  0.849999964
  0.  0.849999964
  0.  0.849999964
  0.  0.849999964
  0.  0.849999964
  0.  0.849999964
  0.  0.849999964
  0.  0.849999964
  0.  0.849999964
  0.  0.849999964
  0.  0.849999964
  0.  0.849999964
  0.  0.849999964
  0.  0.849999964
  0.  0.849999964
  0.  0.849999964
  0.  0.849999964
  0.  0.849999964
  0.  0.849999964
