  63.  0.550000012
  51.  0.550000012
  51.  0.550000012
  0.  0.550000012
  99.  0.550000012
  0.  0.550000012
  97.  0.550000012
  76.  0.550000012
  95.  0.550000012
  0.  0.550000012
  55.  0.550000012
  71.  0.550000012
  61.  0.550000012
  59.  0.550000012
  72.  0.550000012
  59.  0.550000012
  0.  0.550000012
  63.  0.550000012
  91.  0.550000012
  40.  0.550000012
  0.  0.550000012
  0.  0.550000012
  88.  0.550000012
  99.  0.550000012
  93.  0.550000012
  57.  0.550000012
  0.  0.550000012
  0.  0.550000012
  59.  0.550000012
  71.  0.550000012
  63.  0.550000012
  0.  0.550000012
  0.  0.550000012
  0.  0.550000012
  0.  0.550000012
  78.  0.550000012
  0.  0.550000012
  95.  0.550000012
  65.  0.550000012
  0.  0.550000012
  52.  0.550000012
  0.  0.550000012
  83.  0.550000012
  74.  0.550000012
  65.  0.550000012
  99.  0.550000012
  58.  0.550000012
  96.  0.550000012
  99.  0.550000012
  95.  0.550000012
  56.  0.550000012
  82.  0.550000012
  0.  0.550000012
  50.  0.550000012
  90.  0.550000012
  0.  0.550000012
  43.  0.550000012
  57.  0.550000012
  93.  0.550000012
  78.  0.550000012
  77.  0.550000012
  59.  0.550000012
  89.  0.550000012
  65.  0.550000012
  0.  0.550000012
  89.  0.550000012
  54.  0.550000012
  99.  0.550000012
  51.  0.550000012
  97.  0.550000012
  46.  0.550000012
  54.  0.550000012
  66.  0.550000012
  56.  0.550000012
  45.  0.550000012
  69.  0.550000012
  0.  0.550000012
  60.  0.550000012
  0.  0.550000012
  0.  0.550000012
  0.  0.550000012
  66.  0.550000012
  0.  0.550000012
  51.  0.550000012
  76.  0.550000012
  55.  0.550000012
  44.  0.550000012
  0.  0.550000012
