  84.  0.469999999
  82.  0.469999999
  93.  0.469999999
  88.  0.469999999
  0.  0.469999999
  77.  0.469999999
  55.  0.469999999
  74.  0.469999999
  0.  0.469999999
  0.  0.469999999
  100.  0.469999999
  79.  0.469999999
  73.  0.469999999
  54.  0.469999999
  91.  0.469999999
  63.  0.469999999
  96.  0.469999999
  96.  0.469999999
  65.  0.469999999
  76.  0.469999999
  50.  0.469999999
  57.  0.469999999
  61.  0.469999999
  0.  0.469999999
  40.  0.469999999
  61.  0.469999999
  0.  0.469999999
  0.  0.469999999
  53.  0.469999999
  88.  0.469999999
  50.  0.469999999
  89.  0.469999999
  50.  0.469999999
  0.  0.469999999
  93.  0.469999999
  55.  0.469999999
  0.  0.469999999
  82.  0.469999999
  58.  0.469999999
  0.  0.469999999
  73.  0.469999999
  95.  0.469999999
  51.  0.469999999
  56.  0.469999999
  51.  0.469999999
  79.  0.469999999
  79.  0.469999999
  55.  0.469999999
  59.  0.469999999
  0.  0.469999999
  88.  0.469999999
  50.  0.469999999
  72.  0.469999999
  66.  0.469999999
  66.  0.469999999
  71.  0.469999999
  66.  0.469999999
  81.  0.469999999
  0.  0.469999999
  0.  0.469999999
  60.  0.469999999
  65.  0.469999999
  98.  0.469999999
  0.  0.469999999
  57.  0.469999999
  79.  0.469999999
  76.  0.469999999
  70.  0.469999999
  96.  0.469999999
  81.  0.469999999
  72.  0.469999999
  61.  0.469999999
  0.  0.469999999
  47.  0.469999999
  0.  0.469999999
  59.  0.469999999
  83.  0.469999999
  60.  0.469999999
  0.  0.469999999
  70.  0.469999999
  99.  0.469999999
  66.  0.469999999
  97.  0.469999999
  49.  0.469999999
  60.  0.469999999
  64.  0.469999999
  0.  0.469999999
  67.  0.469999999
  58.  0.469999999
  68.  0.469999999
  86.  0.469999999
