  0.  0.799999952
  0.  0.799999952
  0.  0.799999952
  0.  0.799999952
  0.  0.799999952
  0.  0.799999952
  0.  0.799999952
  0.  0.799999952
  0.  0.799999952
  0.  0.799999952
  0.  0.799999952
  0.  0.799999952
  0.  0.799999952
  0.  0.799999952
  0.  0.799999952
  0.  0.799999952
  0.  0.799999952
  0.  0.799999952
  0.  0.799999952
  0.  0.799999952
  0.  0.799999952
  0.  0.799999952
  0.  0.799999952
  0.  0.799999952
  0.  0.799999952
  0.  0.799999952
  86.  0.799999952
  0.  0.799999952
  0.  0.799999952
  0.  0.799999952
  0.  0.799999952
  0.  0.799999952
  0.  0.799999952
  89.  0.799999952
  0.  0.799999952
  0.  0.799999952
  0.  0.799999952
  0.  0.799999952
  56.  0.799999952
  0.  0.799999952
  0.  0.799999952
  0.  0.799999952
  0.  0.799999952
  89.  0.799999952
  0.  0.799999952
  0.  0.799999952
  0.  0.799999952
  0.  0.799999952
  0.  0.799999952
  89.  0.799999952
  0.  0.799999952
  0.  0.799999952
  0.  0.799999952
  0.  0.799999952
  87.  0.799999952
  0.  0.799999952
  70.  0.799999952
  0.  0.799999952
  93.  0.799999952
  0.  0.799999952
  0.  0.799999952
  0.  0.799999952
  0.  0.799999952
  0.  0.799999952
  94.  0.799999952
  91.  0.799999952
  0.  0.799999952
  0.  0.799999952
  0.  0.799999952
  0.  0.799999952
  0.  0.799999952
  0.  0.799999952
  0.  0.799999952
  0.  0.799999952
  0.  0.799999952
  0.  0.799999952
  0.  0.799999952
  0.  0.799999952
  0.  0.799999952
  0.  0.799999952
  0.  0.799999952
  0.  0.799999952
  0.  0.799999952
  87.  0.799999952
  0.  0.799999952
  0.  0.799999952
  0.  0.799999952
  96.  0.799999952
  64.  0.799999952
  0.  0.799999952
  0.  0.799999952
  0.  0.799999952
