  0.  0.819999993
  0.  0.819999993
  0.  0.819999993
  0.  0.819999993
  0.  0.819999993
  0.  0.819999993
  0.  0.819999993
  0.  0.819999993
  0.  0.819999993
  0.  0.819999993
  0.  0.819999993
  0.  0.819999993
  0.  0.819999993
  0.  0.819999993
  0.  0.819999993
  0.  0.819999993
  0.  0.819999993
  0.  0.819999993
  0.  0.819999993
  0.  0.819999993
  0.  0.819999993
  0.  0.819999993
  80.  0.819999993
  0.  0.819999993
  0.  0.819999993
  0.  0.819999993
  0.  0.819999993
  0.  0.819999993
  0.  0.819999993
  0.  0.819999993
  0.  0.819999993
  0.  0.819999993
  0.  0.819999993
  0.  0.819999993
  0.  0.819999993
  97.  0.819999993
  0.  0.819999993
  0.  0.819999993
  83.  0.819999993
  0.  0.819999993
  71.  0.819999993
  0.  0.819999993
  0.  0.819999993
  0.  0.819999993
  0.  0.819999993
  0.  0.819999993
  0.  0.819999993
  0.  0.819999993
  0.  0.819999993
  0.  0.819999993
  93.  0.819999993
  0.  0.819999993
  0.  0.819999993
  0.  0.819999993
  0.  0.819999993
  0.  0.819999993
  0.  0.819999993
  0.  0.819999993
  0.  0.819999993
  0.  0.819999993
  0.  0.819999993
  69.  0.819999993
  0.  0.819999993
  0.  0.819999993
  0.  0.819999993
  0.  0.819999993
  82.  0.819999993
  0.  0.819999993
  72.  0.819999993
  0.  0.819999993
  0.  0.819999993
  0.  0.819999993
  0.  0.819999993
  0.  0.819999993
  0.  0.819999993
  85.  0.819999993
  0.  0.819999993
  0.  0.819999993
  0.  0.819999993
  0.  0.819999993
  0.  0.819999993
  0.  0.819999993
  0.  0.819999993
  99.  0.819999993
  0.  0.819999993
  0.  0.819999993
  0.  0.819999993
  0.  0.819999993
  0.  0.819999993
