  75.  0.170000002
  86.  0.170000002
  52.  0.170000002
  55.  0.170000002
  45.  0.170000002
  75.  0.170000002
  58.  0.170000002
  65.  0.170000002
  59.  0.170000002
  91.  0.170000002
  67.  0.170000002
  57.  0.170000002
  76.  0.170000002
  82.  0.170000002
  62.  0.170000002
  74.  0.170000002
  51.  0.170000002
  65.  0.170000002
  90.  0.170000002
  56.  0.170000002
  67.  0.170000002
  59.  0.170000002
  60.  0.170000002
  69.  0.170000002
  58.  0.170000002
  60.  0.170000002
  93.  0.170000002
  58.  0.170000002
  45.  0.170000002
  53.  0.170000002
  58.  0.170000002
  42.  0.170000002
  64.  0.170000002
  58.  0.170000002
  95.  0.170000002
  64.  0.170000002
  64.  0.170000002
  93.  0.170000002
  56.  0.170000002
  94.  0.170000002
  85.  0.170000002
  58.  0.170000002
  57.  0.170000002
  83.  0.170000002
  47.  0.170000002
  83.  0.170000002
  58.  0.170000002
  61.  0.170000002
  86.  0.170000002
  54.  0.170000002
  66.  0.170000002
  57.  0.170000002
  51.  0.170000002
  87.  0.170000002
  54.  0.170000002
  49.  0.170000002
  47.  0.170000002
  82.  0.170000002
  52.  0.170000002
  96.  0.170000002
  75.  0.170000002
  58.  0.170000002
  71.  0.170000002
  75.  0.170000002
  88.  0.170000002
  70.  0.170000002
  67.  0.170000002
  66.  0.170000002
  66.  0.170000002
  44.  0.170000002
  48.  0.170000002
  80.  0.170000002
  68.  0.170000002
  91.  0.170000002
  53.  0.170000002
  48.  0.170000002
  62.  0.170000002
  49.  0.170000002
  54.  0.170000002
  63.  0.170000002
  73.  0.170000002
  60.  0.170000002
  73.  0.170000002
  71.  0.170000002
  55.  0.170000002
  65.  0.170000002
  61.  0.170000002
  65.  0.170000002
  76.  0.170000002
  52.  0.170000002
  58.  0.170000002
  68.  0.170000002
  79.  0.170000002
  83.  0.170000002
  86.  0.170000002
  81.  0.170000002
  62.  0.170000002
  54.  0.170000002
  77.  0.170000002
