  55.  0.170000002
  67.  0.170000002
  36.  0.170000002
  34.  0.170000002
  34.  0.170000002
  54.  0.170000002
  42.  0.170000002
  48.  0.170000002
  36.  0.170000002
  67.  0.170000002
  56.  0.170000002
  35.  0.170000002
  64.  0.170000002
  65.  0.170000002
  46.  0.170000002
  68.  0.170000002
  38.  0.170000002
  43.  0.170000002
  71.  0.170000002
  34.  0.170000002
  45.  0.170000002
  36.  0.170000002
  48.  0.170000002
  50.  0.170000002
  41.  0.170000002
  40.  0.170000002
  80.  0.170000002
  37.  0.170000002
  33.  0.170000002
  51.  0.170000002
  38.  0.170000002
  28.  0.170000002
  42.  0.170000002
  45.  0.170000002
  81.  0.170000002
  43.  0.170000002
  38.  0.170000002
  73.  0.170000002
  44.  0.170000002
  88.  0.170000002
  74.  0.170000002
  38.  0.170000002
  38.  0.170000002
  64.  0.170000002
  33.  0.170000002
  66.  0.170000002
  47.  0.170000002
  38.  0.170000002
  66.  0.170000002
  34.  0.170000002
  53.  0.170000002
  28.  0.170000002
  84.  0.170000002
  31.  0.170000002
  74.  0.170000002
  40.  0.170000002
  38.  0.170000002
  32.  0.170000002
  57.  0.170000002
  34.  0.170000002
  81.  0.170000002
  57.  0.170000002
  38.  0.170000002
  50.  0.170000002
  52.  0.170000002
  73.  0.170000002
  56.  0.170000002
  42.  0.170000002
  43.  0.170000002
  50.  0.170000002
  29.  0.170000002
  31.  0.170000002
  68.  0.170000002
  60.  0.170000002
  70.  0.170000002
  43.  0.170000002
  32.  0.170000002
  43.  0.170000002
  32.  0.170000002
  36.  0.170000002
  43.  0.170000002
  58.  0.170000002
  47.  0.170000002
  62.  0.170000002
  50.  0.170000002
  31.  0.170000002
  43.  0.170000002
  47.  0.170000002
  39.  0.170000002
  62.  0.170000002
  30.  0.170000002
  41.  0.170000002
  40.  0.170000002
  61.  0.170000002
  63.  0.170000002
  66.  0.170000002
  67.  0.170000002
  42.  0.170000002
  36.  0.170000002
  62.  0.170000002
