  48.  0.219999999
  71.  0.219999999
  59.  0.219999999
  31.  0.219999999
  53.  0.219999999
  28.  0.219999999
  59.  0.219999999
  73.  0.219999999
  56.  0.219999999
  32.  0.219999999
  35.  0.219999999
  70.  0.219999999
  38.  0.219999999
  45.  0.219999999
  45.  0.219999999
  30.  0.219999999
  47.  0.219999999
  0.  0.219999999
  58.  0.219999999
  34.  0.219999999
  54.  0.219999999
  71.  0.219999999
  49.  0.219999999
  50.  0.219999999
  43.  0.219999999
  40.  0.219999999
  46.  0.219999999
  0.  0.219999999
  41.  0.219999999
  38.  0.219999999
  57.  0.219999999
  32.  0.219999999
  43.  0.219999999
  31.  0.219999999
  39.  0.219999999
  59.  0.219999999
  39.  0.219999999
  40.  0.219999999
  61.  0.219999999
  62.  0.219999999
  56.  0.219999999
  54.  0.219999999
  60.  0.219999999
  78.  0.219999999
  45.  0.219999999
  47.  0.219999999
  83.  0.219999999
  30.  0.219999999
  31.  0.219999999
  59.  0.219999999
  41.  0.219999999
  36.  0.219999999
  32.  0.219999999
  47.  0.219999999
  42.  0.219999999
  41.  0.219999999
  30.  0.219999999
  63.  0.219999999
  37.  0.219999999
  31.  0.219999999
  51.  0.219999999
  31.  0.219999999
  47.  0.219999999
  46.  0.219999999
  27.  0.219999999
  77.  0.219999999
  74.  0.219999999
  31.  0.219999999
  40.  0.219999999
  36.  0.219999999
  34.  0.219999999
  39.  0.219999999
  62.  0.219999999
  72.  0.219999999
  33.  0.219999999
  58.  0.219999999
  54.  0.219999999
  38.  0.219999999
  53.  0.219999999
  39.  0.219999999
  54.  0.219999999
  26.  0.219999999
  55.  0.219999999
  81.  0.219999999
  55.  0.219999999
  33.  0.219999999
  36.  0.219999999
  67.  0.219999999
  33.  0.219999999
  35.  0.219999999
  51.  0.219999999
  47.  0.219999999
  47.  0.219999999
  34.  0.219999999
  26.  0.219999999
  35.  0.219999999
  57.  0.219999999
  44.  0.219999999
  61.  0.219999999
  92.  0.219999999
