  0.  0.799999952
  0.  0.799999952
  0.  0.799999952
  0.  0.799999952
  0.  0.799999952
  0.  0.799999952
  0.  0.799999952
  0.  0.799999952
  0.  0.799999952
  0.  0.799999952
  84.  0.799999952
  0.  0.799999952
  0.  0.799999952
  0.  0.799999952
  0.  0.799999952
  0.  0.799999952
  0.  0.799999952
  0.  0.799999952
  0.  0.799999952
  0.  0.799999952
  0.  0.799999952
  0.  0.799999952
  0.  0.799999952
  0.  0.799999952
  0.  0.799999952
  0.  0.799999952
  0.  0.799999952
  32.  0.799999952
  77.  0.799999952
  0.  0.799999952
  51.  0.799999952
  0.  0.799999952
  0.  0.799999952
  0.  0.799999952
  0.  0.799999952
  0.  0.799999952
  52.  0.799999952
  0.  0.799999952
  0.  0.799999952
  73.  0.799999952
  0.  0.799999952
  0.  0.799999952
  29.  0.799999952
  0.  0.799999952
  0.  0.799999952
  0.  0.799999952
  0.  0.799999952
  40.  0.799999952
  0.  0.799999952
  79.  0.799999952
  0.  0.799999952
  0.  0.799999952
  0.  0.799999952
  0.  0.799999952
  34.  0.799999952
  0.  0.799999952
  0.  0.799999952
  0.  0.799999952
  0.  0.799999952
  37.  0.799999952
  0.  0.799999952
  45.  0.799999952
  0.  0.799999952
  60.  0.799999952
  0.  0.799999952
  0.  0.799999952
  0.  0.799999952
  0.  0.799999952
  0.  0.799999952
  51.  0.799999952
  58.  0.799999952
  0.  0.799999952
  0.  0.799999952
  0.  0.799999952
  0.  0.799999952
  0.  0.799999952
  0.  0.799999952
  0.  0.799999952
  0.  0.799999952
  0.  0.799999952
  0.  0.799999952
  0.  0.799999952
  62.  0.799999952
  0.  0.799999952
  0.  0.799999952
  0.  0.799999952
  0.  0.799999952
  0.  0.799999952
  0.  0.799999952
  63.  0.799999952
  78.  0.799999952
  0.  0.799999952
  0.  0.799999952
  69.  0.799999952
  0.  0.799999952
  47.  0.799999952
  44.  0.799999952
  0.  0.799999952
  0.  0.799999952
  0.  0.799999952
