  59.  0.149999991
  36.  0.149999991
  43.  0.149999991
  41.  0.149999991
  56.  0.149999991
  69.  0.149999991
  45.  0.149999991
  25.  0.149999991
  44.  0.149999991
  36.  0.149999991
  36.  0.149999991
  52.  0.149999991
  50.  0.149999991
  30.  0.149999991
  53.  0.149999991
  45.  0.149999991
  63.  0.149999991
  57.  0.149999991
  59.  0.149999991
  57.  0.149999991
  39.  0.149999991
  46.  0.149999991
  79.  0.149999991
  36.  0.149999991
  54.  0.149999991
  30.  0.149999991
  42.  0.149999991
  35.  0.149999991
  59.  0.149999991
  77.  0.149999991
  74.  0.149999991
  58.  0.149999991
  39.  0.149999991
  52.  0.149999991
  60.  0.149999991
  34.  0.149999991
  54.  0.149999991
  40.  0.149999991
  42.  0.149999991
  59.  0.149999991
  64.  0.149999991
  51.  0.149999991
  52.  0.149999991
  65.  0.149999991
  67.  0.149999991
  30.  0.149999991
  61.  0.149999991
  62.  0.149999991
  47.  0.149999991
  39.  0.149999991
  32.  0.149999991
  34.  0.149999991
  37.  0.149999991
  64.  0.149999991
  74.  0.149999991
  45.  0.149999991
  33.  0.149999991
  46.  0.149999991
  32.  0.149999991
  61.  0.149999991
  58.  0.149999991
  64.  0.149999991
  62.  0.149999991
  68.  0.149999991
  59.  0.149999991
  57.  0.149999991
  34.  0.149999991
  81.  0.149999991
  45.  0.149999991
  40.  0.149999991
  64.  0.149999991
  38.  0.149999991
  64.  0.149999991
  42.  0.149999991
  31.  0.149999991
  52.  0.149999991
  53.  0.149999991
  37.  0.149999991
  36.  0.149999991
  65.  0.149999991
  48.  0.149999991
  58.  0.149999991
  35.  0.149999991
  42.  0.149999991
  47.  0.149999991
  51.  0.149999991
  69.  0.149999991
  50.  0.149999991
  31.  0.149999991
  44.  0.149999991
  61.  0.149999991
  51.  0.149999991
  74.  0.149999991
  59.  0.149999991
  34.  0.149999991
  33.  0.149999991
  37.  0.149999991
  36.  0.149999991
  43.  0.149999991
  51.  0.149999991
