  34.  0.119999997
  60.  0.119999997
  46.  0.119999997
  62.  0.119999997
  50.  0.119999997
  59.  0.119999997
  54.  0.119999997
  59.  0.119999997
  40.  0.119999997
  62.  0.119999997
  68.  0.119999997
  62.  0.119999997
  55.  0.119999997
  33.  0.119999997
  50.  0.119999997
  48.  0.119999997
  57.  0.119999997
  61.  0.119999997
  66.  0.119999997
  72.  0.119999997
  47.  0.119999997
  40.  0.119999997
  59.  0.119999997
  51.  0.119999997
  52.  0.119999997
  58.  0.119999997
  44.  0.119999997
  56.  0.119999997
  52.  0.119999997
  59.  0.119999997
  43.  0.119999997
  38.  0.119999997
  35.  0.119999997
  30.  0.119999997
  57.  0.119999997
  67.  0.119999997
  32.  0.119999997
  40.  0.119999997
  38.  0.119999997
  32.  0.119999997
  65.  0.119999997
  83.  0.119999997
  52.  0.119999997
  44.  0.119999997
  64.  0.119999997
  63.  0.119999997
  67.  0.119999997
  53.  0.119999997
  35.  0.119999997
  44.  0.119999997
  36.  0.119999997
  58.  0.119999997
  34.  0.119999997
  53.  0.119999997
  42.  0.119999997
  60.  0.119999997
  76.  0.119999997
  41.  0.119999997
  43.  0.119999997
  71.  0.119999997
  45.  0.119999997
  63.  0.119999997
  55.  0.119999997
  61.  0.119999997
  29.  0.119999997
  64.  0.119999997
  44.  0.119999997
  39.  0.119999997
  69.  0.119999997
  50.  0.119999997
  58.  0.119999997
  87.  0.119999997
  69.  0.119999997
  56.  0.119999997
  100.  0.119999997
  59.  0.119999997
  73.  0.119999997
  0.  0.119999997
  39.  0.119999997
  62.  0.119999997
  34.  0.119999997
  59.  0.119999997
  36.  0.119999997
  43.  0.119999997
  42.  0.119999997
  37.  0.119999997
  46.  0.119999997
  42.  0.119999997
  57.  0.119999997
  58.  0.119999997
  69.  0.119999997
  75.  0.119999997
  35.  0.119999997
  84.  0.119999997
  65.  0.119999997
  53.  0.119999997
  53.  0.119999997
  40.  0.119999997
  51.  0.119999997
  57.  0.119999997
