  33.  0.25
  61.  0.25
  38.  0.25
  53.  0.25
  62.  0.25
  53.  0.25
  62.  0.25
  63.  0.25
  32.  0.25
  55.  0.25
  66.  0.25
  54.  0.25
  53.  0.25
  28.  0.25
  48.  0.25
  26.  0.25
  36.  0.25
  44.  0.25
  39.  0.25
  40.  0.25
  37.  0.25
  40.  0.25
  40.  0.25
  53.  0.25
  37.  0.25
  59.  0.25
  58.  0.25
  35.  0.25
  48.  0.25
  41.  0.25
  69.  0.25
  60.  0.25
  69.  0.25
  58.  0.25
  52.  0.25
  64.  0.25
  63.  0.25
  89.  0.25
  70.  0.25
  47.  0.25
  44.  0.25
  60.  0.25
  52.  0.25
  35.  0.25
  58.  0.25
  72.  0.25
  32.  0.25
  30.  0.25
  52.  0.25
  56.  0.25
  40.  0.25
  34.  0.25
  67.  0.25
  32.  0.25
  35.  0.25
  69.  0.25
  24.  0.25
  39.  0.25
  35.  0.25
  33.  0.25
  0.  0.25
  84.  0.25
  54.  0.25
  62.  0.25
  34.  0.25
  80.  0.25
  45.  0.25
  23.  0.25
  52.  0.25
  36.  0.25
  45.  0.25
  34.  0.25
  28.  0.25
  41.  0.25
  33.  0.25
  48.  0.25
  39.  0.25
  38.  0.25
  37.  0.25
  64.  0.25
  66.  0.25
  68.  0.25
  64.  0.25
  40.  0.25
  35.  0.25
  35.  0.25
  81.  0.25
  43.  0.25
  28.  0.25
  30.  0.25
  47.  0.25
  76.  0.25
  36.  0.25
  63.  0.25
  58.  0.25
  45.  0.25
  50.  0.25
  39.  0.25
  54.  0.25
  36.  0.25
