  72.  0.469999999
  55.  0.469999999
  78.  0.469999999
  62.  0.469999999
  0.  0.469999999
  59.  0.469999999
  31.  0.469999999
  42.  0.469999999
  0.  0.469999999
  0.  0.469999999
  76.  0.469999999
  84.  0.469999999
  58.  0.469999999
  95.  0.469999999
  47.  0.469999999
  26.  0.469999999
  64.  0.469999999
  35.  0.469999999
  72.  0.469999999
  77.  0.469999999
  51.  0.469999999
  54.  0.469999999
  27.  0.469999999
  30.  0.469999999
  33.  0.469999999
  0.  0.469999999
  28.  0.469999999
  30.  0.469999999
  80.  0.469999999
  0.  0.469999999
  77.  0.469999999
  0.  0.469999999
  14.  0.469999999
  58.  0.469999999
  23.  0.469999999
  66.  0.469999999
  29.  0.469999999
  0.  0.469999999
  76.  0.469999999
  35.  0.469999999
  0.  0.469999999
  62.  0.469999999
  35.  0.469999999
  79.  0.469999999
  0.  0.469999999
  51.  0.469999999
  72.  0.469999999
  29.  0.469999999
  40.  0.469999999
  31.  0.469999999
  60.  0.469999999
  70.  0.469999999
  40.  0.469999999
  34.  0.469999999
  0.  0.469999999
  56.  0.469999999
  29.  0.469999999
  52.  0.469999999
  40.  0.469999999
  52.  0.469999999
  52.  0.469999999
  47.  0.469999999
  54.  0.469999999
  0.  0.469999999
  0.  0.469999999
  30.  0.469999999
  32.  0.469999999
  78.  0.469999999
  0.  0.469999999
  29.  0.469999999
  56.  0.469999999
  57.  0.469999999
  53.  0.469999999
  69.  0.469999999
  58.  0.469999999
  48.  0.469999999
  31.  0.469999999
  0.  0.469999999
  29.  0.469999999
  0.  0.469999999
  34.  0.469999999
  57.  0.469999999
  31.  0.469999999
  0.  0.469999999
  48.  0.469999999
  69.  0.469999999
  47.  0.469999999
  92.  0.469999999
  72.  0.469999999
  28.  0.469999999
  44.  0.469999999
  45.  0.469999999
  0.  0.469999999
  81.  0.469999999
  44.  0.469999999
  38.  0.469999999
  41.  0.469999999
  84.  0.469999999
  62.  0.469999999
  83.  0.469999999
