  0.  0.75
  0.  0.75
  0.  0.75
  0.  0.75
  0.  0.75
  0.  0.75
  0.  0.75
  24.  0.75
  0.  0.75
  0.  0.75
  0.  0.75
  0.  0.75
  0.  0.75
  0.  0.75
  0.  0.75
  0.  0.75
  0.  0.75
  79.  0.75
  0.  0.75
  0.  0.75
  0.  0.75
  0.  0.75
  85.  0.75
  0.  0.75
  0.  0.75
  0.  0.75
  45.  0.75
  42.  0.75
  0.  0.75
  0.  0.75
  0.  0.75
  0.  0.75
  0.  0.75
  0.  0.75
  38.  0.75
  0.  0.75
  79.  0.75
  27.  0.75
  0.  0.75
  0.  0.75
  45.  0.75
  0.  0.75
  33.  0.75
  0.  0.75
  0.  0.75
  0.  0.75
  0.  0.75
  0.  0.75
  58.  0.75
  0.  0.75
  0.  0.75
  76.  0.75
  0.  0.75
  0.  0.75
  0.  0.75
  0.  0.75
  26.  0.75
  51.  0.75
  0.  0.75
  88.  0.75
  0.  0.75
  48.  0.75
  0.  0.75
  0.  0.75
  86.  0.75
  0.  0.75
  97.  0.75
  74.  0.75
  40.  0.75
  41.  0.75
  0.  0.75
  0.  0.75
  0.  0.75
  0.  0.75
  54.  0.75
  0.  0.75
  0.  0.75
  43.  0.75
  0.  0.75
  28.  0.75
  0.  0.75
  0.  0.75
  53.  0.75
  0.  0.75
  0.  0.75
  72.  0.75
  69.  0.75
  0.  0.75
  0.  0.75
  0.  0.75
  0.  0.75
  0.  0.75
  0.  0.75
  0.  0.75
  0.  0.75
  30.  0.75
  0.  0.75
  0.  0.75
  0.  0.75
  0.  0.75
