  53.  0.099999994
  48.  0.099999994
  41.  0.099999994
  75.  0.099999994
  49.  0.099999994
  74.  0.099999994
  42.  0.099999994
  37.  0.099999994
  56.  0.099999994
  38.  0.099999994
  35.  0.099999994
  37.  0.099999994
  86.  0.099999994
  48.  0.099999994
  39.  0.099999994
  43.  0.099999994
  38.  0.099999994
  40.  0.099999994
  52.  0.099999994
  31.  0.099999994
  46.  0.099999994
  56.  0.099999994
  37.  0.099999994
  64.  0.099999994
  34.  0.099999994
  44.  0.099999994
  37.  0.099999994
  37.  0.099999994
  61.  0.099999994
  45.  0.099999994
  73.  0.099999994
  41.  0.099999994
  53.  0.099999994
  42.  0.099999994
  31.  0.099999994
  56.  0.099999994
  51.  0.099999994
  41.  0.099999994
  40.  0.099999994
  57.  0.099999994
  41.  0.099999994
  83.  0.099999994
  35.  0.099999994
  77.  0.099999994
  57.  0.099999994
  46.  0.099999994
  52.  0.099999994
  65.  0.099999994
  40.  0.099999994
  37.  0.099999994
  60.  0.099999994
  37.  0.099999994
  41.  0.099999994
  35.  0.099999994
  60.  0.099999994
  79.  0.099999994
  81.  0.099999994
  41.  0.099999994
  69.  0.099999994
  32.  0.099999994
  60.  0.099999994
  52.  0.099999994
  54.  0.099999994
  53.  0.099999994
  31.  0.099999994
  46.  0.099999994
  36.  0.099999994
  50.  0.099999994
  41.  0.099999994
  40.  0.099999994
  64.  0.099999994
  42.  0.099999994
  52.  0.099999994
  57.  0.099999994
  27.  0.099999994
  38.  0.099999994
  33.  0.099999994
  64.  0.099999994
  45.  0.099999994
  66.  0.099999994
  48.  0.099999994
  43.  0.099999994
  63.  0.099999994
  53.  0.099999994
  62.  0.099999994
  36.  0.099999994
  40.  0.099999994
  41.  0.099999994
  54.  0.099999994
  61.  0.099999994
  36.  0.099999994
  36.  0.099999994
  75.  0.099999994
  35.  0.099999994
  70.  0.099999994
  40.  0.099999994
  46.  0.099999994
  57.  0.099999994
  50.  0.099999994
  59.  0.099999994
