  55.  0.419999987
  0.  0.419999987
  62.  0.419999987
  62.  0.419999987
  87.  0.419999987
  36.  0.419999987
  31.  0.419999987
  66.  0.419999987
  33.  0.419999987
  40.  0.419999987
  28.  0.419999987
  35.  0.419999987
  29.  0.419999987
  63.  0.419999987
  30.  0.419999987
  53.  0.419999987
  45.  0.419999987
  81.  0.419999987
  48.  0.419999987
  43.  0.419999987
  92.  0.419999987
  0.  0.419999987
  30.  0.419999987
  75.  0.419999987
  61.  0.419999987
  32.  0.419999987
  39.  0.419999987
  0.  0.419999987
  0.  0.419999987
  28.  0.419999987
  52.  0.419999987
  0.  0.419999987
  35.  0.419999987
  68.  0.419999987
  0.  0.419999987
  69.  0.419999987
  65.  0.419999987
  41.  0.419999987
  31.  0.419999987
  37.  0.419999987
  95.  0.419999987
  28.  0.419999987
  56.  0.419999987
  43.  0.419999987
  0.  0.419999987
  0.  0.419999987
  46.  0.419999987
  30.  0.419999987
  0.  0.419999987
  77.  0.419999987
  22.  0.419999987
  26.  0.419999987
  79.  0.419999987
  26.  0.419999987
  34.  0.419999987
  0.  0.419999987
  50.  0.419999987
  0.  0.419999987
  62.  0.419999987
  51.  0.419999987
  82.  0.419999987
  30.  0.419999987
  32.  0.419999987
  71.  0.419999987
  34.  0.419999987
  31.  0.419999987
  40.  0.419999987
  40.  0.419999987
  34.  0.419999987
  0.  0.419999987
  53.  0.419999987
  60.  0.419999987
  0.  0.419999987
  37.  0.419999987
  69.  0.419999987
  39.  0.419999987
  45.  0.419999987
  64.  0.419999987
  33.  0.419999987
  44.  0.419999987
  0.  0.419999987
  44.  0.419999987
  41.  0.419999987
  71.  0.419999987
  34.  0.419999987
  43.  0.419999987
  33.  0.419999987
  60.  0.419999987
  0.  0.419999987
  61.  0.419999987
  29.  0.419999987
  40.  0.419999987
  20.  0.419999987
  0.  0.419999987
  96.  0.419999987
  33.  0.419999987
  31.  0.419999987
  61.  0.419999987
  33.  0.419999987
  44.  0.419999987
