  0.  0.649999976
  75.  0.649999976
  0.  0.649999976
  41.  0.649999976
  53.  0.649999976
  66.  0.649999976
  0.  0.649999976
  0.  0.649999976
  91.  0.649999976
  0.  0.649999976
  30.  0.649999976
  0.  0.649999976
  0.  0.649999976
  78.  0.649999976
  64.  0.649999976
  44.  0.649999976
  0.  0.649999976
  91.  0.649999976
  30.  0.649999976
  0.  0.649999976
  29.  0.649999976
  0.  0.649999976
  0.  0.649999976
  30.  0.649999976
  34.  0.649999976
  0.  0.649999976
  60.  0.649999976
  60.  0.649999976
  90.  0.649999976
  89.  0.649999976
  78.  0.649999976
  0.  0.649999976
  0.  0.649999976
  89.  0.649999976
  0.  0.649999976
  0.  0.649999976
  52.  0.649999976
  0.  0.649999976
  0.  0.649999976
  52.  0.649999976
  0.  0.649999976
  0.  0.649999976
  36.  0.649999976
  0.  0.649999976
  0.  0.649999976
  0.  0.649999976
  77.  0.649999976
  37.  0.649999976
  26.  0.649999976
  75.  0.649999976
  65.  0.649999976
  97.  0.649999976
  0.  0.649999976
  71.  0.649999976
  0.  0.649999976
  0.  0.649999976
  0.  0.649999976
  34.  0.649999976
  59.  0.649999976
  58.  0.649999976
  0.  0.649999976
  0.  0.649999976
  0.  0.649999976
  26.  0.649999976
  62.  0.649999976
  0.  0.649999976
  75.  0.649999976
  0.  0.649999976
  0.  0.649999976
  88.  0.649999976
  45.  0.649999976
  51.  0.649999976
  40.  0.649999976
  0.  0.649999976
  38.  0.649999976
  58.  0.649999976
  0.  0.649999976
  0.  0.649999976
  73.  0.649999976
  50.  0.649999976
  69.  0.649999976
  0.  0.649999976
  97.  0.649999976
  90.  0.649999976
  28.  0.649999976
  85.  0.649999976
  91.  0.649999976
  0.  0.649999976
  69.  0.649999976
  40.  0.649999976
  0.  0.649999976
  32.  0.649999976
  0.  0.649999976
  0.  0.649999976
  97.  0.649999976
  95.  0.649999976
  0.  0.649999976
  0.  0.649999976
  23.  0.649999976
  86.  0.649999976
