  0.  0.819999993
  34.  0.819999993
  0.  0.819999993
  0.  0.819999993
  0.  0.819999993
  0.  0.819999993
  0.  0.819999993
  0.  0.819999993
  86.  0.819999993
  0.  0.819999993
  0.  0.819999993
  0.  0.819999993
  0.  0.819999993
  72.  0.819999993
  0.  0.819999993
  0.  0.819999993
  0.  0.819999993
  0.  0.819999993
  0.  0.819999993
  0.  0.819999993
  0.  0.819999993
  0.  0.819999993
  63.  0.819999993
  0.  0.819999993
  0.  0.819999993
  0.  0.819999993
  29.  0.819999993
  0.  0.819999993
  97.  0.819999993
  0.  0.819999993
  0.  0.819999993
  0.  0.819999993
  0.  0.819999993
  0.  0.819999993
  0.  0.819999993
  0.  0.819999993
  0.  0.819999993
  0.  0.819999993
  0.  0.819999993
  0.  0.819999993
  54.  0.819999993
  0.  0.819999993
  0.  0.819999993
  46.  0.819999993
  76.  0.819999993
  0.  0.819999993
  72.  0.819999993
  46.  0.819999993
  0.  0.819999993
  0.  0.819999993
  0.  0.819999993
  0.  0.819999993
  0.  0.819999993
  96.  0.819999993
  0.  0.819999993
  0.  0.819999993
  0.  0.819999993
  0.  0.819999993
  45.  0.819999993
  0.  0.819999993
  0.  0.819999993
  0.  0.819999993
  0.  0.819999993
  0.  0.819999993
  0.  0.819999993
  0.  0.819999993
  0.  0.819999993
  0.  0.819999993
  41.  0.819999993
  0.  0.819999993
  48.  0.819999993
  0.  0.819999993
  0.  0.819999993
  0.  0.819999993
  0.  0.819999993
  33.  0.819999993
  0.  0.819999993
  24.  0.819999993
  0.  0.819999993
  0.  0.819999993
  0.  0.819999993
  0.  0.819999993
  0.  0.819999993
  0.  0.819999993
  57.  0.819999993
  0.  0.819999993
  0.  0.819999993
  0.  0.819999993
  62.  0.819999993
  0.  0.819999993
  0.  0.819999993
  0.  0.819999993
  0.  0.819999993
  51.  0.819999993
  0.  0.819999993
  0.  0.819999993
  0.  0.819999993
  0.  0.819999993
  68.  0.819999993
  0.  0.819999993
