  80.  0.569999993
  0.  0.569999993
  0.  0.569999993
  46.  0.569999993
  37.  0.569999993
  0.  0.569999993
  0.  0.569999993
  32.  0.569999993
  78.  0.569999993
  77.  0.569999993
  30.  0.569999993
  61.  0.569999993
  24.  0.569999993
  0.  0.569999993
  0.  0.569999993
  0.  0.569999993
  52.  0.569999993
  58.  0.569999993
  46.  0.569999993
  73.  0.569999993
  52.  0.569999993
  87.  0.569999993
  77.  0.569999993
  0.  0.569999993
  31.  0.569999993
  36.  0.569999993
  59.  0.569999993
  0.  0.569999993
  40.  0.569999993
  0.  0.569999993
  0.  0.569999993
  51.  0.569999993
  31.  0.569999993
  0.  0.569999993
  0.  0.569999993
  0.  0.569999993
  0.  0.569999993
  37.  0.569999993
  43.  0.569999993
  94.  0.569999993
  0.  0.569999993
  70.  0.569999993
  91.  0.569999993
  56.  0.569999993
  0.  0.569999993
  0.  0.569999993
  0.  0.569999993
  57.  0.569999993
  44.  0.569999993
  45.  0.569999993
  0.  0.569999993
  37.  0.569999993
  0.  0.569999993
  91.  0.569999993
  44.  0.569999993
  31.  0.569999993
  0.  0.569999993
  0.  0.569999993
  24.  0.569999993
  52.  0.569999993
  53.  0.569999993
  0.  0.569999993
  0.  0.569999993
  0.  0.569999993
  70.  0.569999993
  29.  0.569999993
  26.  0.569999993
  67.  0.569999993
  30.  0.569999993
  62.  0.569999993
  75.  0.569999993
  24.  0.569999993
  65.  0.569999993
  93.  0.569999993
  39.  0.569999993
  0.  0.569999993
  93.  0.569999993
  31.  0.569999993
  0.  0.569999993
  38.  0.569999993
  69.  0.569999993
  0.  0.569999993
  33.  0.569999993
  39.  0.569999993
  0.  0.569999993
  31.  0.569999993
  30.  0.569999993
  31.  0.569999993
  32.  0.569999993
  0.  0.569999993
  35.  0.569999993
  0.  0.569999993
  83.  0.569999993
  0.  0.569999993
  0.  0.569999993
  31.  0.569999993
  55.  0.569999993
  0.  0.569999993
  0.  0.569999993
  0.  0.569999993
