  0.  0.849999964
  0.  0.849999964
  0.  0.849999964
  0.  0.849999964
  0.  0.849999964
  0.  0.849999964
  0.  0.849999964
  0.  0.849999964
  0.  0.849999964
  0.  0.849999964
  0.  0.849999964
  0.  0.849999964
  0.  0.849999964
  0.  0.849999964
  0.  0.849999964
  0.  0.849999964
  0.  0.849999964
  0.  0.849999964
  0.  0.849999964
  0.  0.849999964
  0.  0.849999964
  0.  0.849999964
  0.  0.849999964
  0.  0.849999964
  0.  0.849999964
  0.  0.849999964
  0.  0.849999964
  0.  0.849999964
  0.  0.849999964
  0.  0.849999964
  0.  0.849999964
  0.  0.849999964
  0.  0.849999964
  37.  0.849999964
  0.  0.849999964
  0.  0.849999964
  0.  0.849999964
  0.  0.849999964
  0.  0.849999964
  0.  0.849999964
  0.  0.849999964
  0.  0.849999964
  0.  0.849999964
  0.  0.849999964
  0.  0.849999964
  0.  0.849999964
  0.  0.849999964
  27.  0.849999964
  0.  0.849999964
  0.  0.849999964
  0.  0.849999964
  0.  0.849999964
  0.  0.849999964
  0.  0.849999964
  0.  0.849999964
  0.  0.849999964
  0.  0.849999964
  0.  0.849999964
  0.  0.849999964
  0.  0.849999964
  0.  0.849999964
  0.  0.849999964
  0.  0.849999964
  0.  0.849999964
  40.  0.849999964
  0.  0.849999964
  0.  0.849999964
  28.  0.849999964
  0.  0.849999964
  0.  0.849999964
  0.  0.849999964
  0.  0.849999964
  0.  0.849999964
  0.  0.849999964
  0.  0.849999964
  0.  0.849999964
  0.  0.849999964
  0.  0.849999964
  0.  0.849999964
  0.  0.849999964
  0.  0.849999964
  0.  0.849999964
  0.  0.849999964
  0.  0.849999964
  0.  0.849999964
  0.  0.849999964
  0.  0.849999964
  0.  0.849999964
  0.  0.849999964
  0.  0.849999964
  0.  0.849999964
  0.  0.849999964
  0.  0.849999964
  0.  0.849999964
  0.  0.849999964
  64.  0.849999964
  0.  0.849999964
  0.  0.849999964
  0.  0.849999964
  0.  0.849999964
