  31.  0.5
  89.  0.5
  39.  0.5
  99.  0.5
  79.  0.5
  0.  0.5
  43.  0.5
  36.  0.5
  73.  0.5
  38.  0.5
  63.  0.5
  0.  0.5
  33.  0.5
  57.  0.5
  41.  0.5
  76.  0.5
  60.  0.5
  0.  0.5
  27.  0.5
  100.  0.5
  43.  0.5
  0.  0.5
  70.  0.5
  46.  0.5
  0.  0.5
  71.  0.5
  29.  0.5
  100.  0.5
  97.  0.5
  0.  0.5
  56.  0.5
  0.  0.5
  44.  0.5
  0.  0.5
  95.  0.5
  32.  0.5
  32.  0.5
  37.  0.5
  30.  0.5
  91.  0.5
  79.  0.5
  67.  0.5
  29.  0.5
  86.  0.5
  95.  0.5
  0.  0.5
  36.  0.5
  0.  0.5
  61.  0.5
  0.  0.5
  70.  0.5
  60.  0.5
  46.  0.5
  0.  0.5
  0.  0.5
  69.  0.5
  0.  0.5
  29.  0.5
  45.  0.5
  39.  0.5
  28.  0.5
  35.  0.5
  27.  0.5
  26.  0.5
  85.  0.5
  22.  0.5
  25.  0.5
  68.  0.5
  64.  0.5
  74.  0.5
  51.  0.5
  0.  0.5
  31.  0.5
  85.  0.5
  80.  0.5
  0.  0.5
  25.  0.5
  28.  0.5
  0.  0.5
  29.  0.5
  35.  0.5
  31.  0.5
  40.  0.5
  48.  0.5
  20.  0.5
  68.  0.5
  26.  0.5
  81.  0.5
  0.  0.5
  43.  0.5
  69.  0.5
  53.  0.5
  0.  0.5
  0.  0.5
  0.  0.5
  84.  0.5
  0.  0.5
  87.  0.5
  0.  0.5
  34.  0.5
