  0.  0.399999976
  79.  0.399999976
  39.  0.399999976
  0.  0.399999976
  78.  0.399999976
  71.  0.399999976
  31.  0.399999976
  64.  0.399999976
  37.  0.399999976
  53.  0.399999976
  30.  0.399999976
  47.  0.399999976
  29.  0.399999976
  51.  0.399999976
  41.  0.399999976
  0.  0.399999976
  80.  0.399999976
  58.  0.399999976
  77.  0.399999976
  29.  0.399999976
  52.  0.399999976
  43.  0.399999976
  32.  0.399999976
  34.  0.399999976
  56.  0.399999976
  28.  0.399999976
  69.  0.399999976
  35.  0.399999976
  28.  0.399999976
  62.  0.399999976
  43.  0.399999976
  81.  0.399999976
  0.  0.399999976
  56.  0.399999976
  0.  0.399999976
  27.  0.399999976
  70.  0.399999976
  57.  0.399999976
  59.  0.399999976
  77.  0.399999976
  35.  0.399999976
  74.  0.399999976
  21.  0.399999976
  65.  0.399999976
  27.  0.399999976
  0.  0.399999976
  61.  0.399999976
  69.  0.399999976
  91.  0.399999976
  53.  0.399999976
  87.  0.399999976
  55.  0.399999976
  49.  0.399999976
  29.  0.399999976
  64.  0.399999976
  26.  0.399999976
  56.  0.399999976
  43.  0.399999976
  31.  0.399999976
  85.  0.399999976
  0.  0.399999976
  30.  0.399999976
  80.  0.399999976
  0.  0.399999976
  32.  0.399999976
  31.  0.399999976
  40.  0.399999976
  79.  0.399999976
  0.  0.399999976
  0.  0.399999976
  29.  0.399999976
  32.  0.399999976
  0.  0.399999976
  76.  0.399999976
  0.  0.399999976
  0.  0.399999976
  42.  0.399999976
  55.  0.399999976
  32.  0.399999976
  27.  0.399999976
  24.  0.399999976
  0.  0.399999976
  56.  0.399999976
  62.  0.399999976
  0.  0.399999976
  34.  0.399999976
  65.  0.399999976
  76.  0.399999976
  67.  0.399999976
  30.  0.399999976
  76.  0.399999976
  76.  0.399999976
  83.  0.399999976
  0.  0.399999976
  77.  0.399999976
  29.  0.399999976
  41.  0.399999976
  72.  0.399999976
  51.  0.399999976
  64.  0.399999976
