  43.  0.669999957
  66.  0.669999957
  28.  0.669999957
  43.  0.669999957
  0.  0.669999957
  0.  0.669999957
  0.  0.669999957
  62.  0.669999957
  68.  0.669999957
  50.  0.669999957
  54.  0.669999957
  67.  0.669999957
  23.  0.669999957
  0.  0.669999957
  0.  0.669999957
  87.  0.669999957
  28.  0.669999957
  94.  0.669999957
  52.  0.669999957
  48.  0.669999957
  0.  0.669999957
  40.  0.669999957
  0.  0.669999957
  0.  0.669999957
  53.  0.669999957
  0.  0.669999957
  39.  0.669999957
  0.  0.669999957
  26.  0.669999957
  0.  0.669999957
  0.  0.669999957
  0.  0.669999957
  0.  0.669999957
  89.  0.669999957
  50.  0.669999957
  0.  0.669999957
  34.  0.669999957
  96.  0.669999957
  64.  0.669999957
  0.  0.669999957
  0.  0.669999957
  37.  0.669999957
  30.  0.669999957
  0.  0.669999957
  37.  0.669999957
  56.  0.669999957
  80.  0.669999957
  53.  0.669999957
  0.  0.669999957
  51.  0.669999957
  27.  0.669999957
  0.  0.669999957
  78.  0.669999957
  68.  0.669999957
  0.  0.669999957
  100.  0.669999957
  71.  0.669999957
  0.  0.669999957
  0.  0.669999957
  88.  0.669999957
  34.  0.669999957
  0.  0.669999957
  93.  0.669999957
  0.  0.669999957
  30.  0.669999957
  0.  0.669999957
  83.  0.669999957
  0.  0.669999957
  56.  0.669999957
  25.  0.669999957
  0.  0.669999957
  32.  0.669999957
  37.  0.669999957
  0.  0.669999957
  41.  0.669999957
  0.  0.669999957
  0.  0.669999957
  29.  0.669999957
  57.  0.669999957
  0.  0.669999957
  0.  0.669999957
  73.  0.669999957
  0.  0.669999957
  0.  0.669999957
  0.  0.669999957
  0.  0.669999957
  0.  0.669999957
  0.  0.669999957
  68.  0.669999957
  62.  0.669999957
  41.  0.669999957
  29.  0.669999957
  0.  0.669999957
  0.  0.669999957
  82.  0.669999957
  52.  0.669999957
  0.  0.669999957
  63.  0.669999957
  0.  0.669999957
  0.  0.669999957
