  87.  0.550000012
  38.  0.550000012
  29.  0.550000012
  30.  0.550000012
  0.  0.550000012
  74.  0.550000012
  0.  0.550000012
  80.  0.550000012
  36.  0.550000012
  70.  0.550000012
  0.  0.550000012
  32.  0.550000012
  76.  0.550000012
  54.  0.550000012
  41.  0.550000012
  43.  0.550000012
  47.  0.550000012
  28.  0.550000012
  0.  0.550000012
  32.  0.550000012
  75.  0.550000012
  32.  0.550000012
  0.  0.550000012
  0.  0.550000012
  56.  0.550000012
  71.  0.550000012
  77.  0.550000012
  74.  0.550000012
  36.  0.550000012
  0.  0.550000012
  0.  0.550000012
  35.  0.550000012
  43.  0.550000012
  38.  0.550000012
  76.  0.550000012
  0.  0.550000012
  0.  0.550000012
  0.  0.550000012
  0.  0.550000012
  65.  0.550000012
  0.  0.550000012
  68.  0.550000012
  98.  0.550000012
  45.  0.550000012
  0.  0.550000012
  30.  0.550000012
  0.  0.550000012
  51.  0.550000012
  65.  0.550000012
  32.  0.550000012
  69.  0.550000012
  80.  0.550000012
  28.  0.550000012
  70.  0.550000012
  71.  0.550000012
  70.  0.550000012
  25.  0.550000012
  58.  0.550000012
  0.  0.550000012
  28.  0.550000012
  100.  0.550000012
  68.  0.550000012
  0.  0.550000012
  26.  0.550000012
  31.  0.550000012
  72.  0.550000012
  48.  0.550000012
  52.  0.550000012
  31.  0.550000012
  58.  0.550000012
  51.  0.550000012
  0.  0.550000012
  66.  0.550000012
  92.  0.550000012
  32.  0.550000012
  66.  0.550000012
  78.  0.550000012
  24.  0.550000012
  64.  0.550000012
  84.  0.550000012
  36.  0.550000012
  27.  0.550000012
  38.  0.550000012
  39.  0.550000012
  22.  0.550000012
  44.  0.550000012
  0.  0.550000012
  88.  0.550000012
  34.  0.550000012
  0.  0.550000012
  0.  0.550000012
  0.  0.550000012
  43.  0.550000012
  0.  0.550000012
  82.  0.550000012
  39.  0.550000012
  54.  0.550000012
  30.  0.550000012
  24.  0.550000012
  0.  0.550000012
