  26.  0.449999988
  47.  0.449999988
  32.  0.449999988
  0.  0.449999988
  62.  0.449999988
  58.  0.449999988
  47.  0.449999988
  31.  0.449999988
  35.  0.449999988
  41.  0.449999988
  66.  0.449999988
  0.  0.449999988
  66.  0.449999988
  29.  0.449999988
  26.  0.449999988
  30.  0.449999988
  0.  0.449999988
  0.  0.449999988
  63.  0.449999988
  59.  0.449999988
  69.  0.449999988
  28.  0.449999988
  61.  0.449999988
  63.  0.449999988
  35.  0.449999988
  98.  0.449999988
  28.  0.449999988
  0.  0.449999988
  81.  0.449999988
  24.  0.449999988
  72.  0.449999988
  67.  0.449999988
  58.  0.449999988
  89.  0.449999988
  56.  0.449999988
  0.  0.449999988
  70.  0.449999988
  63.  0.449999988
  67.  0.449999988
  80.  0.449999988
  44.  0.449999988
  0.  0.449999988
  29.  0.449999988
  39.  0.449999988
  0.  0.449999988
  35.  0.449999988
  48.  0.449999988
  47.  0.449999988
  52.  0.449999988
  66.  0.449999988
  65.  0.449999988
  65.  0.449999988
  0.  0.449999988
  68.  0.449999988
  78.  0.449999988
  37.  0.449999988
  53.  0.449999988
  26.  0.449999988
  28.  0.449999988
  62.  0.449999988
  0.  0.449999988
  0.  0.449999988
  53.  0.449999988
  76.  0.449999988
  0.  0.449999988
  0.  0.449999988
  30.  0.449999988
  69.  0.449999988
  67.  0.449999988
  34.  0.449999988
  21.  0.449999988
  45.  0.449999988
  52.  0.449999988
  86.  0.449999988
  38.  0.449999988
  0.  0.449999988
  29.  0.449999988
  35.  0.449999988
  85.  0.449999988
  66.  0.449999988
  68.  0.449999988
  38.  0.449999988
  0.  0.449999988
  55.  0.449999988
  0.  0.449999988
  57.  0.449999988
  83.  0.449999988
  61.  0.449999988
  0.  0.449999988
  53.  0.449999988
  82.  0.449999988
  23.  0.449999988
  0.  0.449999988
  72.  0.449999988
  61.  0.449999988
  33.  0.449999988
  33.  0.449999988
  50.  0.449999988
  31.  0.449999988
  39.  0.449999988
