  50.  0.620000005
  0.  0.620000005
  27.  0.620000005
  0.  0.620000005
  42.  0.620000005
  88.  0.620000005
  89.  0.620000005
  0.  0.620000005
  0.  0.620000005
  48.  0.620000005
  29.  0.620000005
  38.  0.620000005
  41.  0.620000005
  64.  0.620000005
  0.  0.620000005
  74.  0.620000005
  0.  0.620000005
  0.  0.620000005
  30.  0.620000005
  34.  0.620000005
  37.  0.620000005
  0.  0.620000005
  0.  0.620000005
  64.  0.620000005
  28.  0.620000005
  39.  0.620000005
  0.  0.620000005
  0.  0.620000005
  0.  0.620000005
  34.  0.620000005
  0.  0.620000005
  43.  0.620000005
  73.  0.620000005
  0.  0.620000005
  41.  0.620000005
  88.  0.620000005
  70.  0.620000005
  0.  0.620000005
  41.  0.620000005
  0.  0.620000005
  26.  0.620000005
  36.  0.620000005
  45.  0.620000005
  29.  0.620000005
  0.  0.620000005
  0.  0.620000005
  70.  0.620000005
  57.  0.620000005
  32.  0.620000005
  0.  0.620000005
  0.  0.620000005
  64.  0.620000005
  0.  0.620000005
  0.  0.620000005
  59.  0.620000005
  76.  0.620000005
  0.  0.620000005
  47.  0.620000005
  0.  0.620000005
  69.  0.620000005
  100.  0.620000005
  79.  0.620000005
  0.  0.620000005
  34.  0.620000005
  20.  0.620000005
  0.  0.620000005
  93.  0.620000005
  34.  0.620000005
  47.  0.620000005
  0.  0.620000005
  39.  0.620000005
  0.  0.620000005
  33.  0.620000005
  40.  0.620000005
  0.  0.620000005
  60.  0.620000005
  28.  0.620000005
  35.  0.620000005
  65.  0.620000005
  28.  0.620000005
  17.  0.620000005
  0.  0.620000005
  0.  0.620000005
  0.  0.620000005
  37.  0.620000005
  38.  0.620000005
  57.  0.620000005
  0.  0.620000005
  0.  0.620000005
  0.  0.620000005
  0.  0.620000005
  34.  0.620000005
  0.  0.620000005
  0.  0.620000005
  88.  0.620000005
  32.  0.620000005
  35.  0.620000005
  34.  0.620000005
  85.  0.620000005
  36.  0.620000005
