  48.  0.319999993
  38.  0.319999993
  42.  0.319999993
  33.  0.319999993
  30.  0.319999993
  30.  0.319999993
  34.  0.319999993
  59.  0.319999993
  40.  0.319999993
  66.  0.319999993
  33.  0.319999993
  59.  0.319999993
  32.  0.319999993
  27.  0.319999993
  56.  0.319999993
  38.  0.319999993
  63.  0.319999993
  72.  0.319999993
  71.  0.319999993
  0.  0.319999993
  25.  0.319999993
  25.  0.319999993
  0.  0.319999993
  35.  0.319999993
  28.  0.319999993
  37.  0.319999993
  89.  0.319999993
  55.  0.319999993
  32.  0.319999993
  59.  0.319999993
  28.  0.319999993
  59.  0.319999993
  71.  0.319999993
  70.  0.319999993
  68.  0.319999993
  46.  0.319999993
  34.  0.319999993
  27.  0.319999993
  56.  0.319999993
  35.  0.319999993
  28.  0.319999993
  40.  0.319999993
  32.  0.319999993
  38.  0.319999993
  26.  0.319999993
  36.  0.319999993
  59.  0.319999993
  28.  0.319999993
  53.  0.319999993
  19.  0.319999993
  33.  0.319999993
  31.  0.319999993
  79.  0.319999993
  45.  0.319999993
  45.  0.319999993
  63.  0.319999993
  75.  0.319999993
  21.  0.319999993
  66.  0.319999993
  33.  0.319999993
  29.  0.319999993
  32.  0.319999993
  35.  0.319999993
  40.  0.319999993
  22.  0.319999993
  40.  0.319999993
  45.  0.319999993
  90.  0.319999993
  61.  0.319999993
  57.  0.319999993
  42.  0.319999993
  66.  0.319999993
  42.  0.319999993
  67.  0.319999993
  34.  0.319999993
  31.  0.319999993
  0.  0.319999993
  34.  0.319999993
  47.  0.319999993
  76.  0.319999993
  33.  0.319999993
  60.  0.319999993
  32.  0.319999993
  64.  0.319999993
  42.  0.319999993
  52.  0.319999993
  30.  0.319999993
  49.  0.319999993
  33.  0.319999993
  34.  0.319999993
  60.  0.319999993
  29.  0.319999993
  58.  0.319999993
  75.  0.319999993
  30.  0.319999993
  51.  0.319999993
  24.  0.319999993
  24.  0.319999993
  41.  0.319999993
  42.  0.319999993
