  0.  0.719999969
  26.  0.719999969
  42.  0.719999969
  35.  0.719999969
  40.  0.719999969
  0.  0.719999969
  0.  0.719999969
  84.  0.719999969
  0.  0.719999969
  48.  0.719999969
  76.  0.719999969
  0.  0.719999969
  68.  0.719999969
  0.  0.719999969
  0.  0.719999969
  90.  0.719999969
  0.  0.719999969
  90.  0.719999969
  0.  0.719999969
  0.  0.719999969
  0.  0.719999969
  0.  0.719999969
  0.  0.719999969
  26.  0.719999969
  46.  0.719999969
  42.  0.719999969
  0.  0.719999969
  35.  0.719999969
  59.  0.719999969
  54.  0.719999969
  0.  0.719999969
  0.  0.719999969
  94.  0.719999969
  0.  0.719999969
  26.  0.719999969
  0.  0.719999969
  0.  0.719999969
  0.  0.719999969
  37.  0.719999969
  42.  0.719999969
  0.  0.719999969
  80.  0.719999969
  0.  0.719999969
  0.  0.719999969
  0.  0.719999969
  0.  0.719999969
  63.  0.719999969
  0.  0.719999969
  0.  0.719999969
  43.  0.719999969
  0.  0.719999969
  0.  0.719999969
  0.  0.719999969
  0.  0.719999969
  0.  0.719999969
  26.  0.719999969
  53.  0.719999969
  0.  0.719999969
  48.  0.719999969
  0.  0.719999969
  44.  0.719999969
  83.  0.719999969
  67.  0.719999969
  41.  0.719999969
  0.  0.719999969
  95.  0.719999969
  0.  0.719999969
  27.  0.719999969
  0.  0.719999969
  35.  0.719999969
  0.  0.719999969
  0.  0.719999969
  81.  0.719999969
  0.  0.719999969
  0.  0.719999969
  0.  0.719999969
  0.  0.719999969
  29.  0.719999969
  0.  0.719999969
  0.  0.719999969
  0.  0.719999969
  91.  0.719999969
  34.  0.719999969
  0.  0.719999969
  53.  0.719999969
  0.  0.719999969
  0.  0.719999969
  81.  0.719999969
  0.  0.719999969
  87.  0.719999969
  0.  0.719999969
  0.  0.719999969
  0.  0.719999969
  0.  0.719999969
  98.  0.719999969
  0.  0.719999969
  92.  0.719999969
  0.  0.719999969
  100.  0.719999969
  88.  0.719999969
