  48.  0.0199999996
  43.  0.0199999996
  66.  0.0199999996
  72.  0.0199999996
  50.  0.0199999996
  52.  0.0199999996
  40.  0.0199999996
  65.  0.0199999996
  41.  0.0199999996
  55.  0.0199999996
  69.  0.0199999996
  40.  0.0199999996
  34.  0.0199999996
  33.  0.0199999996
  48.  0.0199999996
  47.  0.0199999996
  59.  0.0199999996
  43.  0.0199999996
  68.  0.0199999996
  44.  0.0199999996
  43.  0.0199999996
  60.  0.0199999996
  46.  0.0199999996
  42.  0.0199999996
  65.  0.0199999996
  39.  0.0199999996
  44.  0.0199999996
  66.  0.0199999996
  47.  0.0199999996
  52.  0.0199999996
  50.  0.0199999996
  63.  0.0199999996
  60.  0.0199999996
  54.  0.0199999996
  47.  0.0199999996
  65.  0.0199999996
  60.  0.0199999996
  52.  0.0199999996
  50.  0.0199999996
  70.  0.0199999996
  79.  0.0199999996
  48.  0.0199999996
  37.  0.0199999996
  55.  0.0199999996
  32.  0.0199999996
  50.  0.0199999996
  53.  0.0199999996
  45.  0.0199999996
  46.  0.0199999996
  42.  0.0199999996
  68.  0.0199999996
  49.  0.0199999996
  46.  0.0199999996
  39.  0.0199999996
  52.  0.0199999996
  59.  0.0199999996
  37.  0.0199999996
  60.  0.0199999996
  81.  0.0199999996
  49.  0.0199999996
  74.  0.0199999996
  48.  0.0199999996
  60.  0.0199999996
  49.  0.0199999996
  78.  0.0199999996
  52.  0.0199999996
  65.  0.0199999996
  56.  0.0199999996
  45.  0.0199999996
  59.  0.0199999996
  67.  0.0199999996
  43.  0.0199999996
  41.  0.0199999996
  47.  0.0199999996
  58.  0.0199999996
  47.  0.0199999996
  40.  0.0199999996
  43.  0.0199999996
  78.  0.0199999996
  62.  0.0199999996
  58.  0.0199999996
  47.  0.0199999996
  52.  0.0199999996
  60.  0.0199999996
  45.  0.0199999996
  56.  0.0199999996
  95.  0.0199999996
  59.  0.0199999996
  54.  0.0199999996
  68.  0.0199999996
  72.  0.0199999996
  58.  0.0199999996
  59.  0.0199999996
  33.  0.0199999996
  36.  0.0199999996
  53.  0.0199999996
  38.  0.0199999996
  51.  0.0199999996
  42.  0.0199999996
  64.  0.0199999996
