  0.  0.599999964
  0.  0.599999964
  64.  0.599999964
  21.  0.599999964
  0.  0.599999964
  71.  0.599999964
  44.  0.599999964
  45.  0.599999964
  0.  0.599999964
  24.  0.599999964
  49.  0.599999964
  0.  0.599999964
  52.  0.599999964
  26.  0.599999964
  0.  0.599999964
  72.  0.599999964
  23.  0.599999964
  81.  0.599999964
  46.  0.599999964
  0.  0.599999964
  0.  0.599999964
  88.  0.599999964
  0.  0.599999964
  34.  0.599999964
  47.  0.599999964
  0.  0.599999964
  78.  0.599999964
  74.  0.599999964
  0.  0.599999964
  33.  0.599999964
  40.  0.599999964
  0.  0.599999964
  35.  0.599999964
  0.  0.599999964
  34.  0.599999964
  38.  0.599999964
  39.  0.599999964
  39.  0.599999964
  57.  0.599999964
  81.  0.599999964
  41.  0.599999964
  37.  0.599999964
  87.  0.599999964
  27.  0.599999964
  0.  0.599999964
  0.  0.599999964
  93.  0.599999964
  29.  0.599999964
  40.  0.599999964
  0.  0.599999964
  28.  0.599999964
  59.  0.599999964
  55.  0.599999964
  59.  0.599999964
  0.  0.599999964
  35.  0.599999964
  36.  0.599999964
  37.  0.599999964
  0.  0.599999964
  77.  0.599999964
  0.  0.599999964
  31.  0.599999964
  33.  0.599999964
  0.  0.599999964
  74.  0.599999964
  90.  0.599999964
  26.  0.599999964
  0.  0.599999964
  0.  0.599999964
  0.  0.599999964
  25.  0.599999964
  83.  0.599999964
  71.  0.599999964
  30.  0.599999964
  47.  0.599999964
  29.  0.599999964
  0.  0.599999964
  39.  0.599999964
  81.  0.599999964
  0.  0.599999964
  70.  0.599999964
  33.  0.599999964
  0.  0.599999964
  36.  0.599999964
  58.  0.599999964
  37.  0.599999964
  43.  0.599999964
  79.  0.599999964
  0.  0.599999964
  33.  0.599999964
  53.  0.599999964
  83.  0.599999964
  0.  0.599999964
  42.  0.599999964
  0.  0.599999964
  80.  0.599999964
  0.  0.599999964
  35.  0.599999964
  32.  0.599999964
  69.  0.599999964
