  0.  0.699999988
  64.  0.699999988
  44.  0.699999988
  0.  0.699999988
  0.  0.699999988
  65.  0.699999988
  35.  0.699999988
  99.  0.699999988
  59.  0.699999988
  0.  0.699999988
  0.  0.699999988
  0.  0.699999988
  64.  0.699999988
  39.  0.699999988
  0.  0.699999988
  0.  0.699999988
  32.  0.699999988
  0.  0.699999988
  90.  0.699999988
  0.  0.699999988
  83.  0.699999988
  0.  0.699999988
  0.  0.699999988
  0.  0.699999988
  0.  0.699999988
  0.  0.699999988
  46.  0.699999988
  39.  0.699999988
  0.  0.699999988
  41.  0.699999988
  35.  0.699999988
  0.  0.699999988
  62.  0.699999988
  80.  0.699999988
  0.  0.699999988
  0.  0.699999988
  52.  0.699999988
  0.  0.699999988
  0.  0.699999988
  0.  0.699999988
  81.  0.699999988
  0.  0.699999988
  27.  0.699999988
  0.  0.699999988
  0.  0.699999988
  0.  0.699999988
  49.  0.699999988
  21.  0.699999988
  0.  0.699999988
  65.  0.699999988
  0.  0.699999988
  39.  0.699999988
  0.  0.699999988
  43.  0.699999988
  33.  0.699999988
  83.  0.699999988
  57.  0.699999988
  29.  0.699999988
  44.  0.699999988
  0.  0.699999988
  0.  0.699999988
  98.  0.699999988
  38.  0.699999988
  0.  0.699999988
  29.  0.699999988
  0.  0.699999988
  86.  0.699999988
  33.  0.699999988
  0.  0.699999988
  0.  0.699999988
  0.  0.699999988
  0.  0.699999988
  93.  0.699999988
  0.  0.699999988
  0.  0.699999988
  0.  0.699999988
  88.  0.699999988
  31.  0.699999988
  0.  0.699999988
  65.  0.699999988
  29.  0.699999988
  0.  0.699999988
  0.  0.699999988
  32.  0.699999988
  41.  0.699999988
  0.  0.699999988
  0.  0.699999988
  0.  0.699999988
  0.  0.699999988
  40.  0.699999988
  63.  0.699999988
  0.  0.699999988
  0.  0.699999988
  57.  0.699999988
  33.  0.699999988
  0.  0.699999988
  71.  0.699999988
  33.  0.699999988
  54.  0.699999988
  31.  0.699999988
