  87.  0.370000005
  33.  0.370000005
  71.  0.370000005
  32.  0.370000005
  0.  0.370000005
  35.  0.370000005
  23.  0.370000005
  67.  0.370000005
  46.  0.370000005
  38.  0.370000005
  57.  0.370000005
  68.  0.370000005
  0.  0.370000005
  0.  0.370000005
  39.  0.370000005
  30.  0.370000005
  52.  0.370000005
  53.  0.370000005
  43.  0.370000005
  53.  0.370000005
  34.  0.370000005
  66.  0.370000005
  29.  0.370000005
  82.  0.370000005
  29.  0.370000005
  0.  0.370000005
  38.  0.370000005
  29.  0.370000005
  76.  0.370000005
  65.  0.370000005
  28.  0.370000005
  38.  0.370000005
  41.  0.370000005
  0.  0.370000005
  30.  0.370000005
  53.  0.370000005
  27.  0.370000005
  31.  0.370000005
  80.  0.370000005
  40.  0.370000005
  29.  0.370000005
  81.  0.370000005
  69.  0.370000005
  25.  0.370000005
  32.  0.370000005
  35.  0.370000005
  40.  0.370000005
  71.  0.370000005
  48.  0.370000005
  25.  0.370000005
  74.  0.370000005
  45.  0.370000005
  0.  0.370000005
  79.  0.370000005
  40.  0.370000005
  63.  0.370000005
  61.  0.370000005
  74.  0.370000005
  30.  0.370000005
  71.  0.370000005
  26.  0.370000005
  39.  0.370000005
  32.  0.370000005
  60.  0.370000005
  94.  0.370000005
  35.  0.370000005
  30.  0.370000005
  58.  0.370000005
  75.  0.370000005
  29.  0.370000005
  0.  0.370000005
  40.  0.370000005
  42.  0.370000005
  33.  0.370000005
  34.  0.370000005
  29.  0.370000005
  78.  0.370000005
  0.  0.370000005
  55.  0.370000005
  52.  0.370000005
  74.  0.370000005
  0.  0.370000005
  32.  0.370000005
  35.  0.370000005
  40.  0.370000005
  71.  0.370000005
  85.  0.370000005
  58.  0.370000005
  53.  0.370000005
  70.  0.370000005
  30.  0.370000005
  35.  0.370000005
  34.  0.370000005
  32.  0.370000005
  75.  0.370000005
  36.  0.370000005
  27.  0.370000005
  39.  0.370000005
  33.  0.370000005
  45.  0.370000005
