  75.  0.
  61.  0.
  65.  0.
  61.  0.
  50.  0.
  60.  0.
  69.  0.
  50.  0.
  38.  0.
  39.  0.
  60.  0.
  66.  0.
  46.  0.
  64.  0.
  56.  0.
  75.  0.
  60.  0.
  52.  0.
  90.  0.
  34.  0.
  56.  0.
  76.  0.
  63.  0.
  54.  0.
  59.  0.
  73.  0.
  43.  0.
  55.  0.
  47.  0.
  52.  0.
  59.  0.
  64.  0.
  54.  0.
  49.  0.
  66.  0.
  51.  0.
  42.  0.
  67.  0.
  46.  0.
  42.  0.
  44.  0.
  65.  0.
  70.  0.
  48.  0.
  43.  0.
  49.  0.
  60.  0.
  44.  0.
  59.  0.
  46.  0.
  87.  0.
  57.  0.
  53.  0.
  45.  0.
  51.  0.
  41.  0.
  44.  0.
  73.  0.
  61.  0.
  41.  0.
  62.  0.
  55.  0.
  47.  0.
  53.  0.
  76.  0.
  51.  0.
  50.  0.
  55.  0.
  48.  0.
  51.  0.
  52.  0.
  48.  0.
  61.  0.
  54.  0.
  58.  0.
  55.  0.
  52.  0.
  49.  0.
  51.  0.
  59.  0.
  58.  0.
  44.  0.
  43.  0.
  43.  0.
  48.  0.
  51.  0.
  47.  0.
  34.  0.
  78.  0.
  43.  0.
  65.  0.
  33.  0.
  52.  0.
  51.  0.
  48.  0.
  53.  0.
  79.  0.
  73.  0.
  51.  0.
  45.  0.
