  39.  0.519999981
  0.  0.519999981
  73.  0.519999981
  38.  0.519999981
  45.  0.519999981
  37.  0.519999981
  46.  0.519999981
  0.  0.519999981
  75.  0.519999981
  24.  0.519999981
  34.  0.519999981
  0.  0.519999981
  0.  0.519999981
  38.  0.519999981
  0.  0.519999981
  39.  0.519999981
  59.  0.519999981
  35.  0.519999981
  70.  0.519999981
  61.  0.519999981
  0.  0.519999981
  27.  0.519999981
  30.  0.519999981
  75.  0.519999981
  75.  0.519999981
  38.  0.519999981
  23.  0.519999981
  70.  0.519999981
  33.  0.519999981
  0.  0.519999981
  63.  0.519999981
  70.  0.519999981
  0.  0.519999981
  39.  0.519999981
  33.  0.519999981
  46.  0.519999981
  33.  0.519999981
  87.  0.519999981
  34.  0.519999981
  93.  0.519999981
  0.  0.519999981
  40.  0.519999981
  0.  0.519999981
  0.  0.519999981
  0.  0.519999981
  70.  0.519999981
  67.  0.519999981
  0.  0.519999981
  27.  0.519999981
  0.  0.519999981
  49.  0.519999981
  33.  0.519999981
  36.  0.519999981
  0.  0.519999981
  26.  0.519999981
  32.  0.519999981
  27.  0.519999981
  28.  0.519999981
  80.  0.519999981
  0.  0.519999981
  28.  0.519999981
  78.  0.519999981
  35.  0.519999981
  26.  0.519999981
  0.  0.519999981
  0.  0.519999981
  38.  0.519999981
  0.  0.519999981
  35.  0.519999981
  59.  0.519999981
  34.  0.519999981
  49.  0.519999981
  0.  0.519999981
  60.  0.519999981
  78.  0.519999981
  46.  0.519999981
  0.  0.519999981
  0.  0.519999981
  59.  0.519999981
  63.  0.519999981
  72.  0.519999981
  0.  0.519999981
  0.  0.519999981
  26.  0.519999981
  43.  0.519999981
  28.  0.519999981
  48.  0.519999981
  91.  0.519999981
  32.  0.519999981
  0.  0.519999981
  0.  0.519999981
  81.  0.519999981
  80.  0.519999981
  97.  0.519999981
  36.  0.519999981
  62.  0.519999981
  40.  0.519999981
  0.  0.519999981
  96.  0.519999981
  38.  0.519999981
