  38.  0.269999981
  47.  0.269999981
  29.  0.269999981
  58.  0.269999981
  74.  0.269999981
  31.  0.269999981
  48.  0.269999981
  61.  0.269999981
  36.  0.269999981
  39.  0.269999981
  34.  0.269999981
  26.  0.269999981
  36.  0.269999981
  58.  0.269999981
  70.  0.269999981
  67.  0.269999981
  36.  0.269999981
  59.  0.269999981
  54.  0.269999981
  65.  0.269999981
  64.  0.269999981
  60.  0.269999981
  65.  0.269999981
  65.  0.269999981
  63.  0.269999981
  73.  0.269999981
  39.  0.269999981
  57.  0.269999981
  40.  0.269999981
  27.  0.269999981
  59.  0.269999981
  78.  0.269999981
  56.  0.269999981
  30.  0.269999981
  85.  0.269999981
  47.  0.269999981
  52.  0.269999981
  27.  0.269999981
  57.  0.269999981
  27.  0.269999981
  39.  0.269999981
  34.  0.269999981
  70.  0.269999981
  38.  0.269999981
  52.  0.269999981
  50.  0.269999981
  39.  0.269999981
  30.  0.269999981
  45.  0.269999981
  33.  0.269999981
  27.  0.269999981
  75.  0.269999981
  28.  0.269999981
  43.  0.269999981
  28.  0.269999981
  39.  0.269999981
  32.  0.269999981
  63.  0.269999981
  50.  0.269999981
  64.  0.269999981
  44.  0.269999981
  31.  0.269999981
  35.  0.269999981
  34.  0.269999981
  77.  0.269999981
  35.  0.269999981
  62.  0.269999981
  38.  0.269999981
  41.  0.269999981
  28.  0.269999981
  28.  0.269999981
  32.  0.269999981
  74.  0.269999981
  27.  0.269999981
  0.  0.269999981
  0.  0.269999981
  0.  0.269999981
  45.  0.269999981
  73.  0.269999981
  37.  0.269999981
  30.  0.269999981
  39.  0.269999981
  46.  0.269999981
  74.  0.269999981
  31.  0.269999981
  33.  0.269999981
  47.  0.269999981
  34.  0.269999981
  85.  0.269999981
  27.  0.269999981
  36.  0.269999981
  42.  0.269999981
  36.  0.269999981
  47.  0.269999981
  57.  0.269999981
  57.  0.269999981
  48.  0.269999981
  32.  0.269999981
  46.  0.269999981
  86.  0.269999981
