  97.  0.769999981
  0.  0.769999981
  0.  0.769999981
  0.  0.769999981
  0.  0.769999981
  0.  0.769999981
  0.  0.769999981
  0.  0.769999981
  0.  0.769999981
  0.  0.769999981
  0.  0.769999981
  52.  0.769999981
  0.  0.769999981
  0.  0.769999981
  0.  0.769999981
  30.  0.769999981
  0.  0.769999981
  0.  0.769999981
  0.  0.769999981
  0.  0.769999981
  60.  0.769999981
  0.  0.769999981
  0.  0.769999981
  36.  0.769999981
  0.  0.769999981
  0.  0.769999981
  0.  0.769999981
  0.  0.769999981
  44.  0.769999981
  55.  0.769999981
  0.  0.769999981
  0.  0.769999981
  0.  0.769999981
  0.  0.769999981
  71.  0.769999981
  0.  0.769999981
  55.  0.769999981
  0.  0.769999981
  35.  0.769999981
  0.  0.769999981
  63.  0.769999981
  0.  0.769999981
  0.  0.769999981
  0.  0.769999981
  0.  0.769999981
  0.  0.769999981
  47.  0.769999981
  0.  0.769999981
  0.  0.769999981
  23.  0.769999981
  0.  0.769999981
  0.  0.769999981
  0.  0.769999981
  0.  0.769999981
  28.  0.769999981
  42.  0.769999981
  64.  0.769999981
  78.  0.769999981
  0.  0.769999981
  83.  0.769999981
  0.  0.769999981
  88.  0.769999981
  0.  0.769999981
  0.  0.769999981
  0.  0.769999981
  47.  0.769999981
  0.  0.769999981
  0.  0.769999981
  0.  0.769999981
  0.  0.769999981
  0.  0.769999981
  0.  0.769999981
  0.  0.769999981
  37.  0.769999981
  47.  0.769999981
  0.  0.769999981
  0.  0.769999981
  58.  0.769999981
  0.  0.769999981
  0.  0.769999981
  0.  0.769999981
  0.  0.769999981
  0.  0.769999981
  0.  0.769999981
  0.  0.769999981
  28.  0.769999981
  0.  0.769999981
  0.  0.769999981
  35.  0.769999981
  0.  0.769999981
  27.  0.769999981
  0.  0.769999981
  80.  0.769999981
  74.  0.769999981
  0.  0.769999981
  46.  0.769999981
  0.  0.769999981
  43.  0.769999981
  0.  0.769999981
  0.  0.769999981
