  0.0878238901  0.833540916
  0.293741912  0.645545542
  0.438970774  0.925679147
  0.339123011  0.120235957
  0.43943584  0.926755965
  0.0954688117  0.380340338
  0.29125011  0.764718592
  0.234602824  0.503449857
  0.0476827212  0.481867552
  0.708296418  0.23991847
  0.795983315  0.728928626
  0.0369953103  0.428957433
  0.188772887  0.395783842
  0.617099404  0.959541559
  0.0279587787  0.852198958
  0.158559129  0.962277889
  0.441412121  0.0147345858
  0.143300772  0.0234151725
  0.0833842903  0.992156684
  0.00322627812  0.499553144
  0.00427489169  0.368381202
  0.757637322  0.352748305
  0.333144069  0.40537557
  0.0249825288  0.604970872
  0.29170391  0.283346623
  0.614290357  0.606024623
  0.166191682  0.991318107
  0.0885485858  0.722126067
  0.502257228  0.243574426
  0.388224632  0.118742362
  0.30676502  0.572549343
  0.0579411462  0.180472568
  0.132711247  0.488137454
  0.0595723689  0.31656152
  0.238583371  0.166504964
  0.0491184182  0.605505347
  0.366167128  0.90577209
  0.675134063  0.163128585
  0.611305594  0.162797183
  0.0455708131  0.0535233989
  0.185927957  0.241634607
  0.342350811  0.771195292
  0.0237143002  0.655905306
  0.120708063  0.0438310467
  0.31943202  0.79148823
  0.527379394  0.943668783
  0.510314047  0.922359407
  0.572878003  0.841159105
  0.311058521  0.0746303499
  0.753638089  0.803879619
  0.152971163  0.844108939
  0.248924434  0.0597543754
  0.0764885619  0.890533984
  0.00261651259  0.314575672
  0.0213437602  0.676399708
  0.061693158  0.561071575
  0.00494587142  0.437643141
  0.423745364  0.898927867
  0.0491655618  0.770603716
  0.808984101  0.185461685
  0.150190473  0.852240443
  0.304320037  0.859569907
  0.384347141  0.96002841
  0.0810247809  0.758302093
  0.525588155  0.994172275
  0.826865196  0.162970632
  0.293779165  0.986708879
  0.108379357  0.881271064
  0.764767289  0.0261120163
  0.658841789  0.184222952
  0.148498088  0.421037257
  0.700134158  0.638423264
  0.625463605  0.25943014
  0.342179865  0.199207753
  0.350582093  0.846408188
  0.243702665  0.533656657
  0.44834888  0.274271429
  0.0469554104  0.772387505
  0.0921586156  0.616972685
  0.042594865  0.949336052
  0.168438777  0.339710265
  0.00939360261  0.429934561
  0.266240835  0.706266344
  0.198056072  0.153448984
  0.0620241724  0.0507846996
  0.0127071636  0.705250502
  0.709850788  0.349444389
  0.137947798  0.393857419
  0.414946884  0.278725207
  0.066712603  0.821637094
  0.266836107  0.139586702
  0.401027411  0.910967946
  0.635570049  0.627975047
  0.656831861  0.647445619
  0.600082278  0.328227341
  0.203216374  0.583640993
  0.208449066  0.77954632
  0.18960458  0.930347443
  0.750656307  0.187848866
  0.151693001  0.274220675
  0.436391652  0.91772145
  0.417585164  0.736142516
  0.0805606544  0.843591928
  0.352819145  0.835186541
  0.739817321  0.254738212
  0.0515991747  0.826504409
  0.551482558  0.000853830716
  0.194725662  0.857855201
  0.0384670384  0.720362604
  0.314011872  0.708308995
  0.239180535  0.9379282
  0.050151255  0.543534875
  0.414548695  0.754051805
  0.145741522  0.841841936
  0.107124247  0.843948007
  0.634346545  0.501912594
  0.473093778  0.688398838
  0.230645686  0.352622181
  0.0174635742  0.518484354
  0.396984905  0.757429719
  0.650801003  0.677564085
  0.0743668824  0.103545181
  0.120015644  0.46362865
  0.476772487  0.353062481
  0.0789154544  0.457928985
  0.0451056324  0.500040472
  0.813915431  0.179888666
  0.0154394712  0.263420522
  0.282522827  0.137943178
  0.698057175  0.299198747
  0.415960252  0.112660639
  0.331351936  0.715990305
  0.181611091  0.533311844
  0.0594966859  0.779783905
  0.485903442  0.0110773128
  0.346160352  0.965098321
  0.443169862  0.774546742
  0.444231927  0.392634451
  0.138713792  0.428434372
  0.0540753417  0.707708001
  0.216602474  0.907103658
  0.0537238717  0.728767276
  0.133748278  0.819406807
  0.0285400432  0.624911249
  0.069524847  0.716368437
  0.511670828  0.405530363
  0.0214647893  0.612201095
  0.782613754  0.0541672595
  0.0384324305  0.192129195
  0.733270347  0.0436643399
  0.194793418  0.0922457129
  0.322077721  0.610015869
  0.49507907  0.00412611105
  0.0995322019  0.231985435
  0.601597309  0.940073073
  0.0291921441  0.023189744
  0.00438143313  0.714386523
  0.661709607  0.490929753
  0.372297317  0.462093711
  0.205709741  0.85643822
  0.190200374  0.705005348
  0.0675273016  0.292565614
  0.331919402  0.397073716
  0.142451137  0.289181054
  0.10657689  0.795996785
  0.545110106  0.294220924
  0.0671290681  0.870990634
  0.352186203  0.868736982
  0.00854009762  0.258716285
  0.300400972  0.0469500832
  0.109813623  0.990181625
  0.0184195898  0.675689936
  0.361422181  0.89612633
  0.33950156  0.837479174
  0.688555062  0.141077295
  0.0943474099  0.90802449
  0.0118910801  0.839589953
  0.369468331  0.48232016
  0.225102201  0.355934113
  0.102477036  0.207190946
  0.0760077685  0.4512119
  0.0882806107  0.0693293214
  0.129930183  0.537792027
  0.344134927  0.980661094
  0.14499633  0.117491119
  0.0516288728  0.589810014
  0.0945441499  0.32784915
  0.139764518  0.891913176
  0.0909453556  0.967238128
  0.114687011  0.24116835
  0.284587651  0.512166023
  0.518315971  0.00272261072
  0.73193121  0.861570597
  0.529754102  0.0180335734
  0.257600099  0.87344861
  0.211108521  0.714237869
  0.192393675  0.454136193
  0.495649129  0.616270661
  0.599813581  0.30749166
  0.292694628  0.526811659
  0.483327657  0.364877641
  0.218365118  0.102057099
  0.0671055019  0.547526419
  0.170337722  0.0623029061
  0.0809797198  0.410209388
  0.49164027  0.0762659088
  0.347589523  0.994989038
  0.920496106  0.365356028
  0.411938936  0.962805152
  0.612069786  0.143976286
  0.15522714  0.233585984
  0.687849164  0.089577049
  0.073183462  0.0977592915
  0.792194605  0.990882397
  0.415905118  0.0204473473
  0.583420277  0.693144441
  0.336610436  0.657541156
  0.383673251  0.152832329
  0.326418459  0.165147468
  0.432370156  0.445837736
  0.0829999596  0.790930271
  0.132845119  0.522049487
  0.0506092086  0.210643396
  0.293218762  0.506511033
  0.311234772  0.00415586773
  0.0279238354  0.0995443091
  0.018773837  0.669906914
  0.336742014  0.610971212
  0.0147321764  0.379989535
  0.122461393  0.588315189
  0.617938101  0.779205739
  0.220944047  0.0269201063
  0.242803425  0.268798262
  0.153775007  0.787411153
  0.20188491  0.786932349
  0.0114837261  0.82503593
  0.233935595  0.0332066379
  0.00618895376  0.11741107
  0.153595224  0.126685828
  0.607243299  0.355469048
  0.19234778  0.176820129
  0.170204327  0.241164252
  0.156372413  0.950462997
  0.62827152  0.191813573
  0.642695904  0.881955624
  0.320507586  0.310462743
  0.361796945  0.072530821
  0.423382521  0.332062244
  0.297805518  0.509940147
  0.0421227925  0.627880096
  0.102674857  0.702432454
  0.633085966  0.489817381
  0.123637088  0.379597336
  0.209659755  0.777932644
  0.157996967  0.424937159
  0.0399424285  0.352555335
  0.0053990772  0.74769038
  0.237434372  0.0234718025
  0.018301582  0.79817307
  0.736923754  0.787743747
  0.960609615  0.890761614
  0.0789608881  0.102314837
  0.23646377  0.614019156
  0.230338618  0.581670761
  0.122084089  0.953252316
  0.115556687  0.798515916
  0.818641901  0.910560369
  0.131306529  0.334614456
  0.689936042  0.297763228
  0.0465935469  0.464102179
  0.213381812  0.281886578
  0.270043969  0.823074996
  0.157118678  0.611653447
  0.20554024  0.0470291115
  0.321691364  0.868875682
  0.41008848  0.627420425
  0.230424732  0.851477087
  0.157264262  0.757593572
  0.40875566  0.122619577
  0.716910839  0.0817747042
  0.428283036  0.986416757
  0.228140324  0.38840735
  0.0499308333  0.0627570301
  0.40478608  0.719769835
  0.609445393  0.188286051
  0.0754766837  0.267768651
  0.112740427  0.966411829
  0.0953540429  0.961630583
  0.172247499  0.287523806
  0.320168287  0.578543246
  0.0278460421  0.70042336
  0.106105722  0.999239028
  0.0689793304  0.0388400368
  0.774666011  0.461309999
  0.222298026  0.66303587
  0.269206911  0.44827792
  0.362565726  0.168612316
  0.016032571  0.411618054
  0.572598398  0.349186927
  0.429628283  0.861684561
  0.581770122  0.928804874
  0.0962938443  0.613815129
  0.342122614  0.050013084
  0.247543067  0.319744349
  0.257597655  0.873445451
  0.26581794  0.880772471
  0.53116256  0.642983377
  0.0212329235  0.317813307
  0.405906916  0.498448968
  0.136845037  0.512379169
  0.0633107945  0.293105572
  0.0621334352  0.91557169
  0.325455666  0.420413643
  0.430407912  0.116691723
  0.135797858  0.0828430653
  0.449031442  0.516839802
  0.492049932  0.995883107
  0.0804027915  0.602826238
  0.894192755  0.389949113
  0.0791609064  0.180759564
  0.0641708598  0.464116275
  0.178740025  0.000520998496
  0.102442726  0.665054262
  0.273378581  0.307525069
  0.0559119582  0.791464031
  0.11553783  0.34136945
  0.536983371  0.89233017
  0.0836170912  0.861220956
  0.255449772  0.208942115
  0.081638813  0.48887077
  0.389764607  0.141909927
  0.564747214  0.52882272
  0.465130717  0.756147504
  0.206089765  0.946468472
  0.516841769  0.452909827
  0.385602117  0.0415447503
  0.0234598275  0.467944682
  0.314089626  0.921255529
  0.0283462275  0.874140501
  0.164377421  0.788921535
  0.0973700583  0.604230583
  0.319672674  0.80603832
  0.0262777004  0.938532293
  0.864376783  0.0695446655
  0.32473582  0.514536202
  0.10710147  0.0857037678
  0.233573154  0.5068295
  0.29045859  0.222404942
  0.157085598  0.555443227
  0.472083807  0.678262115
  0.0790371448  0.0146558564
  0.670282006  0.213304892
  0.00670277793  0.531989574
  0.191577062  0.670080662
  0.146866307  0.233819589
  0.35060975  0.742100835
  0.000208245008  0.142272502
  0.45684734  0.628121316
  0.446174055  0.707669437
  0.317150116  0.778889775
  0.095078662  0.00878609531
  0.117077321  0.717537165
  0.161269143  0.421001434
  0.0591946393  0.89963752
  0.0810442865  0.326794147
  0.264512479  0.446925551
  0.237624899  0.00223716022
  0.16203399  0.860588968
  0.8294819  0.108429328
  0.0644407123  0.688079715
  0.208960608  0.594826341
  0.641238868  0.734984696
  0.341833293  0.868129194
  0.071767807  0.882360041
  0.0609505512  0.324498862
  0.11598511  0.765388668
  0.0197238307  0.876704931
  0.167110443  0.377054751
  0.512167811  0.405246973
  0.00457598967  0.885798633
  0.0995188355  0.53002584
  0.3825607  0.0949130505
  0.0935671553  0.921047926
  0.466590822  0.495544314
  0.210414872  0.840551972
  0.0656644553  0.510793328
  0.957064152  0.361323416
  0.214320049  0.670621216
  0.0789747164  0.203983888
  0.0158017669  0.266835362
  0.424376786  0.69378227
  0.0070136697  0.904120803
  0.069663167  0.264612615
  0.0530455969  0.515528798
  0.421054244  0.475455076
  0.339002758  0.896478832
  0.600139678  0.821110249
  0.452654094  0.846645951
  0.391795903  0.904000223
  0.577826858  0.58685863
  0.0818938464  0.345463604
  0.028501099  0.504891992
  0.503803492  0.652043521
  0.55442363  0.689788342
  0.305965573  0.485636443
  0.309964895  0.48410967
  0.174632147  0.667040527
  0.0216429196  0.917895615
  0.120976612  0.458572239
  0.507980347  0.439584225
  0.26719141  0.584011674
  0.10524144  0.606952608
  0.26458025  0.851546168
  0.140293092  0.988271475
  0.0931863189  0.632735908
  0.568101227  0.840994775
  0.63057971  0.415527344
  0.272200197  0.875821352
  0.0222975574  0.0504505225
  0.0210279059  0.868059278
  0.231183171  0.207084715
  0.108840019  0.979252934
  0.387623042  0.23290804
  0.222811803  0.640941918
  0.0371031724  0.790763378
  0.0947974697  0.176177666
  0.042277772  0.758236527
  0.578045785  0.586314261
  0.429269075  0.168215632
  0.135971949  0.268675804
  0.529058576  0.350513041
  0.216081306  0.0814379826
  0.0606723838  0.889061451
  0.158073381  0.443537652
  0.160665944  0.91957581
  0.385095209  0.0574433804
  0.193139121  0.904469669
  0.115137078  0.743966579
  0.212228537  0.742907643
  0.205110088  0.941611767
  0.141868383  0.121767141
  0.176929697  0.269913048
  0.00211115461  0.876231313
  0.481904209  0.159118414
  0.0163363237  0.705305696
  0.152910784  0.433955759
  0.420041561  0.0852398276
  0.0584063493  0.0195725393
  0.236765549  0.481342524
  0.0326416753  0.205632478
  0.10280814  0.318805069
  0.595353544  0.68188709
  0.668753862  0.207341999
  0.190063506  0.0872676373
  0.200141132  0.848809898
  0.0275632888  0.682224095
  0.157512218  0.725774169
  0.0949461833  0.018694777
  0.384850472  0.789342284
  0.225082055  0.816159666
  0.335161448  0.957025886
  0.703112662  0.727651417
  0.0580133684  0.380394489
  0.175823733  0.619923592
  0.350248843  0.840797007
  0.161690265  0.188809425
  0.0998151526  0.29692468
  0.109578967  0.868154049
  0.0631168112  0.815643311
  0.870211422  0.332039148
  0.506049633  0.700567305
  0.231673628  0.950373054
  0.049100861  0.808522403
  0.484406114  0.741723835
  0.746112168  0.0577706732
  0.713823378  0.338784814
  0.25940302  0.520155549
  0.203019559  0.886828601
  0.106930979  0.230156228
  0.354010284  0.521814883
  0.542850912  0.490911782
  0.401186049  0.906511009
  0.236726508  0.434170902
  0.00192788302  0.652124703
  0.0948706642  0.889711976
  0.0622912534  0.942583442
  0.0820513442  0.876955271
  0.128581464  0.620152175
  0.0558604337  0.211880565
  0.289049745  0.532339633
  0.0227614958  0.499838442
  0.424349338  0.769148827
  0.141245395  0.763399005
  0.43815738  0.298717529
  0.0819261223  0.958536208
  0.164346173  0.181731835
  0.163077965  0.252194643
  0.0885256603  0.837132812
  0.400542349  0.13243717
  0.557091236  0.40213719
  0.106063113  0.116947614
  0.0422262028  0.515881598
  0.00768652465  0.851703703
  0.0972989276  0.0380333215
  0.559944212  0.784601271
  0.315885782  0.722749114
  0.624667466  0.222643614
  0.748192012  0.307382852
  0.155422851  0.417054385
  0.608585417  0.0486933179
  0.43204537  0.0642392561
  0.384567797  0.230545089
  0.446362764  0.0153131932
  0.0704372898  0.744134545
  0.0572473519  0.843155384
  0.121860377  0.648526073
  0.587308705  0.712409914
  0.0253876485  0.748472691
  0.0131160142  0.917532325
  0.236449644  0.36497888
  0.493963748  0.272271186
  0.043537356  0.0120828878
  0.0307952445  0.0834979266
  0.114824124  0.755817592
  0.461587965  0.0983150676
  0.185721055  0.545502305
  0.0172181148  0.811694026
  0.516222239  0.93713975
  0.576211095  0.905908108
  0.12140628  0.876490831
  0.0378064625  0.676533222
  0.600585818  0.958218575
  0.272874862  0.783341289
  0.0885764658  0.854588032
  0.467101187  0.0413710065
  0.298801661  0.0114988685
  0.111572318  0.097170949
  0.216307446  0.0895302445
  0.619408846  0.599200189
  0.391155124  0.111863032
  0.0338050239  0.299599737
  0.584422171  0.544254959
  0.022272842  0.860498667
  0.303482562  0.528905571
  0.0152078811  0.785402536
  0.384623706  0.0989977568
  0.615873456  0.481420904
  0.471023291  0.216958374
  0.497529298  0.775865912
  0.408692569  0.758452535
  0.593911707  0.228765979
  0.132453531  0.780555844
  0.153853282  0.254951209
  0.808788776  0.340491295
  0.0938211158  0.824654281
  0.488099426  0.763847053
  0.5433954  0.715720057
  0.0581789203  0.963607609
  0.322169125  0.808861434
  0.976960182  0.0043064272
  0.107105158  0.513522029
  0.013985564  0.578034043
  0.222126797  0.346490622
  0.0472564362  0.198008761
  0.00293709128  0.142892599
  0.0484254584  0.967688084
  0.679630995  0.586611807
  0.574558556  0.0112294136
  0.368874669  0.842501938
  0.276029557  0.785965204
  0.0405895337  0.39226687
  0.122407503  0.525933444
  0.771906734  0.00883278158
  0.286727428  0.541215777
  0.241103724  0.0645090416
  0.109054327  0.357221127
  0.258238554  0.541411042
  0.813695371  0.941697061
  0.336758137  0.230199471
  0.477170706  0.994604111
  0.669803739  0.335398674
  0.293111801  0.870061815
  0.14197658  0.904828846
  0.509623587  0.967692316
  0.0184868928  0.643944144
  0.0334002636  0.780436516
  0.385740608  0.973253191
  0.211985141  0.586565971
  0.00165775954  0.86526531
  0.424254209  0.586500764
  0.3861233  0.408011347
  0.050342273  0.457045376
  0.216516495  0.938965619
  0.0820319876  0.619653642
  0.391837716  0.717294455
  0.420553714  0.203416154
  0.0466201641  0.95579654
  0.398686856  0.371866882
  0.487002671  0.65813899
  0.104592212  0.0637331754
  0.206155747  0.371605605
  0.00875179283  0.673223317
  0.575173795  0.0129979253
  0.227377832  0.170936882
  0.807107866  0.339478195
