    0.00     73.3838
    0.01     75.7100
    0.02     71.6566
    0.03     72.2887
    0.04     71.9286
    0.05     70.3232
    0.06     70.7320
    0.07     71.8021
    0.08     69.0729
    0.09     70.4796
    0.10     69.1146
    0.11     67.7143
    0.12     67.8081
    0.13     67.1064
    0.14     67.1474
    0.15     67.9794
    0.16     67.1413
    0.17     64.4000
    0.18     63.8372
    0.19     65.4000
    0.20     66.6067
    0.21     64.6742
    0.22     65.5109
    0.23     65.1585
    0.24     64.6196
    0.25     63.4070
    0.26     61.7470
    0.27     63.7614
    0.28     61.3333
    0.29     62.9600
    0.30     60.1948
    0.31     61.2297
    0.32     63.6420
    0.33     61.7468
    0.34     63.1750
    0.35     57.9605
    0.36     61.1733
    0.37     59.3108
    0.38     57.0000
    0.39     59.3281
    0.40     58.7231
    0.41     58.2985
    0.42     57.5231
    0.43     54.7705
    0.44     58.4590
    0.45     58.0909
    0.46     59.3621
    0.47     57.1887
    0.48     56.6230
    0.49     60.5273
    0.50     55.3333
