  0.0662877709  0.12147776
  0.911976814  0.128115192
  0.975217938  0.215054274
  0.843166232  0.954941273
  0.797234058  0.854921222
  0.192495182  0.406868875
  0.771998346  0.610528588
  0.77781266  0.386584401
  0.300744355  0.524106741
  0.717585206  0.945780456
  0.519908667  0.781284034
  0.267185122  0.621248484
  0.979360938  0.607089043
  0.677043319  0.233541295
  0.793133974  0.390326232
  0.232297733  0.295050055
  0.379416227  0.296033889
  0.381475896  0.740504801
  0.535336196  0.889909089
  0.543279946  0.923367023
  0.732376754  0.608976662
  0.860876918  0.917932272
  0.888419867  0.372500598
  0.490541339  0.632830501
  0.96481967  0.478010714
  0.690158427  0.059925355
  0.863099456  0.594091594
  0.7579301  0.607371032
  0.544061244  0.689162552
  0.834450424  0.79127413
  0.485839903  0.721124887
  0.802602351  0.341778725
  0.718143046  0.194304109
  0.830565453  0.565612853
  0.920857191  0.62283504
  0.576081038  0.620692849
  0.587232411  0.261885732
  0.935090125  0.169377789
  0.477372676  0.324189633
  0.536827445  0.0493454672
  0.692709923  0.220807895
  0.268318832  0.656155288
  0.416968673  0.629466116
  0.716375172  0.864270926
  0.804156125  0.0398582779
  0.254979104  0.582800388
  0.99066025  0.0505397692
  0.504713714  0.0685116574
  0.618934572  0.917123377
  0.21329923  0.085441947
  0.908355772  0.52410084
  0.938401163  0.518541038
  0.516439438  0.772499323
  0.185970575  0.868550777
  0.83014375  0.83724165
  0.422639817  0.459811807
  0.911813378  0.921847582
  0.710755229  0.069485873
  0.964373946  0.349286824
  0.920049131  0.373437047
  0.667008579  0.577816784
  0.30456534  0.129127473
  0.335029185  0.595257938
  0.360544711  0.497747779
  0.756625772  0.272708267
  0.4318766  0.575457633
  0.925369322  0.52747333
  0.866971672  0.732823849
  0.801553786  0.68129909
  0.755675673  0.229582787
  0.239530042  0.806371093
  0.582132578  0.459048122
  0.718718946  0.995252669
  0.899702549  0.0285502877
  0.598153174  0.967642367
  0.156549513  0.277027041
  0.45614782  0.383092791
  0.413082629  0.520718992
  0.441937625  0.749802113
  0.125769705  0.793874025
  0.786916435  0.422069132
  0.886673331  0.780531168
  0.570004761  0.564324975
  0.175624773  0.706349134
  0.389006138  0.945742071
  0.582728207  0.875648797
  0.0938663259  0.905828238
  0.934175313  0.629136503
  0.650742054  0.182898149
  0.772575617  0.305973053
  0.962733567  0.922922254
  0.901480913  0.0612926669
  0.732864618  0.566442609
  0.988778353  0.469050378
  0.625859737  0.078881681
  0.956853688  0.0764517635
  0.200838804  0.0830432624
  0.372543603  0.444742054
  0.557623148  0.621884048
  0.486943275  0.0335185155
  0.616984904  0.424495339
  0.298744351  0.773927689
  0.601003468  0.221669912
  0.234732881  0.721600711
  0.920097411  0.334917516
  0.721393347  0.905792892
  0.785271227  0.398547053
  0.435567141  0.843927085
  0.854858994  0.537441134
  0.365275681  0.11840523
  0.389639109  0.724601567
  0.406262398  0.476207167
  0.760410428  0.0546861999
  0.818652928  0.105872668
  0.568998098  0.848604262
  0.222976282  0.437554806
  0.604693711  0.803382397
  0.520382106  0.343266129
  0.107665107  0.219433188
  0.916659772  0.93544203
  0.599390805  0.459123075
  0.52125144  0.645307302
  0.246670216  0.675237775
  0.559366703  0.569321811
  0.00510657346  0.319875091
  0.469736964  0.717225015
  0.451054722  0.572813332
  0.118927963  0.122806966
  0.731201053  0.294033855
  0.806225598  0.146958217
  0.421159416  0.983118832
  0.972825944  0.77898699
  0.940662086  0.465014398
  0.965021431  0.0869981945
  0.655070841  0.232116431
  0.194664583  0.752710998
  0.944386184  0.909070909
  0.614543915  0.171041369
  0.907715797  0.133994877
  0.778284132  0.865608573
  0.768845975  0.749631047
  0.645560682  0.295001894
  0.446882933  0.799358487
  0.904271662  0.792094946
  0.462168008  0.844623387
  0.443897456  0.288657695
  0.35250181  0.141972408
  0.624262691  0.511833429
  0.922410071  0.290894628
  0.939952254  0.14529632
  0.833275199  0.45958215
  0.993769348  0.273214221
  0.979427695  0.337608218
  0.976779222  0.108477473
  0.277434021  0.982635498
  0.435754597  0.94347769
  0.16798684  0.619141698
  0.840402186  0.230486006
  0.971597493  0.164256096
  0.757827044  0.984019399
  0.429281712  0.630291402
  0.41205138  0.758162022
  0.323372304  0.127101228
  0.924406469  0.856324136
  0.205381319  0.407050222
  0.944860935  0.127040282
  0.833218813  0.689225197
  0.904368222  0.772349894
  0.587050796  0.722284675
  0.0496389568  0.808842123
  0.46830824  0.510719836
  0.36184299  0.60981077
  0.959205925  0.517781675
  0.874434412  0.913986266
  0.956406772  0.510415435
  0.0920879692  0.879310668
  0.873868763  0.216401398
  0.145391762  0.0970328972
  0.877669215  0.397825688
  0.815010667  0.903508008
  0.35902071  0.854859889
  0.653962612  0.47462967
  0.240421563  0.552035332
  0.716241896  0.224346086
  0.783709943  0.0461313501
  0.746415555  0.0915504396
  0.312947661  0.284463227
  0.0430493206  0.181140035
  0.561047256  0.168610066
  0.550373077  0.311598361
  0.783774972  0.755948901
  0.600022674  0.378811151
  0.626809955  0.903601706
  0.698334873  0.785163164
  0.469393373  0.663431644
  0.641130507  0.277607083
  0.492561966  0.189800963
  0.93772155  0.321485758
  0.938110292  0.183809251
  0.492976516  0.903243721
  0.193225399  0.784364462
  0.825525999  0.313279748
  0.853800774  0.446447909
  0.865303874  0.823253453
  0.259273022  0.319128811
  0.453201354  0.295305043
  0.897738993  0.375257075
  0.0581460856  0.900437057
  0.169293121  0.570428312
  0.635065913  0.87882477
  0.115879104  0.871167123
  0.600598097  0.312423974
  0.222128376  0.346490055
  0.915302694  0.215568915
  0.720215023  0.946494758
  0.937165201  0.817150593
  0.792596996  0.136711031
  0.61412847  0.00785036571
  0.851483524  0.873130977
  0.188501298  0.15303956
  0.689916909  0.218901411
  0.874037564  0.00965493731
  0.0812092423  0.540793061
  0.531967878  0.965305269
  0.304883629  0.0448372178
  0.316119313  0.477403045
  0.239781976  0.0661201328
  0.396554172  0.971751869
  0.390461117  0.0572480671
  0.710499585  0.0919910446
  0.85008508  0.373489141
  0.308890313  0.84022212
  0.371695697  0.962137401
  0.250184119  0.463605732
  0.550814688  0.955073833
  0.788054109  0.688489139
  0.841148496  0.459737033
  0.179371342  0.257699907
  0.959689319  0.593686163
  0.932914913  0.662321031
  0.644250095  0.0019336167
  0.623606801  0.874913871
  0.694179058  0.918621063
  0.763777971  0.836905122
  0.924223185  0.638564527
  0.929432333  0.324797243
  0.750087082  0.511591911
  0.701864719  0.0379668325
  0.196127266  0.889684796
  0.758287609  0.0505128652
  0.371783793  0.350030184
  0.805833638  0.973692596
  0.662639618  0.633608937
  0.295125216  0.190302745
  0.604547679  0.358142465
  0.400176913  0.257927805
  0.958203197  0.696132898
  0.654176652  0.580407321
  0.974438488  0.118867837
  0.669014633  0.557954788
  0.713462174  0.445978433
  0.828626156  0.46413058
  0.634434223  0.286514312
  0.883038938  0.142546698
  0.183443531  0.506709278
  0.143857777  0.310499877
  0.521749318  0.455323666
  0.358969122  0.159896731
  0.806930244  0.341515481
  0.625846684  0.504668832
  0.795387089  0.875044405
  0.17441155  0.770592451
  0.176192641  0.0627204031
  0.912199318  0.0393646136
  0.92239356  0.477185607
  0.210485592  0.888185322
  0.705464125  0.91005379
  0.531948984  0.890960932
  0.695259511  0.257311165
  0.674553692  0.494627476
  0.642849505  0.849586308
  0.0604963824  0.0584367253
  0.959574044  0.514745057
  0.602498949  0.668703079
  0.930234671  0.177981868
  0.918247223  0.57955116
  0.0941406861  0.188941076
  0.273891062  0.372428924
  0.421488971  0.0846304744
  0.898156524  0.87816602
  0.976335526  0.842367589
  0.714787245  0.227797374
  0.115151063  0.49662295
  0.933804214  0.78053546
  0.696144283  0.956275284
  0.70088774  0.876592577
  0.897626817  0.361970395
  0.862686157  0.422810823
  0.176233038  0.869845212
  0.703569949  0.941405773
  0.717006147  0.101609297
  0.487603843  0.0658510029
  0.818644881  0.0111064631
  0.0989125967  0.294032246
  0.820254982  0.539735496
  0.489942521  0.564748049
  0.220521539  0.456447572
  0.798276603  0.990332425
  0.67877537  0.319010079
  0.405000895  0.149173677
  0.349091381  0.867867351
  0.609511912  0.803901613
  0.879947364  0.999560654
  0.65075779  0.525944412
  0.975347638  0.715668917
  0.119573258  0.909752309
  0.946330965  0.836332381
  0.43526271  0.666532815
  0.226208076  0.565796018
  0.265741229  0.327702135
  0.725783348  0.597650647
  0.719550014  0.949137509
  0.665200353  0.602327824
  0.405660242  0.0415893421
  0.520283401  0.0931125581
  0.149848804  0.0209451281
  0.714456558  0.393820673
  0.845258832  0.543132663
  0.586996257  0.978956044
  0.934031904  0.307176113
  0.7859478  0.846921265
  0.735403597  0.730955958
  0.840429187  0.634836197
  0.752785444  0.900223732
  0.748210311  0.0778022483
  0.102696337  0.00511410786
  0.696997523  0.83597368
  0.609638214  0.279422849
  0.405484319  0.987431467
  0.0539671257  0.36585322
  0.167416945  0.81060344
  0.519554198  0.633373618
  0.820578277  0.388598979
  0.192185268  0.182254776
  0.239739299  0.442780346
  0.638696313  0.133553982
  0.775137782  0.919022858
  0.736934662  0.327655286
  0.291607767  0.867055655
  0.956644356  0.817272007
  0.642926693  0.0407244712
  0.683451355  0.0269635618
  0.953892708  0.736653328
  0.498009354  0.515690684
  0.96641767  0.403434306
  0.882294953  0.521925867
  0.623165369  0.663661718
  0.748705864  0.144911453
  0.975204468  0.547825754
  0.973029852  0.22088103
  0.530320585  0.331982702
  0.769508064  0.618300855
  0.711674035  0.73909688
  0.259104103  0.853253067
  0.756006181  0.691323519
  0.0433761366  0.0170450918
  0.467254966  0.328517109
  0.880664885  0.222227827
  0.970103562  0.420452535
  0.749590993  0.221136093
  0.123914398  0.666661978
  0.597296536  0.538034618
  0.351864994  0.67306298
  0.433488101  0.941548824
  0.410131902  0.946424603
  0.11072468  0.361667663
  0.490777314  0.771972239
  0.445024401  0.252665848
  0.152054727  0.204603359
  0.209651262  0.63280946
  0.532007158  0.16499494
  0.624412537  0.494720429
  0.197125852  0.159741715
  0.664259374  0.690407574
  0.61916846  0.562275469
  0.822126389  0.787281156
  0.371141762  0.388557732
  0.98140955  0.54802233
  0.135367468  0.110201687
  0.160333782  0.222276211
  0.844735026  0.592225313
  0.91600579  0.383394778
  0.693265557  0.316320151
  0.2738249  0.795357227
  0.407672644  0.839799225
  0.799922228  0.145235553
  0.819153666  0.638117909
  0.69375819  0.751086831
  0.157096073  0.910918593
  0.669462323  0.724253178
  0.504415035  0.0581619963
  0.774677575  0.52981478
  0.380603939  0.0164039377
  0.241370916  0.631549239
  0.519119143  0.871225476
  0.6952402  0.427401394
  0.584614217  0.516655862
  0.395393759  0.526399016
  0.818448961  0.92723304
  0.9893502  0.394870579
  0.802874506  0.447951704
  0.225254238  0.703809917
  0.439539313  0.662589014
  0.797295153  0.559282184
  0.229728892  0.0715308711
  0.0552760512  0.846450329
  0.684178472  0.198344857
  0.788162053  0.733670413
  0.128561422  0.265111148
  0.588937223  0.890397549
  0.848502219  0.595602214
  0.183422849  0.744294822
  0.666786611  0.869782329
  0.69274652  0.33091411
  0.962860465  0.439562827
  0.184209868  0.830149055
  0.638667107  0.517325282
  0.58425194  0.706131339
  0.605026901  0.866237581
  0.886929452  0.73365885
  0.194135785  0.993416548
  0.0977871269  0.196472839
  0.826093256  0.833546817
  0.93386507  0.521860421
  0.931273043  0.756915808
  0.917131722  0.0625617132
  0.715265274  0.25042659
  0.906996965  0.0981751308
  0.842290759  0.223124117
  0.291993201  0.118747748
  0.441692531  0.442499876
  0.663616002  0.283724308
  0.870627701  0.481930256
  0.209004179  0.7067976
  0.127147526  0.129984781
  0.906249464  0.584694445
  0.726162076  0.831458926
  0.579069734  0.291446775
  0.260912985  0.0742395446
  0.794764102  0.207859814
  0.827268541  0.572654068
  0.287812054  0.613847256
  0.343458682  0.156742558
  0.900392532  0.497945517
  0.636163473  0.756877482
  0.525322139  0.577208996
  0.80421406  0.966933191
  0.21784614  0.531075478
  0.420414984  0.514180005
  0.635670006  0.76206398
  0.998288453  0.547561169
  0.578159153  0.988936126
  0.613364041  0.00622471143
  0.591636777  0.317236543
  0.499642313  0.537956834
  0.814015031  0.53501451
  0.485882163  0.659080327
  0.172010228  0.747235954
  0.645673633  0.659124494
  0.458566844  0.210734919
  0.541836977  0.809090674
  0.514230728  0.838762462
  0.983820975  0.879775345
  0.499154568  0.897089303
  0.555106342  0.535842001
  0.712824583  0.358999938
  0.629390121  0.294168353
  0.749583364  0.198854804
  0.701918781  0.498566449
  0.385819554  0.615460336
  0.734853745  0.0483864024
  0.894515991  0.519791067
  0.401408315  0.859731615
  0.154806823  0.22062172
  0.109130919  0.532198668
  0.645593762  0.771196902
  0.802204788  0.523571968
  0.48255381  0.0180164073
  0.993961036  0.305732071
  0.517401338  0.275676191
  0.730833352  0.170154452
  0.745146632  0.137422696
  0.870834112  0.520329654
  0.727941871  0.872520208
  0.871050477  0.492099494
  0.263664365  0.0316851139
  0.592086315  0.822917461
  0.683077574  0.0953995883
  0.586203337  0.600399792
  0.242837518  0.890401959
  0.591820955  0.642634392
  0.528942108  0.522487819
  0.983223438  0.918021381
  0.225749373  0.698725343
  0.794101059  0.50901866
  0.72134012  0.601400971
  0.847223818  0.225548029
  0.979942322  0.431934327
  0.79346329  0.780516267
  0.430707306  0.6912117
  0.312879652  0.17870234
  0.869868279  0.065608725
  0.19539535  0.71504432
  0.324543834  0.380681992
  0.444422036  0.166534752
  0.7934376  0.464710593
  0.616061151  0.596728146
  0.695965409  0.926781237
  0.703671813  0.201416582
  0.617438436  0.825363934
  0.562442124  0.815337121
  0.318657786  0.473496199
  0.40721646  0.0931677446
  0.751505136  0.700453043
  0.50230664  0.349853814
  0.275497317  0.559813559
  0.735191286  0.776613176
  0.255103439  0.26346752
  0.673320293  0.712044597
  0.91401577  0.635012627
  0.580531955  0.83182472
  0.967019737  0.485807806
  0.601226151  0.954134762
  0.447593927  0.369943529
  0.303288192  0.0171490368
  0.946779907  0.146550372
  0.805902243  0.818856359
  0.906339943  0.661764622
  0.21657221  0.524588645
  0.963759005  0.0517686866
  0.601388633  0.0714988858
  0.46016863  0.803097785
  0.509910882  0.168637693
  0.530210197  0.255506992
  0.815440774  0.760664046
  0.952469051  0.317694813
  0.818169951  0.649548531
  0.283875465  0.227600843
  0.742545068  0.79033947
  0.659329951  0.0115167657
  0.780768275  0.680270433
  0.0903896615  0.341484845
  0.331460267  0.725137055
  0.733740747  0.470958978
  0.922941983  0.127020821
  0.512629449  0.825656772
  0.929820001  0.799326718
  0.855294704  0.484078854
  0.339770168  0.770156026
  0.634016752  0.603684306
  0.731278181  0.674206853
  0.673543036  0.0285174586
  0.513381779  0.306935489
  0.976482272  0.30553177
  0.682151139  0.929833412
  0.601001501  0.968732297
  0.969335973  0.515686214
  0.757492602  0.57232511
  0.646740794  0.335234433
  0.893947601  0.369244307
  0.746285319  0.134517059
  0.683262825  0.0558402464
  0.755936801  0.453772932
  0.838997185  0.135785744
  0.323256135  0.330979437
  0.0855479017  0.509544015
  0.53205055  0.0116366446
  0.737600565  0.279506683
  0.432740688  0.403703332
  0.256771237  0.0106645087
  0.613526642  0.852789283
  0.817720652  0.643819153
  0.805456698  0.684335113
  0.566976666  0.748418927
  0.136296391  0.663909376
  0.382800311  0.501088619
  0.367549449  0.675231874
  0.669083834  0.636275649
  0.38351351  0.742524922
  0.413570344  0.0160510316
  0.426653147  0.64103806
  0.529146254  0.575302422
  0.787404597  0.0288111512
  0.851758063  0.341711342
  0.839790046  0.979512572
  0.849751115  0.244826823
  0.116837442  0.44229266
  0.861910641  0.958092213
  0.900709569  0.602646232
  0.569669366  0.509838164
  0.936507165  0.0145481322
  0.890382707  0.305130273
  0.545780957  0.645840704
  0.409123421  0.654775918
  0.548720598  0.739425004
  0.740924597  0.430057764
  0.709575653  0.851680279
  0.200911015  0.411306322
  0.619306266  0.978214741
  0.0887839571  0.334794939
  0.968824327  0.9359321
  0.331043631  0.0283849221
  0.316993058  0.299906492
  0.64406997  0.243988618
  0.53845787  0.279746383
  0.954586208  0.773093879
  0.464292556  0.456425816
  0.628610432  0.193565756
  0.97883141  0.594224751
  0.889784753  0.902746499
  0.17318733  0.601882696
  0.405862093  0.131505683
  0.140376002  0.0614678562
  0.296277016  0.295597434
  0.727425158  0.272183031
  0.750336051  0.346516937
  0.201762825  0.0202229507
  0.219203725  0.348990977
  0.712386847  0.8408342
  0.884999812  0.460073203
  0.167993084  0.344311595
  0.355030626  0.729621768
  0.845592797  0.233847842
  0.465005755  0.921513319
  0.177319869  0.19693768
  0.648013175  0.621572316
  0.260174543  0.724437416
  0.0849189162  0.374523461
  0.977876723  0.0747889206
  0.56950748  0.862239003
  0.606521249  0.650950134
  0.347460419  0.838412583
  0.890066683  0.0212692581
  0.386855692  0.87291187
  0.187026739  0.419166982
  0.286150426  0.606265068
  0.681973934  0.708562613
  0.447420448  0.699629605
  0.209008783  0.123559192
  0.947212338  0.530745983
  0.586247444  0.605956435
  0.342944324  0.510676444
  0.228451937  0.395367384
  0.957841456  0.994519055
  0.264984071  0.173608348
  0.891194522  0.903298795
  0.696531773  0.434124559
  0.440117657  0.752076268
  0.806396246  0.202136964
  0.904267609  0.794365108
  0.348226875  0.27966848
  0.777654588  0.887391567
  0.15009293  0.0158907287
  0.501980543  0.48645702
  0.380266458  0.496694922
  0.920317531  0.0481145419
  0.931196034  0.879068196
  0.61666894  0.764120698
  0.239348412  0.644872248
  0.898439825  0.279985249
  0.492117256  0.690245867
  0.144347057  0.513787806
  0.698970199  0.444232792
  0.0506078824  0.210642293
  0.174149826  0.545082927
  0.555523396  0.920268059
  0.974044263  0.206941977
  0.616708517  0.844451487
  0.275169402  0.430808991
  0.249486625  0.4395383
  0.280795723  0.56275171
  0.205289021  0.163959205
  0.732429802  0.758910358
  0.398111165  0.345389962
  0.778985977  0.981750488
  0.338937849  0.640397787
  0.963423789  0.622990429
  0.869265437  0.240480959
  0.100695871  0.598546922
  0.29680723  0.701844096
  0.485023528  0.0378835835
  0.625862122  0.16203855
  0.0338612832  0.667440236
  0.0837027952  0.0337209851
  0.149549946  0.745699465
  0.63155973  0.028820049
  0.388273865  0.998739719
  0.3078686  0.823677897
  0.446870744  0.26493448
  0.886437535  0.911355317
  0.932662606  0.684168756
  0.512833834  0.480024993
  0.964850366  0.38192153
  0.985856175  0.340207279
  0.15715383  0.606726944
  0.400677353  0.00174031511
  0.615160227  0.322173476
  0.602674842  0.319366217
  0.611335397  0.578077972
  0.893091679  0.0797690302
  0.252203971  0.794057012
  0.34271884  0.142369688
  0.539203882  0.675955832
  0.343852729  0.47033307
  0.759118855  0.294316888
  0.334778398  0.531939864
  0.683016717  0.0702383965
  0.107076041  0.848010004
  0.953193367  0.167251751
  0.184670687  0.617422581
  0.829252899  0.44381848
  0.690676272  0.387283087
  0.0618346706  0.137336299
  0.876246572  0.354692936
  0.732106268  0.63852042
  0.218339577  0.892105818
  0.511989534  0.912486434
  0.750183761  0.963605165
  0.520567656  0.711716115
  0.10273239  0.396184683
  0.57100594  0.7060256
  0.75774157  0.489901036
  0.337726891  0.468712032
  0.712267995  0.906198025
  0.77947998  0.646901846
  0.519218266  0.0526566207
  0.760071278  0.157637686
  0.414850384  0.629842579
  0.563785195  0.434790969
  0.793224812  0.648100138
  0.878976166  0.635655999
  0.362208217  0.30801627
  0.700839698  0.842821717
  0.275572181  0.959438622
  0.366220653  0.244099826
  0.568915367  0.122755408
  0.558728516  0.426331282
  0.811312556  0.527196109
  0.912479758  0.291611016
  0.940950394  0.384203136
  0.495058894  0.979167581
  0.171171471  0.353515178
  0.948714614  0.790514529
  0.661072195  0.110252433
  0.715348065  0.901422203
  0.728984952  0.502215385
  0.457951337  0.93854028
  0.464891076  0.619588315
  0.791919827  0.543313503
  0.778393567  0.277175754
  0.469065398  0.778046012
  0.947835028  0.634998739
  0.307905555  0.663694322
  0.762694716  0.152054667
  0.436074138  0.257265389
  0.281667352  0.606154621
  0.649668336  0.650548458
  0.40487799  0.190333664
  0.227315933  0.606133342
  0.291718364  0.0710625872
  0.169431195  0.190352514
  0.298882961  0.823044717
  0.194903642  0.770916283
  0.161946237  0.755899131
  0.452402592  0.438106656
  0.493907124  0.121879973
  0.748567283  0.244377822
  0.283335924  0.869522095
  0.814786971  0.566946387
  0.898480415  0.142460495
  0.444345683  0.186050728
  0.10868451  0.449769914
  0.227869913  0.183768332
  0.713504076  0.0777479336
  0.590425849  0.0616329424
  0.845207214  0.124547563
  0.911872327  0.482981414
  0.436515242  0.556881666
  0.899008095  0.523801684
  0.573246002  0.200010687
  0.399901688  0.751181364
  0.292918414  0.774955928
  0.588683784  0.68982327
  0.182844877  0.25304994
  0.0786938667  0.590799272
  0.798820257  0.545246959
  0.230851352  0.651078105
  0.504670978  0.269916683
  0.526159406  0.118777484
  0.593823671  0.560932279
  0.700383484  0.574813128
  0.299599528  0.965117037
  0.412417948  0.340618253
  0.906387985  0.432808757
  0.797634482  0.305621028
  0.219604999  0.889819741
  0.191338256  0.533670783
  0.743859351  0.107963257
  0.357257307  0.614967704
  0.572711945  0.173273787
  0.835881054  0.867859006
  0.439753771  0.828924417
  0.611814797  0.84686023
  0.870168865  0.510440826
  0.340298921  0.416095525
  0.282420516  0.982124388
  0.639528751  0.68119669
  0.713825822  0.338786691
  0.285369396  0.651166677
  0.0961795822  0.485454291
  0.540003121  0.675842881
  0.222624123  0.846896052
  0.709158003  0.255023479
  0.210828513  0.936286807
  0.190053627  0.437146842
  0.754905939  0.972956479
  0.505946636  0.36473155
  0.439283699  0.155797541
  0.594218194  0.147702262
  0.175097525  0.578562558
  0.168505445  0.0769643188
  0.25058192  0.366194695
  0.0665777102  0.545080304
  0.393663675  0.484886825
  0.439104557  0.430380493
  0.354667962  0.216900781
  0.821823537  0.52862215
  0.857322514  0.727442622
  0.362954974  0.90718931
  0.384684324  0.828694224
  0.884689093  0.911445916
  0.643453062  0.295064032
  0.806482315  0.641672909
  0.651907802  0.633145452
  0.901477218  0.664898276
  0.128435016  0.575849891
  0.67771399  0.381922543
  0.543487012  0.233283311
  0.795019448  0.46254307
  0.360301584  0.643935323
  0.764493346  0.722439706
  0.425753206  0.32355234
  0.791334569  0.868268192
  0.549754441  0.956261158
  0.412520379  0.427839458
  0.89668411  0.582146227
  0.697927356  0.782592714
  0.334934026  0.926250875
  0.906722724  0.817000926
  0.0984518453  0.449902534
  0.505999804  0.68119359
  0.25590083  0.696528196
  0.79218477  0.224644706
  0.666518807  0.834451795
  0.343548715  0.24480918
  0.509388983  0.067072995
  0.558731616  0.809872329
  0.694147587  0.297343433
  0.185981706  0.26171428
  0.543884277  0.36806494
  0.494510591  0.733185887
  0.416822314  0.825576723
  0.351803392  0.804012477
  0.876579762  0.764228344
  0.99599117  0.778846443
  0.713671982  0.959982753
  0.612721682  0.342461914
  0.825423837  0.054700613
  0.674524069  0.262262732
  0.391781658  0.351364374
  0.906965792  0.838472724
  0.666681767  0.154369175
  0.945508718  0.665601134
  0.809057593  0.177853823
  0.655818403  0.348159373
  0.573033452  0.728153408
  0.478466839  0.306421191
  0.820652544  0.982472301
  0.319496423  0.666727781
  0.693647087  0.459857076
  0.436163604  0.170191273
  0.494577259  0.315904468
  0.54843843  0.393191606
  0.39551577  0.213245288
  0.861359835  0.79856497
  0.814878047  0.727602065
  0.853120029  0.486224174
  0.421322346  0.102738068
  0.785981953  0.201358184
  0.946794093  0.140363604
  0.588828981  0.97287786
  0.346526891  0.241367891
  0.701311827  0.721390307
  0.552773714  0.694859564
  0.689435661  0.907399237
  0.771914005  0.977878332
  0.768603265  0.332604975
  0.720144749  0.745844305
  0.554484487  0.611995161
  0.532339215  0.540024877
  0.174634725  0.19396925
  0.572962105  0.528482676
  0.824060977  0.179200321
  0.846969426  0.577758253
  0.225186095  0.689719975
  0.768364131  0.737157762
  0.908175886  0.0400893465
  0.757877648  0.841085374
  0.802346408  0.837547541
  0.352801174  0.975971997
  0.653758228  0.82340157
  0.561660588  0.137119979
  0.649795294  0.326763988
  0.325932682  0.21946916
  0.182698533  0.0988412052
  0.824993372  0.619321942
  0.498746336  0.81824702
  0.456428736  0.568201542
  0.958436191  0.0444247089
  0.470975101  0.542899072
  0.651091874  0.0554389022
  0.504154325  0.264227062
  0.814481735  0.788837492
  0.353430718  0.828618646
  0.842233479  0.667964518
  0.623644173  0.215540335
  0.658372343  0.698155403
  0.345704257  0.77035749
  0.973397374  0.996791661
  0.448881  0.74508369
  0.885513723  0.899261236
  0.812667012  0.0529347397
  0.189169511  0.440382242
  0.614981353  0.661564052
  0.799735606  0.300196052
  0.903682828  0.510601521
  0.367634267  0.0840892047
  0.352560371  0.263236672
  0.870120883  0.673116446
  0.415056109  0.314678013
  0.611752927  0.273997694
  0.873864114  0.981546581
  0.582368076  0.879560769
  0.777573586  0.473432273
  0.345992506  0.714877486
  0.400204033  0.788216531
  0.278164685  0.856912911
  0.0953348204  0.874778092
  0.723751903  0.513807535
  0.97808826  0.471079797
  0.957879603  0.851599634
  0.696854234  0.71053201
  0.691844046  0.487950236
  0.405512214  0.746462345
  0.765790164  0.254414976
  0.467081159  0.691048086
  0.162941918  0.340143621
  0.739756346  0.332214028
  0.449155658  0.964527786
  0.354186326  0.642988205
  0.560227811  0.333746165
  0.619645953  0.547847033
  0.9940117  0.0294715296
  0.347101957  0.537356615
  0.281998962  0.349520147
  0.975788534  0.725128114
  0.885938406  0.54923147
  0.697572947  0.845137656
  0.207587451  0.707765102
  0.0815795287  0.76606673
  0.87111491  0.702522814
  0.255509615  0.119959302
  0.756742954  0.47723338
  0.7551561  0.884495616
  0.366850466  0.84475702
  0.00120566308  0.774489403
  0.48951894  0.97987622
  0.335798055  0.0522274524
  0.728856742  0.836454928
  0.45085451  0.482270211
  0.883795142  0.614084482
  0.133588299  0.645352364
  0.49254337  0.143613175
  0.949626565  0.298297733
  0.431113958  0.917940676
  0.908381462  0.776390791
  0.127150521  0.368813425
  0.520624518  0.978222907
  0.321600467  0.560372055
  0.351021826  0.205277637
  0.525209665  0.639958739
  0.526893675  0.951241255
  0.201671377  0.554957151
  0.0568474308  0.60682112
  0.778983235  0.961330771
  0.237038553  0.548658371
  0.723060369  0.950349569
  0.531593621  0.811605513
  0.892498791  0.00802383013
  0.307048738  0.30418998
  0.738948226  0.745315015
  0.519074917  0.939286232
  0.43507874  0.202431023
  0.710491776  0.580599904
  0.310235828  0.0130007556
  0.759553909  0.163948432
  0.848582208  0.21859394
  0.755086124  0.382749528
  0.97199899  0.340972334
  0.370023012  0.64300251
  0.492080182  0.680266142
  0.348659009  0.613356292
  0.277358204  0.812224388
  0.619295835  0.403302878
  0.278763711  0.513136327
  0.369294554  0.354716748
  0.958890319  0.813420713
  0.546686292  0.419671834
  0.828297496  0.737673938
  0.331434876  0.103558414
  0.994933665  0.096074
  0.275244832  0.187501833
  0.910975695  0.498378992
  0.999569178  0.148542166
  0.566813946  0.45653671
  0.0736422762  0.598569453
  0.388655722  0.900852084
  0.55153811  0.81317699
  0.561377227  0.917038977
  0.301899374  0.39218837
  0.23079069  0.789118946
  0.171742588  0.32707864
  0.82727176  0.5726524
  0.935179889  0.431533992
  0.248587623  0.828724802
  0.926843047  0.677447677
  0.872790158  0.61084944
  0.367314339  0.00246700249
  0.734464467  0.864891052
  0.91317457  0.928285003
  0.150980353  0.418183297
  0.822534919  0.495590478
  0.424020976  0.883390069
  0.469598711  0.973418236
  0.194122881  0.292781502
  0.446068794  0.17752488
  0.636678338  0.610044122
  0.805697083  0.957957149
  0.258800209  0.701516509
  0.272197783  0.232242078
  0.853131056  0.559140444
  0.417807907  0.696271539
  0.167787522  0.474357307
  0.463253111  0.70305723
  0.726971269  0.872555733
  0.76711601  0.221008226
  0.255329758  0.402134418
  0.300362408  0.579126477
  0.446494162  0.997793138
  0.367197692  0.859057844
  0.346970528  0.698235154
  0.939044535  0.300284058
  0.385943294  0.0846310109
  0.155800074  0.476332843
  0.573911905  0.714326143
  0.59594965  0.742109954
  0.750684381  0.883442342
  0.506524801  0.0657144263
  0.186258733  0.0213076212
  0.677580476  0.76149261
  0.362442613  0.941892266
  0.370575666  0.588822007
  0.118848696  0.593249142
  0.944017887  0.973712027
  0.678805053  0.11669971
  0.212817192  0.262308002
  0.992572784  0.238353252
  0.541507423  0.341596812
  0.0780470222  0.0932201892
  0.13054122  0.404059082
  0.108769402  0.496718466
  0.607232749  0.193669334
  0.914390028  0.285911679
  0.0983095542  0.902491927
  0.27161476  0.0570792444
  0.764149368  0.525933504
  0.588152766  0.744406939
  0.821636379  0.778616667
  0.770942271  0.594245315
  0.669277012  0.907031894
  0.333312243  0.602525473
  0.760392547  0.337459564
  0.9868958  0.0261566322
  0.580129385  0.463711649
  0.914711654  0.249778539
  0.114082791  0.228370205
  0.709787786  0.0356809273
  0.274298728  0.918458164
  0.254078269  0.951088965
  0.570078135  0.13990584
  0.876300454  0.660836935
  0.929187655  0.886818588
  0.154341742  0.244961932
  0.709474504  0.149459213
  0.898764789  0.770795763
  0.136535287  0.589061201
  0.725538731  0.63076508
  0.540170789  0.53402108
  0.905918896  0.610180616
  0.485128999  0.395195544
  0.399249256  0.316539764
  0.917886913  0.0402239151
  0.252868712  0.866110623
  0.365822256  0.465535581
  0.425525904  0.613807976
  0.809227586  0.355609477
  0.783759058  0.323944956
  0.0643737838  0.164632484
  0.806965947  0.471265733
  0.401344299  0.0282303207
  0.921123803  0.915766835
  0.592935145  0.170610249
  0.589701056  0.851094902
  0.580115318  0.257896751
  0.922503412  0.252796531
  0.797961712  0.394539505
  0.613578737  0.134868294
  0.671110868  0.788362682
  0.545458853  0.939326584
  0.242845982  0.430034727
  0.675498545  0.629794836
  0.62018472  0.339348197
  0.755450666  0.708942354
  0.174712658  0.0103166662
  0.112917021  0.840166986
  0.828427851  0.975433648
  0.547113419  0.478590459
  0.802126527  0.101624347
  0.278377086  0.892114997
  0.59509021  0.121739186
  0.627119303  0.0981224254
  0.68909055  0.79625386
  0.595935524  0.952260017
  0.758526206  0.111617632
  0.157484993  0.173442081
  0.484336138  0.831280947
  0.706019461  0.171435431
  0.196411461  0.790316761
  0.969704092  0.528563023
  0.919214189  0.318391472
  0.616614342  0.0660683513
  0.597132981  0.533578813
  0.787263811  0.10728661
  0.394162595  0.705528259
  0.279583335  0.27352488
  0.582827628  0.745303929
  0.108126372  0.414795935
  0.208412126  0.0347483493
  0.243459269  0.067630671
  0.802819312  0.456953734
  0.466464311  0.0361653604
  0.416910529  0.0447661914
  0.928484082  0.111503132
  0.016890768  0.184241638
  0.50067842  0.560440063
  0.215307117  0.936348557
  0.746073782  0.581004381
  0.232216701  0.04860048
  0.80593431  0.878131568
  0.44306159  0.411131561
  0.63792789  0.824004531
  0.266251028  0.0965441093
  0.106822558  0.982529283
  0.989463151  0.528550804
  0.236290455  0.63788718
  0.795395434  0.774022877
  0.723051906  0.555214405
  0.480504155  0.933093429
  0.414653838  0.260766357
  0.78901279  0.0100139193
  0.763278365  0.810093224
  0.679773629  0.390676081
  0.88117975  0.65848881
  0.975635827  0.214794144
  0.789013624  0.0100125466
  0.559316635  0.357603908
  0.507104695  0.403823495
  0.41900146  0.393675208
  0.445685267  0.520754635
  0.711501122  0.250992
  0.668596208  0.893480182
  0.571970582  0.310637921
  0.902056038  0.954603076
  0.446347773  0.351111323
  0.920455515  0.948962867
  0.950255513  0.69551146
  0.697229445  0.161325306
  0.414549053  0.754054427
  0.238141716  0.837649345
  0.896976769  0.941692233
  0.851204216  0.944734812
  0.697642922  0.403136343
  0.221880227  0.545567751
  0.641255796  0.726767659
  0.237383679  0.56077534
  0.186933815  0.378738225
  0.819776773  0.759139657
  0.988621354  0.581540406
  0.421463251  0.0952304825
  0.680423439  0.821471751
  0.85196346  0.639141083
  0.619859755  0.64999944
  0.169202149  0.428788126
  0.658810437  0.538465798
  0.264362663  0.269782394
  0.623328984  0.256787837
  0.413841516  0.547790349
  0.947929502  0.63489151
  0.86814338  0.601615727
  0.971593201  0.20037511
  0.760639727  0.804873884
  0.71633637  0.146126747
  0.270693332  0.848134279
  0.815297246  0.349275798
  0.838461876  0.481247097
  0.899381101  0.0180120897
  0.92606169  0.339190155
  0.83893311  0.094108507
  0.424455255  0.367351383
  0.765043139  0.391680211
  0.457855344  0.430253923
  0.458233684  0.310275555
  0.672602296  0.760770619
  0.558142662  0.357490659
  0.914935112  0.727414727
  0.617847264  0.461595893
  0.713504791  0.675082147
  0.299948126  0.590386152
  0.0256937351  0.144450381
  0.28035894  0.0142231509
  0.472821981  0.486670434
  0.657714725  0.883994818
  0.934790194  0.750313461
  0.744206667  0.861468196
  0.87994206  0.420125932
  0.773059726  0.413477629
  0.569913864  0.249026716
  0.436797917  0.0667549893
  0.935267091  0.518509865
  0.906471014  0.347973913
  0.858490169  0.773853481
  0.82479012  0.411531925
  0.677503347  0.375365704
  0.86988622  0.0701450706
  0.194433972  0.530601799
  0.654580295  0.409542799
  0.438360006  0.891384244
  0.449671686  0.351369441
  0.855880678  0.86740768
  0.513686419  0.68681246
  0.212990075  0.151570797
  0.586170077  0.232600659
  0.962872982  0.329208672
  0.502280414  0.83388406
  0.508304238  0.397709459
  0.404600412  0.291822493
  0.805015802  0.0126839401
  0.827988505  0.604508817
  0.527553618  0.928647935
  0.377221853  0.41951105
  0.563553214  0.632500589
  0.481226534  0.537254751
  0.851231456  0.0554916449
  0.930417538  0.636594415
  0.769803822  0.107038639
  0.55735141  0.493973047
  0.109754227  0.0105069941
  0.553444445  0.762844622
  0.990182102  0.101191089
  0.551059484  0.883788347
  0.671384871  0.856684089
  0.641513705  0.371315897
  0.804773271  0.515678108
  0.164629161  0.0279366784
  0.970621765  0.018640738
  0.750790417  0.778282404
  0.632187545  0.68346113
  0.490307242  0.452037334
  0.136985525  0.8242082
  0.694388092  0.107851513
  0.780223072  0.288660675
  0.219957784  0.90521127
  0.428309053  0.0677816942
  0.382023126  0.611896515
  0.975902975  0.702913165
  0.532397151  0.740106225
  0.388180345  0.0114055416
  0.208355173  0.578242004
  0.887059569  0.185476512
  0.474050432  0.0250401776
  0.8866781  0.293904752
  0.906585515  0.762610257
  0.709627926  0.589917183
  0.230855495  0.487918496
  0.355416924  0.837457001
  0.478265762  0.664577067
  0.352405667  0.0156509429
  0.427415967  0.552584648
  0.385879159  0.318354487
  0.924890876  0.122850493
  0.938726425  0.316293687
  0.365435392  0.0508951619
  0.297477216  0.493514866
  0.490699589  0.0847785622
  0.685524821  0.605537355
  0.525238752  0.96208632
  0.268016905  0.339340299
  0.777184367  0.819898069
  0.552036047  0.526867747
  0.481506079  0.51640135
  0.818220735  0.598275006
  0.200180352  0.0283735152
  0.92911309  0.099659048
  0.249367505  0.715565801
  0.436618418  0.12742658
  0.577829719  0.395357072
  0.330936313  0.562554717
  0.682457805  0.741908669
  0.485628605  0.296755284
  0.52615726  0.611812949
  0.350334048  0.00805173721
  0.999329984  0.21247153
  0.602757752  0.793257833
  0.443767577  0.268494874
  0.840651631  0.293939084
  0.645937741  0.925316691
  0.252431273  0.47199434
  0.319794238  0.217245743
  0.34631291  0.520759761
  0.059554223  0.242243946
  0.814698279  0.929356694
  0.432727516  0.571146786
  0.618453145  0.347780496
  0.23371236  0.701831996
  0.658303916  0.0968830958
  0.860415637  0.25775665
  0.729464412  0.679390907
  0.990855515  0.299241662
  0.401957095  0.575083137
  0.289480448  0.832716167
  0.383770496  0.695723951
  0.572991252  0.483119428
  0.535822988  0.917190492
  0.901247144  0.0242640637
  0.327795088  0.0320528969
  0.696785688  0.244536713
  0.6215505  0.447342187
  0.563510656  0.278269142
  0.957966745  0.0967342034
  0.87096417  0.847297132
  0.765417397  0.699892998
  0.711281836  0.443849295
  0.974868536  0.736140549
  0.53510505  0.429056317
  0.844040215  0.933245242
  0.97819978  0.177586675
  0.973137915  0.607635856
  0.0984814242  0.633376658
  0.266479194  0.571883261
  0.483281881  0.747654796
  0.804343641  0.86562717
  0.518432796  0.610574663
  0.616738915  0.874769211
  0.335618615  0.400448829
  0.416152865  0.222030357
  0.661009371  0.171392322
  0.0629825965  0.233706713
  0.289421141  0.642371833
  0.991450489  0.863651812
  0.43369031  0.638744295
  0.581852078  0.856995165
  0.92398715  0.326506048
  0.162801623  0.811405838
  0.860876381  0.257819891
  0.846774817  0.0195608735
  0.868303597  0.578219116
  0.663684189  0.0427853279
  0.743823826  0.29815498
  0.338954031  0.173992157
  0.78334868  0.754572093
  0.384347528  0.251910776
  0.901892781  0.826241255
  0.766077101  0.00416265801
  0.455967695  0.586801291
  0.865021706  0.163047671
  0.281119704  0.841981828
  0.976797163  0.354539901
  0.582352996  0.609429538
  0.611932456  0.368015647
  0.965303421  0.56996733
  0.373250425  0.14342691
  0.418877393  0.672769427
  0.783713341  0.669010758
  0.867362618  0.993397832
  0.610356092  0.0593954511
  0.506590068  0.39308396
  0.844927609  0.4619371
  0.286115527  0.739313006
  0.00778287742  0.224629313
  0.690159202  0.634988844
  0.74830097  0.3050192
  0.25959152  0.976730108
  0.452213258  0.404513925
  0.919567406  0.447360396
  0.273488075  0.40812856
  0.392393082  0.134863302
  0.603923023  0.736111581
  0.96011591  0.552385449
  0.187521845  0.651350081
  0.610980511  0.553323567
  0.72815913  0.627117395
  0.871404529  0.626491427
  0.94528538  0.565988541
  0.737431943  0.325217098
  0.390589029  0.63357991
  0.515858829  0.893618762
  0.648236752  0.732277751
  0.750528872  0.0337357707
  0.778990269  0.0409163907
  0.67366451  0.619674683
  0.332672  0.573544741
  0.25906688  0.491437614
  0.749869585  0.935730994
  0.659964025  0.0743044466
  0.718065143  0.599000871
  0.646190584  0.0145034231
  0.920471191  0.531576097
  0.510378361  0.909456968
  0.995714128  0.99574095
  0.859664679  0.0738697946
  0.274807483  0.899911106
  0.872955859  0.334710866
  0.602865756  0.97046715
  0.859953523  0.598636568
  0.992990375  0.267218709
  0.368306309  0.534085333
  0.710934639  0.483130872
  0.944033206  0.467121691
  0.0900622681  0.750237584
  0.819966197  0.625489891
  0.704429924  0.926825047
  0.385366142  0.851208389
  0.162587658  0.185991183
  0.54532516  0.594571829
  0.846794605  0.567111135
  0.766420186  0.190315232
  0.236831352  0.654762864
  0.439186871  0.282712251
  0.343456298  0.429648429
  0.372179091  0.432717681
  0.399844795  0.572207272
  0.840388536  0.250375032
  0.882851481  0.133331597
  0.544948697  0.414804667
  0.673571348  0.122753687
  0.875178158  0.394268155
  0.76012522  0.806133687
  0.853249729  0.57687813
  0.365100205  0.754233718
  0.796100736  0.610098124
  0.491695374  0.88214016
  0.729437232  0.554921746
  0.668453336  0.100721553
  0.771570623  0.942857623
  0.897145808  0.28987816
  0.823208272  0.25598079
  0.933991194  0.249736339
  0.435284674  0.843022823
  0.941358507  0.016992731
  0.904363215  0.341927469
  0.816652417  0.326727003
  0.973757327  0.561445236
  0.483701855  0.412446678
  0.531808138  0.802413106
  0.316181332  0.18228668
  0.491961181  0.295492589
  0.261552602  0.645031869
  0.357527912  0.662227333
  0.869177461  0.439152658
  0.857390642  0.933899403
  0.759194911  0.0561731234
  0.238758937  0.873807371
  0.181948736  0.146776587
  0.388401181  0.908262849
  0.749113977  0.964531004
  0.501484573  0.0388026163
  0.253809214  0.432764739
  0.539199173  0.846873879
  0.953601003  0.245825276
  0.58506763  0.620254934
  0.948858321  0.733347714
  0.58069998  0.0650968477
  0.429007649  0.185741886
  0.914925635  0.301418602
  0.363409191  0.0514426567
  0.484345585  0.698802292
  0.356210828  0.360291332
  0.295383871  0.489160746
  0.170385048  0.0474103428
  0.308153957  0.557744861
  0.920534492  0.529134929
  0.171715349  0.0731679052
  0.439337373  0.20266901
  0.926526368  0.557394505
  0.939162493  0.517835855
  0.929889381  0.839110911
  0.1448939  0.621571839
  0.259318709  0.355498403
  0.7833637  0.152157903
  0.530936658  0.296759486
  0.328217119  0.708638191
  0.217175186  0.18983534
  0.842090249  0.629312634
  0.487927884  0.787964404
  0.715894043  0.21467571
  0.599244237  0.0545134507
  0.551889598  0.410840243
  0.917577386  0.343050838
  0.295215875  0.86484015
  0.253092289  0.503295481
  0.952776372  0.0379428416
  0.912678301  0.041996479
  0.349409163  0.116529994
  0.940652549  0.57089597
  0.913439333  0.397915721
  0.261754543  0.166011557
  0.130724683  0.627530873
  0.906939328  0.0289552175
  0.212570876  0.829434633
  0.651980937  0.347978979
  0.985437512  0.00338008325
  0.852956772  0.0349071883
  0.18833822  0.630010545
  0.0923927426  0.184292033
  0.970284879  0.556600869
  0.215386078  0.612883747
  0.324902534  0.0606088154
  0.610972464  0.683962345
  0.759637892  0.617446303
  0.55773437  0.278069615
  0.667742491  0.721278191
  0.802196681  0.683227539
  0.388690859  0.761481702
  0.924405336  0.359753281
  0.917611599  0.827097476
  0.655567467  0.725710869
  0.362983644  0.233405754
  0.784595549  0.225111842
  0.251515329  0.222512871
  0.974097073  0.488342702
  0.531202674  0.783449948
  0.104951426  0.392275214
  0.890903413  0.985078573
  0.343486637  0.430109888
  0.699793935  0.597246528
  0.555428386  0.280053318
  0.957686543  0.594650626
  0.851769149  0.743838191
  0.646763861  0.346648395
  0.163420424  0.494092435
  0.952335417  0.775960028
  0.325944096  0.790849805
  0.422255605  0.0730077922
  0.422233075  0.417048842
  0.877920687  0.74895227
  0.779097259  0.704860806
  0.709465146  0.72555846
  0.475425571  0.426856577
  0.855333805  0.414569676
  0.135874018  0.495158643
  0.872975469  0.494419336
  0.142927542  0.860061944
  0.687275708  0.709554553
  0.865727186  0.160442933
  0.842517018  0.635145962
  0.809401214  0.643747747
  0.922914088  0.571937263
  0.781165063  0.6437639
  0.893274844  0.0803909227
  0.669484198  0.412085921
  0.0105552217  0.383742005
  0.459213883  0.0082923295
  0.630828798  0.224718615
  0.943558693  0.260338336
  0.374047995  0.651653528
  0.606863737  0.886283875
  0.0661589652  0.70322603
  0.280851007  0.557761788
  0.973941922  0.756478965
  0.380488634  0.270051092
  0.420662969  0.988240123
  0.324380606  0.281497449
  0.683399498  0.523458362
  0.965947032  0.943318784
  0.695463061  0.668564975
  0.285322607  0.853962064
  0.200183555  0.852986693
  0.947751462  0.307800472
  0.41876924  0.209022567
  0.234679267  0.381682575
  0.738504708  0.0839523748
  0.445497692  0.432562143
  0.428851157  0.603468716
  0.866670549  0.820358515
  0.850682735  0.413574338
  0.784223258  0.888517022
  0.825820208  0.416583896
  0.477447271  0.0912247747
  0.956185818  0.90922296
  0.795346618  0.665425837
  0.269088626  0.195202634
  0.935260475  0.267789215
  0.366294295  0.716430962
  0.835756004  0.694485068
  0.208996758  0.700616419
  0.66718781  0.840226054
  0.824289501  0.205968618
  0.415034562  0.319823295
  0.798859119  0.736065209
  0.437666208  0.177934229
  0.525822878  0.369636267
  0.588400543  0.507555485
  0.874691963  0.826540887
  0.241578326  0.561492622
  0.21403718  0.396205157
  0.17488113  0.0924059451
  0.252265185  0.20712024
  0.944891155  0.793448687
  0.961215854  0.117892019
  0.949705243  0.891558468
  0.404613256  0.261440784
  0.778786719  0.629927337
  0.950550318  0.0385433957
  0.500160515  0.0100185331
  0.470599592  0.246328652
  0.133950189  0.403434753
  0.24155204  0.439062446
  0.954402685  0.321570545
  0.578547835  0.828275204
  0.766699076  0.289883167
  0.257113755  0.0776930824
  0.950604022  0.380616754
  0.772671878  0.573369503
  0.750023067  0.213848606
  0.890889883  0.115738578
  0.897984505  0.245208502
  0.220476329  0.521117687
  0.847103  0.96090591
  0.896360934  0.615360677
  0.991888821  0.258916974
  0.655179441  0.287611753
  0.616140366  0.810189247
  0.170267463  0.73394078
  0.979262352  0.242020354
  0.430701911  0.94925189
  0.74608016  0.286788553
  0.807396114  0.491178513
  0.953046143  0.818441749
  0.378309399  0.79201299
  0.218951613  0.290030271
  0.672416449  0.678345382
  0.137904525  0.611423194
  0.814880073  0.902990639
  0.699792981  0.940862536
  0.368522108  0.352219939
  0.502312183  0.516011
  0.223443046  0.950267255
  0.209417894  0.406277388
  0.815888762  0.882785082
  0.734000206  0.782196224
  0.728054762  0.900694907
  0.667650342  0.149590671
  0.10684859  0.839066625
  0.730720103  0.21419768
  0.830339611  0.23619467
  0.707755685  0.568455338
  0.698373199  0.877052724
  0.542973399  0.0686660185
  0.166676983  0.0013447043
  0.451784015  0.185385659
  0.789725065  0.577163815
  0.803031921  0.280963123
  0.938441515  0.838322401
  0.511946559  0.105902627
  0.13351059  0.474128634
  0.99880302  0.904234648
  0.521175444  0.683522344
  0.126372382  0.563972592
  0.24419485  0.868843555
  0.750907123  0.467071682
  0.822093964  0.0392291248
  0.552400172  0.403353453
  0.468359262  0.0155431461
  0.788387179  0.0972577482
  0.847874761  0.252536863
  0.846655488  0.965403378
  0.730667055  0.699866176
  0.470645368  0.871947885
  0.152926266  0.0978878886
  0.0806093439  0.169264287
  0.10344249  0.319413185
  0.991797328  0.851479471
  0.422119439  0.797157049
  0.947732151  0.355101675
  0.172127083  0.323498845
  0.945243299  0.24043493
  0.736651123  0.975414515
  0.774516702  0.663911641
  0.917468309  0.217289329
