#C Summaryfile by DIFFEV
#S 1
#L GEN RAVE RMIN RMAX RSIG  heighAVE heighMIN heighMAX heighSIG positAVE positMIN positMAX positSIG widthAVE widthMIN widthMAX widthSIG
   0  0.1287399173E+01  0.1953952610E+00  0.2890597820E+01  0.8544847965E+00  0.1004474411E+03  0.2673226357E+01  0.1935472870E+03  0.6280885315E+02  0.5612805939E+02 -0.4625148010E+02  0.1470054626E+03  0.5479376221E+02  0.2496162243E-01 -0.9390077591E+00  0.9879243374E+00  0.6694944501E+00
   1  0.5289584994E+00  0.1251547486E+00  0.1002490401E+01  0.2473343164E+00  0.1057695923E+03  0.2529687285E+00  0.1927916412E+03  0.5904305649E+02  0.6575801086E+02 -0.3530945587E+02  0.1470054626E+03  0.5520255280E+02  0.6347478032E+00 -0.2733513713E+00  0.9879243374E+00  0.2698326707E+00
   2  0.2876416445E+00  0.1069317311E+00  0.4972671568E+00  0.1252717078E+00  0.1048170395E+03  0.5303888321E+02  0.1521435547E+03  0.3010233498E+02  0.5275675583E+02 -0.2881305504E+02  0.1326672058E+03  0.5383280563E+02  0.6900818348E+00  0.3156924993E-01  0.9672572017E+00  0.2191147357E+00
   3  0.2188807428E+00  0.1048602909E+00  0.3177568913E+00  0.7289917022E-01  0.1064962311E+03  0.7188944244E+02  0.1321616211E+03  0.2005638313E+02  0.5270269775E+02 -0.4733836365E+02  0.1466529236E+03  0.5935035706E+02  0.6729255319E+00  0.3156924993E-01  0.9462540150E+00  0.2206315100E+00
   4  0.1625491828E+00  0.1048602909E+00  0.2350573242E+00  0.4007717595E-01  0.1016483231E+03  0.8122870636E+02  0.1222123489E+03  0.1268885994E+02  0.4879305267E+02 -0.4827100372E+02  0.1415555573E+03  0.5895115280E+02  0.7233242989E+00  0.3203811944E+00  0.9658002853E+00  0.1838956028E+00
   5  0.1283666342E+00  0.1048602909E+00  0.1519563049E+00  0.1195430290E-01  0.1016776199E+03  0.9089128876E+02  0.1114708481E+03  0.6434514046E+01  0.3949809265E+02 -0.4665002441E+02  0.1498961182E+03  0.5837088394E+02  0.6869798899E+00  0.1904063523E+00  0.9890896082E+00  0.1983089149E+00
   6  0.1183299124E+00  0.1011538729E+00  0.1272227168E+00  0.7072000299E-02  0.1005975418E+03  0.9170072937E+02  0.1080165100E+03  0.3958551884E+01  0.3246621323E+02 -0.4665002441E+02  0.1494775696E+03  0.6230183792E+02  0.6463028789E+00  0.8268558979E-01  0.9801820517E+00  0.2298744023E+00
   7  0.1112885326E+00  0.9434126318E-01  0.1194226965E+00  0.6636714563E-02  0.1007173462E+03  0.9393277740E+02  0.1064009628E+03  0.2619139671E+01  0.3303495789E+02 -0.4335169601E+02  0.1494775696E+03  0.5747801208E+02  0.5266558528E+00  0.8268558979E-01  0.9801820517E+00  0.1937073022E+00
   8  0.1051941663E+00  0.9290718287E-01  0.1131873131E+00  0.5638376344E-02  0.1008612442E+03  0.9534542084E+02  0.1046520004E+03  0.2256461382E+01  0.3696630096E+02 -0.4789391708E+02  0.1464862518E+03  0.6012750626E+02  0.4013061523E+00  0.8268558979E-01  0.7309753299E+00  0.1607545167E+00
   9  0.1016020626E+00  0.9020127356E-01  0.1066067815E+00  0.4329580814E-02  0.1006814575E+03  0.9534542084E+02  0.1046776733E+03  0.1965000510E+01  0.3994942474E+02 -0.4789391708E+02  0.1464862518E+03  0.6044107056E+02  0.3111314178E+00  0.7559191436E-02  0.7136492729E+00  0.1366499662E+00
  10  0.9870324284E-01  0.8993476629E-01  0.1039990112E+00  0.3844772000E-02  0.1004257202E+03  0.9519877625E+02  0.1046371536E+03  0.2075561047E+01  0.5259148788E+02 -0.4747965622E+02  0.1464862518E+03  0.6439194489E+02  0.2313736826E+00  0.7559191436E-02  0.7136492729E+00  0.1334614158E+00
  11  0.9583810717E-01  0.8837959170E-01  0.1006845832E+00  0.3504861146E-02  0.1004927750E+03  0.9646877289E+02  0.1041215515E+03  0.1609154344E+01  0.5353643036E+02 -0.4456516266E+02  0.1464862518E+03  0.6142765427E+02  0.1819287390E+00  0.7559191436E-02  0.7136492729E+00  0.1178750098E+00
  12  0.9309550375E-01  0.8706715703E-01  0.9645648301E-01  0.2561886795E-02  0.1003214645E+03  0.9646877289E+02  0.1034137955E+03  0.1436026573E+01  0.4780836487E+02 -0.4687638474E+02  0.1483509216E+03  0.6124691772E+02  0.1228871942E+00  0.5150825717E-02  0.2088900506E+00  0.6299328804E-01
  13  0.9131527692E-01  0.8671609312E-01  0.9434126318E-01  0.2122233156E-02  0.1000407486E+03  0.9646877289E+02  0.1027484512E+03  0.1471848726E+01  0.4860334396E+02 -0.4687638474E+02  0.1321625214E+03  0.5829581833E+02  0.8337472379E-01  0.3996130254E-03  0.1863727123E+00  0.5481527746E-01
  14  0.9017573297E-01  0.8671609312E-01  0.9242794663E-01  0.1495558885E-02  0.9993025208E+02  0.9738243103E+02  0.1027484512E+03  0.1425419092E+01  0.4314707565E+02 -0.4457963943E+02  0.1333363953E+03  0.5966796112E+02  0.5787089095E-01  0.3996130254E-03  0.1431235373E+00  0.3777620569E-01
  15  0.8916708082E-01  0.8671609312E-01  0.9060145915E-01  0.1013470464E-02  0.9981344604E+02  0.9762909698E+02  0.1027484512E+03  0.1364164233E+01  0.3521748352E+02 -0.4457963943E+02  0.1341494446E+03  0.6178076935E+02  0.4347940162E-01  0.3996130254E-03  0.1077300161E+00  0.2961395308E-01
  16  0.8868404478E-01  0.8666822314E-01  0.8996608853E-01  0.9305096464E-03  0.9951795959E+02  0.9761892700E+02  0.1027484512E+03  0.1132262945E+01  0.4778437424E+02 -0.4457963943E+02  0.1341494446E+03  0.6431058502E+02  0.3753879294E-01  0.3996130254E-03  0.1077300161E+00  0.2789059281E-01
  17  0.8808883280E-01  0.8666822314E-01  0.8904808015E-01  0.7382309414E-03  0.9954244995E+02  0.9768685913E+02  0.1027484512E+03  0.9981607795E+00  0.4480077744E+02 -0.4785735703E+02  0.1341494446E+03  0.6715871429E+02  0.2727909945E-01  0.3996130254E-03  0.1077300161E+00  0.2109302022E-01
  18  0.8785943687E-01  0.8666822314E-01  0.8871431649E-01  0.6740747485E-03  0.9953312683E+02  0.9791941071E+02  0.1027484512E+03  0.9057743549E+00  0.3758802032E+02 -0.4785735703E+02  0.1341494446E+03  0.6509867859E+02  0.2429182455E-01  0.3996130254E-03  0.1077300161E+00  0.1849723049E-01
  19  0.8752921224E-01  0.8666822314E-01  0.8828651905E-01  0.5065964651E-03  0.9971871185E+02  0.9811065674E+02  0.1009701004E+03  0.7307567000E+00  0.4027298737E+02 -0.4785735703E+02  0.1467520599E+03  0.6508942413E+02  0.1921094768E-01  0.1033352921E-02  0.4388602823E-01  0.1218744833E-01
  20  0.8730448782E-01  0.8666822314E-01  0.8798476309E-01  0.4168050655E-03  0.9966636658E+02  0.9845689392E+02  0.1009701004E+03  0.6141582727E+00  0.4844299316E+02 -0.4785735703E+02  0.1467520599E+03  0.6405821228E+02  0.1555641368E-01  0.1033352921E-02  0.4388602823E-01  0.1043345407E-01
  21  0.8703073114E-01  0.8666609228E-01  0.8756095171E-01  0.2931439667E-03  0.9973181152E+02  0.9899876404E+02  0.1006501236E+03  0.4555555284E+00  0.5876424789E+02 -0.4822802353E+02  0.1446695251E+03  0.5900358582E+02  0.1146335900E-01  0.1033352921E-02  0.2794368006E-01  0.8015185595E-02
  22  0.8687940985E-01  0.8666609228E-01  0.8716250211E-01  0.1622825512E-03  0.9969319916E+02  0.9879003143E+02  0.1005104141E+03  0.4397816360E+00  0.6008737183E+02 -0.4822802353E+02  0.1446695251E+03  0.5415731812E+02  0.8167625405E-02  0.1301326265E-03  0.2084060200E-01  0.5243602209E-02
  23  0.8677575737E-01  0.8659350872E-01  0.8695840091E-01  0.8525545854E-04  0.9969862366E+02  0.9915197754E+02  0.1002887878E+03  0.3423733711E+00  0.5912668991E+02 -0.4822802353E+02  0.1466348419E+03  0.5769802094E+02  0.6608825177E-02  0.1301326265E-03  0.2084060200E-01  0.4992911126E-02
  24  0.8674065769E-01  0.8659350872E-01  0.8683943003E-01  0.5852392496E-04  0.9966380310E+02  0.9915197754E+02  0.1001259842E+03  0.3125275075E+00  0.6257619095E+02 -0.4822802353E+02  0.1491715851E+03  0.5908956909E+02  0.6334364880E-02  0.1301326265E-03  0.2242011577E-01  0.5454970058E-02
  25  0.8670561016E-01  0.8650629222E-01  0.8678310364E-01  0.5710804908E-04  0.9962468719E+02  0.9916703796E+02  0.1000925217E+03  0.2636119425E+00  0.7052535248E+02 -0.4564446259E+02  0.1491715851E+03  0.5880260468E+02  0.6163477898E-02  0.1301326265E-03  0.2242011577E-01  0.5403744988E-02
  26  0.8667933196E-01  0.8622243255E-01  0.8674979955E-01  0.8895989595E-04  0.9960584259E+02  0.9916703796E+02  0.1000925217E+03  0.2384439707E+00  0.6962153625E+02 -0.4564446259E+02  0.1491715851E+03  0.5923894501E+02  0.5779356230E-02  0.2377018100E-03  0.2242011577E-01  0.5414390471E-02
  27  0.8666844666E-01  0.8622243255E-01  0.8673235774E-01  0.8493056521E-04  0.9959687042E+02  0.9916703796E+02  0.1000567322E+03  0.2210525125E+00  0.7083907318E+02 -0.4564446259E+02  0.1491715851E+03  0.5678379822E+02  0.5583909806E-02  0.2377018100E-03  0.2242011577E-01  0.5489924457E-02
  28  0.8665877581E-01  0.8622243255E-01  0.8672899753E-01  0.8282128692E-04  0.9962042236E+02  0.9916703796E+02  0.1000567322E+03  0.2088982165E+00  0.6582527161E+02 -0.4558282852E+02  0.1491715851E+03  0.5942259598E+02  0.5629561841E-02  0.2377018100E-03  0.2242011577E-01  0.5838538054E-02
  29  0.8665096015E-01  0.8622243255E-01  0.8670291305E-01  0.7943165110E-04  0.9964771271E+02  0.9930675507E+02  0.1000567322E+03  0.1813955754E+00  0.7037803650E+02 -0.4558282852E+02  0.1467474823E+03  0.5798817444E+02  0.5562313367E-02  0.2835650812E-03  0.2242011577E-01  0.5839317106E-02
  30  0.8663354814E-01  0.8622243255E-01  0.8669415116E-01  0.8745997184E-04  0.9964912415E+02  0.9930675507E+02  0.1000567322E+03  0.1774184853E+00  0.7270161438E+02 -0.4558282852E+02  0.1468741455E+03  0.5264409637E+02  0.6247580983E-02  0.2835650812E-03  0.2242011577E-01  0.6062917411E-02
  31  0.8661627024E-01  0.8622164279E-01  0.8667950332E-01  0.1070752987E-03  0.9967304993E+02  0.9931462860E+02  0.1001734619E+03  0.1935402602E+00  0.7362540436E+02 -0.4563615799E+02  0.1468741455E+03  0.5388344574E+02  0.7283655927E-02  0.2835650812E-03  0.2242011577E-01  0.6315955892E-02
  32  0.8660978824E-01  0.8622164279E-01  0.8666960895E-01  0.1048863342E-03  0.9965581512E+02  0.9931462860E+02  0.1001734619E+03  0.1776772141E+00  0.8097179413E+02 -0.4558282852E+02  0.1468741455E+03  0.4583174133E+02  0.6565809716E-02  0.1501748775E-03  0.2242011577E-01  0.5944977980E-02
  33  0.8660396934E-01  0.8622164279E-01  0.8666822314E-01  0.1039060517E-03  0.9966477203E+02  0.9931462860E+02  0.1001734619E+03  0.1734978706E+00  0.7813924408E+02 -0.4558282852E+02  0.1452319031E+03  0.4348648071E+02  0.6608060561E-02  0.1501748775E-03  0.2242011577E-01  0.5929751322E-02
  34  0.8660384268E-01  0.8622164279E-01  0.8666680008E-01  0.1038255141E-03  0.9965991211E+02  0.9931462860E+02  0.1001734619E+03  0.1741341949E+00  0.7897308350E+02 -0.4558282852E+02  0.1452319031E+03  0.4431546783E+02  0.6242435426E-02  0.8548304322E-05  0.2242011577E-01  0.5872827489E-02
  35  0.8659653366E-01  0.8622164279E-01  0.8666455746E-01  0.1061671792E-03  0.9966462708E+02  0.9931462860E+02  0.1001734619E+03  0.1851374507E+00  0.8092703247E+02 -0.4558282852E+02  0.1452319031E+03  0.4362175369E+02  0.6137234624E-02  0.8548304322E-05  0.2242011577E-01  0.5526795983E-02
  36  0.8659587055E-01  0.8622164279E-01  0.8666372299E-01  0.1057853806E-03  0.9966570282E+02  0.9931462860E+02  0.1001734619E+03  0.1847576201E+00  0.7962001801E+02 -0.4558282852E+02  0.1452319031E+03  0.4566744614E+02  0.6390301511E-02  0.8548304322E-05  0.2242011577E-01  0.5490296520E-02
  37  0.8657588065E-01  0.8597014844E-01  0.8666165173E-01  0.1430570701E-03  0.9967597198E+02  0.9933124542E+02  0.1001734619E+03  0.1730807722E+00  0.7852159119E+02 -0.4623482132E+02  0.1452319031E+03  0.4705921173E+02  0.7014567964E-02  0.1501748775E-03  0.2242011577E-01  0.5631845910E-02
  38  0.8656207472E-01  0.8597014844E-01  0.8665820956E-01  0.1462447544E-03  0.9968496704E+02  0.9933124542E+02  0.1001734619E+03  0.1935560703E+00  0.7650857544E+02 -0.4623482132E+02  0.1447251282E+03  0.4843221664E+02  0.7702043746E-02  0.4939729115E-03  0.2242011577E-01  0.5586461630E-02
  39  0.8650860190E-01  0.8566618711E-01  0.8665084094E-01  0.2334954916E-03  0.9967006683E+02  0.9917154694E+02  0.1001734619E+03  0.2101691961E+00  0.7576777649E+02 -0.4622563171E+02  0.1136611557E+03  0.4649685669E+02  0.8725672960E-02  0.4939729115E-03  0.2697166800E-01  0.6049134303E-02
  40  0.8648177981E-01  0.8566618711E-01  0.8664309233E-01  0.2621414897E-03  0.9966567993E+02  0.9917154694E+02  0.1001734619E+03  0.2034006566E+00  0.7776029968E+02 -0.4622563171E+02  0.1136611557E+03  0.4497115326E+02  0.8903522976E-02  0.4939729115E-03  0.2697166800E-01  0.6008991506E-02
  41  0.8645221591E-01  0.8566618711E-01  0.8663275838E-01  0.2712791611E-03  0.9966450500E+02  0.9917154694E+02  0.1001734619E+03  0.2077913582E+00  0.8002773285E+02 -0.4622563171E+02  0.1069937897E+03  0.4284655380E+02  0.9688957594E-02  0.4939729115E-03  0.2697166800E-01  0.5578089040E-02
  42  0.8641152829E-01  0.8566618711E-01  0.8661984652E-01  0.2747357066E-03  0.9964208221E+02  0.9915863037E+02  0.1001734619E+03  0.2245870084E+00  0.8455699158E+02 -0.4622563171E+02  0.1069937897E+03  0.3922832108E+02  0.1052873209E-01  0.4939729115E-03  0.2697166800E-01  0.5776979961E-02
  43  0.8634277433E-01  0.8548765630E-01  0.8660084754E-01  0.3169023257E-03  0.9970115662E+02  0.9915863037E+02  0.1001838837E+03  0.2623530328E+00  0.8875191498E+02 -0.4561519241E+02  0.1052442245E+03  0.3293173218E+02  0.1154269464E-01  0.1947920537E-02  0.2697166800E-01  0.5276891869E-02
  44  0.8634134382E-01  0.8548765630E-01  0.8659944683E-01  0.3157843894E-03  0.9970070648E+02  0.9915863037E+02  0.1001838837E+03  0.2628316283E+00  0.8881265259E+02 -0.4561519241E+02  0.1052442245E+03  0.3294536591E+02  0.1135142520E-01  0.1485907356E-02  0.2697166800E-01  0.5507886410E-02
  45  0.8630690724E-01  0.8548765630E-01  0.8658821136E-01  0.3097376321E-03  0.9974765015E+02  0.9915863037E+02  0.1002113571E+03  0.2691320777E+00  0.9287538147E+02 -0.4561519241E+02  0.1050590668E+03  0.2442196274E+02  0.1165027544E-01  0.1485907356E-02  0.2697166800E-01  0.5822421517E-02
  46  0.8611315489E-01  0.8405102789E-01  0.8656185865E-01  0.4886786919E-03  0.9976914215E+02  0.9915863037E+02  0.1002228546E+03  0.2677247524E+00  0.9888143158E+02  0.7181724548E+02  0.1050590668E+03  0.6537070274E+01  0.1301672868E-01  0.1947920537E-02  0.3250913695E-01  0.6408093497E-02
  47  0.8583040535E-01  0.8403076977E-01  0.8645375818E-01  0.6281929673E-03  0.9975734711E+02  0.9912302399E+02  0.1002228546E+03  0.2679191232E+00  0.9897529602E+02  0.7181724548E+02  0.1040587158E+03  0.6344802856E+01  0.1468489226E-01  0.1947920537E-02  0.3250913695E-01  0.6905864924E-02
  48  0.8547642827E-01  0.8359412104E-01  0.8616135269E-01  0.6937122089E-03  0.9968788147E+02  0.9912302399E+02  0.1002763977E+03  0.3001696765E+00  0.1002628860E+03  0.9984191895E+02  0.1006828232E+03  0.2201265693E+00  0.1648205705E-01  0.3656238783E-02  0.3250913695E-01  0.7270744070E-02
  49  0.8504120260E-01  0.8312168717E-01  0.8583643287E-01  0.6785530713E-03  0.9966252899E+02  0.9885972595E+02  0.1003863983E+03  0.3163165152E+00  0.1002766342E+03  0.9993902588E+02  0.1005569687E+03  0.1645985693E+00  0.2036143653E-01  0.7385167759E-02  0.4104720429E-01  0.8668303490E-02
  50  0.8451534063E-01  0.8312168717E-01  0.8529953659E-01  0.6298515364E-03  0.9962390900E+02  0.9869640350E+02  0.1003863983E+03  0.3743184805E+00  0.1002541351E+03  0.1000393677E+03  0.1004657288E+03  0.1086105257E+00  0.2325137891E-01  0.7385167759E-02  0.5022732913E-01  0.9735074826E-02
  51  0.8394137770E-01  0.8222634345E-01  0.8482847363E-01  0.5979388370E-03  0.9966817474E+02  0.9841902161E+02  0.1012382431E+03  0.5007525682E+00  0.1002464218E+03  0.1000509949E+03  0.1003486786E+03  0.7064815611E-01  0.2805900760E-01  0.7385167759E-02  0.5714672431E-01  0.1067369059E-01
  52  0.8347146213E-01  0.8222634345E-01  0.8409667760E-01  0.4315777041E-03  0.9965468597E+02  0.9850740814E+02  0.1003863983E+03  0.4484422207E+00  0.1002508163E+03  0.1001448059E+03  0.1003507996E+03  0.5687737837E-01  0.3649468347E-01  0.1850451529E-01  0.6623569876E-01  0.1118592825E-01
  53  0.8323199302E-01  0.8222634345E-01  0.8359412104E-01  0.3379497211E-03  0.9968520355E+02  0.9864531708E+02  0.1005624847E+03  0.4536811411E+00  0.1002370682E+03  0.1001268463E+03  0.1003507996E+03  0.5538405478E-01  0.4136130586E-01  0.2409162931E-01  0.6623569876E-01  0.1089205872E-01
  54  0.8309341967E-01  0.8222634345E-01  0.8343698084E-01  0.2853280166E-03  0.9976570892E+02  0.9864531708E+02  0.1008927002E+03  0.5178906918E+00  0.1002462006E+03  0.1001696930E+03  0.1003291855E+03  0.4625635594E-01  0.4368907213E-01  0.2894645184E-01  0.6623569876E-01  0.1014004648E-01
  55  0.8287829161E-01  0.8198445290E-01  0.8324314654E-01  0.3116470180E-03  0.9978818512E+02  0.9874308777E+02  0.1010327148E+03  0.5609393716E+00  0.1002404327E+03  0.1001362152E+03  0.1003280411E+03  0.4403736815E-01  0.5095349252E-01  0.3325622901E-01  0.7693491131E-01  0.1123119704E-01
  56  0.8262122422E-01  0.8192110062E-01  0.8302851021E-01  0.2943926374E-03  0.9985316467E+02  0.9874308777E+02  0.1008280640E+03  0.4777806103E+00  0.1002356262E+03  0.1001362152E+03  0.1003280411E+03  0.4260201380E-01  0.5747770146E-01  0.3920903057E-01  0.8584016562E-01  0.1140134130E-01
  57  0.8241221309E-01  0.8185990155E-01  0.8272018284E-01  0.2361136285E-03  0.9987078857E+02  0.9888222504E+02  0.1008280640E+03  0.3835290968E+00  0.1002350998E+03  0.1001658630E+03  0.1003045959E+03  0.3424280137E-01  0.6202473864E-01  0.4623915628E-01  0.8790422231E-01  0.1102877222E-01
  58  0.8224303275E-01  0.8185990155E-01  0.8246692270E-01  0.1811829425E-03  0.9991097260E+02  0.9945953369E+02  0.1005820084E+03  0.3028262854E+00  0.1002288284E+03  0.1001815720E+03  0.1002922440E+03  0.2984273806E-01  0.6810751557E-01  0.4977705702E-01  0.9529495239E-01  0.1189523656E-01
  59  0.8212218434E-01  0.8185934275E-01  0.8234280348E-01  0.1500958460E-03  0.9993524170E+02  0.9926385498E+02  0.1006258087E+03  0.3370991945E+00  0.1002275467E+03  0.1001815720E+03  0.1002736359E+03  0.2531509660E-01  0.7539173216E-01  0.5444516987E-01  0.1009182557E+00  0.1098117791E-01
  60  0.8203484863E-01  0.8179587871E-01  0.8221288770E-01  0.1232648065E-03  0.9996017456E+02  0.9947653961E+02  0.1006258087E+03  0.2945035994E+00  0.1002328491E+03  0.1001922531E+03  0.1002736359E+03  0.2194949426E-01  0.8011902124E-01  0.5907405913E-01  0.1098489687E+00  0.1274462882E-01
  61  0.8195123076E-01  0.8179587871E-01  0.8208865672E-01  0.7955484034E-04  0.1000400009E+03  0.9957585907E+02  0.1006258087E+03  0.2507583797E+00  0.1002369843E+03  0.1002024536E+03  0.1002787323E+03  0.1793331280E-01  0.8551758528E-01  0.6668734550E-01  0.1151482686E+00  0.1319900341E-01
  62  0.8191051334E-01  0.8179587871E-01  0.8200172335E-01  0.5907859668E-04  0.1000697708E+03  0.9962590027E+02  0.1006258087E+03  0.2435791790E+00  0.1002352829E+03  0.1002130661E+03  0.1002675095E+03  0.1448709518E-01  0.8819775283E-01  0.6929058582E-01  0.1151482686E+00  0.1224495098E-01
  63  0.8187602460E-01  0.8179587871E-01  0.8193115145E-01  0.4315959814E-04  0.1001023026E+03  0.9969006348E+02  0.1004240112E+03  0.2025055289E+00  0.1002337036E+03  0.1002146683E+03  0.1002637634E+03  0.1261028741E-01  0.9313108772E-01  0.7472336292E-01  0.1234861091E+00  0.1158837508E-01
  64  0.8186186850E-01  0.8178888261E-01  0.8191332221E-01  0.3801135244E-04  0.1001477127E+03  0.9969006348E+02  0.1004768600E+03  0.1871176362E+00  0.1002333145E+03  0.1002168045E+03  0.1002637634E+03  0.1042682957E-01  0.9541980922E-01  0.7736829668E-01  0.1234861091E+00  0.1139040105E-01
  65  0.8184033632E-01  0.8178888261E-01  0.8188349754E-01  0.3014544382E-04  0.1001746063E+03  0.9972316742E+02  0.1004768600E+03  0.1591481566E+00  0.1002347183E+03  0.1002186584E+03  0.1002552185E+03  0.9271759540E-02  0.9430096298E-01  0.7906101644E-01  0.1153308824E+00  0.8716087788E-02
  66  0.8182097971E-01  0.8178888261E-01  0.8185583353E-01  0.2129142376E-04  0.1001258392E+03  0.9990518951E+02  0.1003444138E+03  0.1163788065E+00  0.1002390442E+03  0.1002214737E+03  0.1002565002E+03  0.9697405621E-02  0.9477315098E-01  0.8369553834E-01  0.1130123883E+00  0.7442267146E-02
  67  0.8180817217E-01  0.8178626746E-01  0.8183118701E-01  0.1326707843E-04  0.1001303177E+03  0.9995206451E+02  0.1003299942E+03  0.9766026586E-01  0.1002410278E+03  0.1002283783E+03  0.1002542038E+03  0.6882628426E-02  0.9435474128E-01  0.8369553834E-01  0.1058242545E+00  0.6502919830E-02
  68  0.8180225641E-01  0.8178626746E-01  0.8181638271E-01  0.9092389519E-05  0.1001201019E+03  0.9995206451E+02  0.1003158035E+03  0.9451957792E-01  0.1002412033E+03  0.1002290649E+03  0.1002536621E+03  0.6355630234E-02  0.9617041796E-01  0.8543022722E-01  0.1058242545E+00  0.5676345900E-02
  69  0.8179774135E-01  0.8178626746E-01  0.8180852234E-01  0.6472722816E-05  0.1001202393E+03  0.9994807434E+02  0.1003124466E+03  0.9662495553E-01  0.1002414093E+03  0.1002307434E+03  0.1002500534E+03  0.4820846021E-02  0.9748908132E-01  0.8820538223E-01  0.1058242545E+00  0.4920609761E-02
  70  0.8179464191E-01  0.8178496361E-01  0.8180280775E-01  0.4928022463E-05  0.1001175156E+03  0.9997766876E+02  0.1002799149E+03  0.7770998776E-01  0.1002412109E+03  0.1002316666E+03  0.1002487411E+03  0.4375402350E-02  0.9794232249E-01  0.8820538223E-01  0.1062758118E+00  0.4633790813E-02
  71  0.8179232478E-01  0.8178496361E-01  0.8179829270E-01  0.3678455187E-05  0.1001073608E+03  0.9997766876E+02  0.1002493820E+03  0.7779218256E-01  0.1002415924E+03  0.1002328415E+03  0.1002487411E+03  0.3673871513E-02  0.9755115956E-01  0.8971055597E-01  0.1050173342E+00  0.4035572056E-02
  72  0.8178979903E-01  0.8178424090E-01  0.8179411292E-01  0.2815246717E-05  0.1000918427E+03  0.9998181152E+02  0.1002058640E+03  0.5694473907E-01  0.1002417984E+03  0.1002328415E+03  0.1002474442E+03  0.3543976462E-02  0.9730010480E-01  0.9091980010E-01  0.1041257232E+00  0.3512345022E-02
  73  0.8178803325E-01  0.8178424090E-01  0.8179137111E-01  0.1813575750E-05  0.1001054840E+03  0.1000083923E+03  0.1001893234E+03  0.5148591474E-01  0.1002411575E+03  0.1002349014E+03  0.1002456055E+03  0.3006366082E-02  0.9743922949E-01  0.9180009365E-01  0.1036621705E+00  0.3414418781E-02
  74  0.8178737015E-01  0.8178418130E-01  0.8178956062E-01  0.1529403335E-05  0.1001053696E+03  0.1000083923E+03  0.1001893234E+03  0.4547490925E-01  0.1002409134E+03  0.1002349014E+03  0.1002456055E+03  0.2981448080E-02  0.9693750739E-01  0.9180009365E-01  0.1024856716E+00  0.3107844386E-02
  75  0.8178629726E-01  0.8178292215E-01  0.8178825676E-01  0.1442983148E-05  0.1001087646E+03  0.1000269165E+03  0.1001893234E+03  0.4168898240E-01  0.1002405090E+03  0.1002357788E+03  0.1002454681E+03  0.2831394318E-02  0.9773181379E-01  0.9236904234E-01  0.1016013622E+00  0.2459274838E-02
  76  0.8178554475E-01  0.8178292215E-01  0.8178702742E-01  0.1090520300E-05  0.1001085434E+03  0.1000421219E+03  0.1001715240E+03  0.3626730666E-01  0.1002400742E+03  0.1002357788E+03  0.1002448807E+03  0.2679906785E-02  0.9779503196E-01  0.9381944686E-01  0.1014576703E+00  0.2051574178E-02
  77  0.8178529143E-01  0.8178292215E-01  0.8178652823E-01  0.1103467071E-05  0.1001112747E+03  0.1000421219E+03  0.1001715240E+03  0.3599356860E-01  0.1002400284E+03  0.1002357788E+03  0.1002443237E+03  0.2471319633E-02  0.9790299833E-01  0.9400457144E-01  0.1014576703E+00  0.1994796796E-02
  78  0.8178466558E-01  0.8178292215E-01  0.8178608865E-01  0.9493638800E-06  0.1001034546E+03  0.1000419769E+03  0.1001508789E+03  0.3216246516E-01  0.1002401428E+03  0.1002366257E+03  0.1002441101E+03  0.2157376846E-02  0.9759279341E-01  0.9435195476E-01  0.1006953865E+00  0.1636562869E-02
  79  0.8178425580E-01  0.8178292215E-01  0.8178537339E-01  0.6844002201E-06  0.1001085739E+03  0.1000549316E+03  0.1001713028E+03  0.2984293550E-01  0.1002401047E+03  0.1002372437E+03  0.1002434464E+03  0.1776193618E-02  0.9752962738E-01  0.9435195476E-01  0.1005381644E+00  0.1515264739E-02
  80  0.8178405464E-01  0.8178292215E-01  0.8178485930E-01  0.5616975614E-06  0.1001093979E+03  0.1000599060E+03  0.1001573410E+03  0.2815558948E-01  0.1002401123E+03  0.1002374573E+03  0.1002432938E+03  0.1666676602E-02  0.9723143280E-01  0.9435195476E-01  0.9968296438E-01  0.1427696901E-02
  81  0.8178378642E-01  0.8178292215E-01  0.8178447932E-01  0.4591776701E-06  0.1001126633E+03  0.1000615768E+03  0.1001573410E+03  0.2690744773E-01  0.1002402344E+03  0.1002376785E+03  0.1002431412E+03  0.1532767899E-02  0.9728661925E-01  0.9520122409E-01  0.9931345284E-01  0.1100602793E-02
  82  0.8178353310E-01  0.8178292215E-01  0.8178415149E-01  0.3553317924E-06  0.1001126785E+03  0.1000615768E+03  0.1001451645E+03  0.2570237406E-01  0.1002402039E+03  0.1002376785E+03  0.1002423401E+03  0.1139022294E-02  0.9738807380E-01  0.9532424062E-01  0.9931345284E-01  0.1026602113E-02
  83  0.8178336173E-01  0.8178292215E-01  0.8178372681E-01  0.2192145274E-06  0.1001123657E+03  0.1000682526E+03  0.1001451645E+03  0.2305949107E-01  0.1002400742E+03  0.1002384186E+03  0.1002422638E+03  0.1013831468E-02  0.9733138978E-01  0.9588310122E-01  0.9885608405E-01  0.8783962112E-03
  84  0.8178326488E-01  0.8178281784E-01  0.8178356290E-01  0.1775236314E-06  0.1001109314E+03  0.1000733948E+03  0.1001429443E+03  0.2057015151E-01  0.1002401733E+03  0.1002384567E+03  0.1002419662E+03  0.8966349997E-03  0.9717967361E-01  0.9539806843E-01  0.9885608405E-01  0.9674005560E-03
  85  0.8178318292E-01  0.8178278059E-01  0.8178342879E-01  0.1547631712E-06  0.1001131287E+03  0.1000733948E+03  0.1001376572E+03  0.1795893721E-01  0.1002401962E+03  0.1002384567E+03  0.1002419662E+03  0.8863240364E-03  0.9714331478E-01  0.9559404105E-01  0.9885608405E-01  0.8496824303E-03
  86  0.8178313076E-01  0.8178278059E-01  0.8178331703E-01  0.1344802172E-06  0.1001096191E+03  0.1000795288E+03  0.1001376572E+03  0.1742670871E-01  0.1002401886E+03  0.1002384567E+03  0.1002419662E+03  0.8714036085E-03  0.9723446518E-01  0.9581758827E-01  0.9896939248E-01  0.7467172109E-03
  87  0.8178306371E-01  0.8178278059E-01  0.8178324252E-01  0.1220476804E-06  0.1001080856E+03  0.1000795288E+03  0.1001353149E+03  0.1743729226E-01  0.1002401505E+03  0.1002388840E+03  0.1002414246E+03  0.6871923688E-03  0.9710742533E-01  0.9581758827E-01  0.9839253128E-01  0.6945001078E-03
  88  0.8178302646E-01  0.8178278059E-01  0.8178319037E-01  0.1126263243E-06  0.1001076508E+03  0.1000795288E+03  0.1001353149E+03  0.1746295020E-01  0.1002400513E+03  0.1002388840E+03  0.1002413483E+03  0.6236068439E-03  0.9708826244E-01  0.9610514343E-01  0.9822797775E-01  0.6076289574E-03
  89  0.8178297430E-01  0.8178269118E-01  0.8178312331E-01  0.1018779940E-06  0.1001061859E+03  0.1000830612E+03  0.1001294937E+03  0.1479157992E-01  0.1002400208E+03  0.1002390747E+03  0.1002413483E+03  0.5842518876E-03  0.9702706337E-01  0.9610514343E-01  0.9842124581E-01  0.6172047579E-03
  90  0.8178292215E-01  0.8178269118E-01  0.8178304136E-01  0.8408743923E-07  0.1001081390E+03  0.1000853653E+03  0.1001258316E+03  0.1206753496E-01  0.1002400284E+03  0.1002390747E+03  0.1002411346E+03  0.5352883018E-03  0.9703297168E-01  0.9610514343E-01  0.9842124581E-01  0.6192807341E-03
  91  0.8178284764E-01  0.8178269118E-01  0.8178296685E-01  0.8069603297E-07  0.1001080093E+03  0.1000908508E+03  0.1001225815E+03  0.9066520259E-02  0.1002400589E+03  0.1002391281E+03  0.1002409973E+03  0.4637425591E-03  0.9709422290E-01  0.9604787827E-01  0.9818574041E-01  0.5548736081E-03
  92  0.8178278804E-01  0.8178269118E-01  0.8178287745E-01  0.5708081829E-07  0.1001086349E+03  0.1000912476E+03  0.1001225815E+03  0.7608583663E-02  0.1002400589E+03  0.1002392731E+03  0.1002409973E+03  0.3972433915E-03  0.9726445377E-01  0.9637661278E-01  0.9812497348E-01  0.4371635732E-03
  93  0.8178276569E-01  0.8178269118E-01  0.8178283274E-01  0.4241574203E-07  0.1001085815E+03  0.1000993042E+03  0.1001214371E+03  0.5856055301E-02  0.1002400513E+03  0.1002393112E+03  0.1002407761E+03  0.3684699768E-03  0.9727080166E-01  0.9651929140E-01  0.9812497348E-01  0.3945885401E-03
  94  0.8178275079E-01  0.8178267628E-01  0.8178280294E-01  0.3700179363E-07  0.1001086960E+03  0.1000955887E+03  0.1001214371E+03  0.5657372996E-02  0.1002401428E+03  0.1002393112E+03  0.1002407761E+03  0.3357464739E-03  0.9721910208E-01  0.9651929140E-01  0.9780873358E-01  0.3628876002E-03
  95  0.8178273588E-01  0.8178267628E-01  0.8178278059E-01  0.2917422570E-07  0.1001088562E+03  0.1000955887E+03  0.1001170120E+03  0.4986385349E-02  0.1002402039E+03  0.1002396088E+03  0.1002407761E+03  0.2919289982E-03  0.9724279493E-01  0.9662950039E-01  0.9780792147E-01  0.3185954702E-03
  96  0.8178272098E-01  0.8178264648E-01  0.8178275079E-01  0.2372635599E-07  0.1001088333E+03  0.1000984268E+03  0.1001165314E+03  0.4321102519E-02  0.1002401505E+03  0.1002396088E+03  0.1002407761E+03  0.2704343933E-03  0.9728401899E-01  0.9651823342E-01  0.9780792147E-01  0.3055600973E-03
  97  0.8178271353E-01  0.8178264648E-01  0.8178274333E-01  0.2192093262E-07  0.1001092072E+03  0.1000984268E+03  0.1001165314E+03  0.4022752866E-02  0.1002401657E+03  0.1002396088E+03  0.1002407761E+03  0.2702173952E-03  0.9728683531E-01  0.9687579423E-01  0.9785103798E-01  0.2309185074E-03
  98  0.8178271353E-01  0.8178264648E-01  0.8178272843E-01  0.1937646843E-07  0.1001083984E+03  0.1000984268E+03  0.1001158295E+03  0.3985788208E-02  0.1002401733E+03  0.1002396088E+03  0.1002407761E+03  0.2852594771E-03  0.9727599472E-01  0.9689601511E-01  0.9785103798E-01  0.2092117793E-03
  99  0.8178270608E-01  0.8178264648E-01  0.8178272843E-01  0.1912973069E-07  0.1001082840E+03  0.1000984268E+03  0.1001158295E+03  0.3798759542E-02  0.1002401886E+03  0.1002396088E+03  0.1002407761E+03  0.2673912386E-03  0.9726991504E-01  0.9689601511E-01  0.9785103798E-01  0.2077561512E-03
