  16.  0.0199999996
  14.  0.0199999996
  15.  0.0199999996
  11.  0.0199999996
  11.  0.0199999996
  16.  0.0199999996
  12.  0.0199999996
  15.  0.0199999996
  10.  0.0199999996
  11.  0.0199999996
  14.  0.0199999996
  7.  0.0199999996
  18.  0.0199999996
  13.  0.0199999996
  6.  0.0199999996
  14.  0.0199999996
  13.  0.0199999996
  7.  0.0199999996
  14.  0.0199999996
  10.  0.0199999996
  9.  0.0199999996
  14.  0.0199999996
  16.  0.0199999996
  17.  0.0199999996
  14.  0.0199999996
  12.  0.0199999996
  10.  0.0199999996
  19.  0.0199999996
  18.  0.0199999996
  15.  0.0199999996
  16.  0.0199999996
  16.  0.0199999996
  17.  0.0199999996
  14.  0.0199999996
  12.  0.0199999996
  9.  0.0199999996
  10.  0.0199999996
  10.  0.0199999996
  17.  0.0199999996
  12.  0.0199999996
  11.  0.0199999996
  13.  0.0199999996
  15.  0.0199999996
  11.  0.0199999996
  10.  0.0199999996
  17.  0.0199999996
  17.  0.0199999996
  11.  0.0199999996
  12.  0.0199999996
  14.  0.0199999996
  15.  0.0199999996
  16.  0.0199999996
  14.  0.0199999996
  11.  0.0199999996
  11.  0.0199999996
  16.  0.0199999996
  11.  0.0199999996
  14.  0.0199999996
  14.  0.0199999996
  15.  0.0199999996
  8.  0.0199999996
  17.  0.0199999996
  14.  0.0199999996
  11.  0.0199999996
  14.  0.0199999996
  17.  0.0199999996
  14.  0.0199999996
  22.  0.0199999996
  12.  0.0199999996
  5.  0.0199999996
  12.  0.0199999996
  14.  0.0199999996
  23.  0.0199999996
  14.  0.0199999996
  14.  0.0199999996
  5.  0.0199999996
  15.  0.0199999996
  13.  0.0199999996
  10.  0.0199999996
  7.  0.0199999996
  14.  0.0199999996
  15.  0.0199999996
  10.  0.0199999996
  13.  0.0199999996
  16.  0.0199999996
  10.  0.0199999996
  10.  0.0199999996
  13.  0.0199999996
  16.  0.0199999996
  15.  0.0199999996
  14.  0.0199999996
  9.  0.0199999996
  15.  0.0199999996
  14.  0.0199999996
  14.  0.0199999996
  24.  0.0199999996
  15.  0.0199999996
  9.  0.0199999996
  15.  0.0199999996
