  14.  0.48999998
  12.  0.48999998
  14.  0.48999998
  14.  0.48999998
 -1.  0.48999998
 -1.  0.48999998
 -1.  0.48999998
 -1.  0.48999998
  13.  0.48999998
  13.  0.48999998
  15.  0.48999998
 -1.  0.48999998
  13.  0.48999998
 -1.  0.48999998
  20.  0.48999998
  16.  0.48999998
  18.  0.48999998
  11.  0.48999998
  11.  0.48999998
  15.  0.48999998
  12.  0.48999998
 -1.  0.48999998
 -1.  0.48999998
  11.  0.48999998
  16.  0.48999998
  13.  0.48999998
  27.  0.48999998
  11.  0.48999998
  10.  0.48999998
 -1.  0.48999998
  14.  0.48999998
 -1.  0.48999998
 -1.  0.48999998
 -1.  0.48999998
 -1.  0.48999998
 -1.  0.48999998
 -1.  0.48999998
 -1.  0.48999998
  14.  0.48999998
 -1.  0.48999998
  9.  0.48999998
 -1.  0.48999998
  15.  0.48999998
 -1.  0.48999998
 -1.  0.48999998
  12.  0.48999998
  13.  0.48999998
  15.  0.48999998
 -1.  0.48999998
  11.  0.48999998
 -1.  0.48999998
  16.  0.48999998
 -1.  0.48999998
 -1.  0.48999998
 -1.  0.48999998
  17.  0.48999998
 -1.  0.48999998
  8.  0.48999998
  19.  0.48999998
  12.  0.48999998
 -1.  0.48999998
 -1.  0.48999998
  10.  0.48999998
  19.  0.48999998
  17.  0.48999998
  15.  0.48999998
 -1.  0.48999998
 -1.  0.48999998
  15.  0.48999998
 -1.  0.48999998
 -1.  0.48999998
 -1.  0.48999998
 -1.  0.48999998
  14.  0.48999998
  14.  0.48999998
  19.  0.48999998
 -1.  0.48999998
 -1.  0.48999998
  15.  0.48999998
  30.  0.48999998
 -1.  0.48999998
 -1.  0.48999998
  10.  0.48999998
  11.  0.48999998
 -1.  0.48999998
 -1.  0.48999998
  6.  0.48999998
 -1.  0.48999998
  13.  0.48999998
  15.  0.48999998
  12.  0.48999998
 -1.  0.48999998
  9.  0.48999998
 -1.  0.48999998
  17.  0.48999998
  14.  0.48999998
  13.  0.48999998
  14.  0.48999998
