 -1.  0.459999979
 -1.  0.459999979
  11.  0.459999979
  11.  0.459999979
 -1.  0.459999979
  10.  0.459999979
 -1.  0.459999979
 -1.  0.459999979
  10.  0.459999979
  14.  0.459999979
 -1.  0.459999979
  17.  0.459999979
  14.  0.459999979
  7.  0.459999979
  18.  0.459999979
 -1.  0.459999979
  13.  0.459999979
  13.  0.459999979
  13.  0.459999979
  14.  0.459999979
 -1.  0.459999979
  8.  0.459999979
  14.  0.459999979
  9.  0.459999979
  15.  0.459999979
  20.  0.459999979
  35.  0.459999979
 -1.  0.459999979
  15.  0.459999979
 -1.  0.459999979
 -1.  0.459999979
  14.  0.459999979
  13.  0.459999979
 -1.  0.459999979
  17.  0.459999979
 -1.  0.459999979
  18.  0.459999979
  13.  0.459999979
 -1.  0.459999979
 -1.  0.459999979
 -1.  0.459999979
  14.  0.459999979
  13.  0.459999979
 -1.  0.459999979
  22.  0.459999979
  16.  0.459999979
 -1.  0.459999979
  16.  0.459999979
 -1.  0.459999979
 -1.  0.459999979
 -1.  0.459999979
  14.  0.459999979
  8.  0.459999979
 -1.  0.459999979
  12.  0.459999979
  14.  0.459999979
  7.  0.459999979
  13.  0.459999979
  9.  0.459999979
  16.  0.459999979
  16.  0.459999979
  12.  0.459999979
 -1.  0.459999979
  14.  0.459999979
  16.  0.459999979
  19.  0.459999979
  13.  0.459999979
 -1.  0.459999979
  14.  0.459999979
 -1.  0.459999979
  15.  0.459999979
  14.  0.459999979
  12.  0.459999979
 -1.  0.459999979
  11.  0.459999979
  14.  0.459999979
 -1.  0.459999979
  9.  0.459999979
  15.  0.459999979
 -1.  0.459999979
  14.  0.459999979
 -1.  0.459999979
 -1.  0.459999979
 -1.  0.459999979
  13.  0.459999979
  13.  0.459999979
  15.  0.459999979
  14.  0.459999979
  12.  0.459999979
