  14.  0.469999999
 -1.  0.469999999
  17.  0.469999999
 -1.  0.469999999
  11.  0.469999999
 -1.  0.469999999
 -1.  0.469999999
  13.  0.469999999
  12.  0.469999999
 -1.  0.469999999
  18.  0.469999999
 -1.  0.469999999
  25.  0.469999999
  13.  0.469999999
  7.  0.469999999
  10.  0.469999999
 -1.  0.469999999
  20.  0.469999999
 -1.  0.469999999
  17.  0.469999999
 -1.  0.469999999
  25.  0.469999999
 -1.  0.469999999
  15.  0.469999999
  12.  0.469999999
  12.  0.469999999
  9.  0.469999999
 -1.  0.469999999
 -1.  0.469999999
  6.  0.469999999
  12.  0.469999999
 -1.  0.469999999
 -1.  0.469999999
  14.  0.469999999
 -1.  0.469999999
  11.  0.469999999
  14.  0.469999999
 -1.  0.469999999
  11.  0.469999999
 -1.  0.469999999
 -1.  0.469999999
  11.  0.469999999
 -1.  0.469999999
  12.  0.469999999
  13.  0.469999999
 -1.  0.469999999
 -1.  0.469999999
  5.  0.469999999
  19.  0.469999999
  12.  0.469999999
 -1.  0.469999999
  12.  0.469999999
 -1.  0.469999999
 -1.  0.469999999
  15.  0.469999999
  8.  0.469999999
 -1.  0.469999999
 -1.  0.469999999
  12.  0.469999999
  12.  0.469999999
  9.  0.469999999
  11.  0.469999999
  11.  0.469999999
  19.  0.469999999
 -1.  0.469999999
  15.  0.469999999
 -1.  0.469999999
  16.  0.469999999
  20.  0.469999999
  9.  0.469999999
  5.  0.469999999
  17.  0.469999999
  10.  0.469999999
  13.  0.469999999
 -1.  0.469999999
 -1.  0.469999999
  16.  0.469999999
  15.  0.469999999
 -1.  0.469999999
 -1.  0.469999999
  6.  0.469999999
  16.  0.469999999
  19.  0.469999999
 -1.  0.469999999
  13.  0.469999999
 -1.  0.469999999
 -1.  0.469999999
 -1.  0.469999999
  8.  0.469999999
