  8.  0.359999985
  18.  0.359999985
 -1.  0.359999985
  11.  0.359999985
 -1.  0.359999985
  15.  0.359999985
  10.  0.359999985
  7.  0.359999985
 -1.  0.359999985
 -1.  0.359999985
 -1.  0.359999985
  18.  0.359999985
  11.  0.359999985
  12.  0.359999985
  25.  0.359999985
  15.  0.359999985
  14.  0.359999985
  13.  0.359999985
  15.  0.359999985
  9.  0.359999985
  10.  0.359999985
  11.  0.359999985
  14.  0.359999985
  17.  0.359999985
  12.  0.359999985
 -1.  0.359999985
 -1.  0.359999985
 -1.  0.359999985
 -1.  0.359999985
 -1.  0.359999985
  10.  0.359999985
  12.  0.359999985
  9.  0.359999985
  14.  0.359999985
  10.  0.359999985
  16.  0.359999985
  16.  0.359999985
  13.  0.359999985
 -1.  0.359999985
  11.  0.359999985
 -1.  0.359999985
  15.  0.359999985
  9.  0.359999985
 -1.  0.359999985
  12.  0.359999985
  17.  0.359999985
  8.  0.359999985
 -1.  0.359999985
  14.  0.359999985
 -1.  0.359999985
  11.  0.359999985
  14.  0.359999985
  12.  0.359999985
  12.  0.359999985
  21.  0.359999985
  13.  0.359999985
  30.  0.359999985
 -1.  0.359999985
  13.  0.359999985
  8.  0.359999985
  10.  0.359999985
 -1.  0.359999985
  12.  0.359999985
 -1.  0.359999985
  11.  0.359999985
  15.  0.359999985
  27.  0.359999985
  8.  0.359999985
  13.  0.359999985
  12.  0.359999985
  11.  0.359999985
  16.  0.359999985
  12.  0.359999985
  16.  0.359999985
  12.  0.359999985
  15.  0.359999985
  11.  0.359999985
  13.  0.359999985
  12.  0.359999985
  14.  0.359999985
  7.  0.359999985
  12.  0.359999985
  21.  0.359999985
  18.  0.359999985
 -1.  0.359999985
  13.  0.359999985
  12.  0.359999985
  14.  0.359999985
  16.  0.359999985
  12.  0.359999985
  15.  0.359999985
  11.  0.359999985
  14.  0.359999985
  12.  0.359999985
