  12.  0.099999994
  11.  0.099999994
  14.  0.099999994
  11.  0.099999994
  12.  0.099999994
  12.  0.099999994
  11.  0.099999994
  11.  0.099999994
  18.  0.099999994
  11.  0.099999994
  18.  0.099999994
  9.  0.099999994
  14.  0.099999994
  10.  0.099999994
  11.  0.099999994
  11.  0.099999994
  13.  0.099999994
  16.  0.099999994
  11.  0.099999994
  14.  0.099999994
  14.  0.099999994
  12.  0.099999994
  14.  0.099999994
  8.  0.099999994
  14.  0.099999994
  9.  0.099999994
  10.  0.099999994
  16.  0.099999994
  15.  0.099999994
  14.  0.099999994
  12.  0.099999994
  13.  0.099999994
  21.  0.099999994
  18.  0.099999994
  15.  0.099999994
  12.  0.099999994
  12.  0.099999994
  14.  0.099999994
  5.  0.099999994
  16.  0.099999994
  13.  0.099999994
  19.  0.099999994
  11.  0.099999994
 -1.  0.099999994
  12.  0.099999994
  14.  0.099999994
  11.  0.099999994
  12.  0.099999994
  9.  0.099999994
  10.  0.099999994
  19.  0.099999994
  8.  0.099999994
  3.  0.099999994
  16.  0.099999994
  12.  0.099999994
  10.  0.099999994
  5.  0.099999994
  13.  0.099999994
  15.  0.099999994
  13.  0.099999994
  8.  0.099999994
  11.  0.099999994
  12.  0.099999994
  13.  0.099999994
  12.  0.099999994
  11.  0.099999994
  12.  0.099999994
  7.  0.099999994
  12.  0.099999994
  16.  0.099999994
  11.  0.099999994
  13.  0.099999994
  7.  0.099999994
  18.  0.099999994
  11.  0.099999994
  10.  0.099999994
  14.  0.099999994
  10.  0.099999994
  12.  0.099999994
  13.  0.099999994
  13.  0.099999994
  14.  0.099999994
  13.  0.099999994
  14.  0.099999994
  12.  0.099999994
  10.  0.099999994
  12.  0.099999994
  9.  0.099999994
  11.  0.099999994
  2.  0.099999994
  13.  0.099999994
  11.  0.099999994
  13.  0.099999994
  11.  0.099999994
  10.  0.099999994
  17.  0.099999994
  19.  0.099999994
