  11.  0.170000002
  15.  0.170000002
 -1.  0.170000002
  15.  0.170000002
  14.  0.170000002
  12.  0.170000002
  6.  0.170000002
  8.  0.170000002
  8.  0.170000002
  25.  0.170000002
  18.  0.170000002
  16.  0.170000002
  11.  0.170000002
  15.  0.170000002
  8.  0.170000002
  10.  0.170000002
  10.  0.170000002
  13.  0.170000002
  16.  0.170000002
  20.  0.170000002
  12.  0.170000002
  16.  0.170000002
  10.  0.170000002
  14.  0.170000002
  10.  0.170000002
  13.  0.170000002
  11.  0.170000002
  13.  0.170000002
  14.  0.170000002
  14.  0.170000002
  14.  0.170000002
  16.  0.170000002
  16.  0.170000002
  12.  0.170000002
  11.  0.170000002
  8.  0.170000002
  20.  0.170000002
  10.  0.170000002
  15.  0.170000002
  10.  0.170000002
  11.  0.170000002
  0.  0.170000002
  15.  0.170000002
 -1.  0.170000002
 -1.  0.170000002
  12.  0.170000002
  10.  0.170000002
  10.  0.170000002
  15.  0.170000002
  12.  0.170000002
  7.  0.170000002
  7.  0.170000002
  7.  0.170000002
  12.  0.170000002
  13.  0.170000002
  8.  0.170000002
  14.  0.170000002
  9.  0.170000002
  11.  0.170000002
  13.  0.170000002
  13.  0.170000002
  11.  0.170000002
  15.  0.170000002
  14.  0.170000002
  16.  0.170000002
  4.  0.170000002
  10.  0.170000002
  13.  0.170000002
  15.  0.170000002
  18.  0.170000002
  9.  0.170000002
  5.  0.170000002
  16.  0.170000002
  8.  0.170000002
  17.  0.170000002
  13.  0.170000002
  13.  0.170000002
  11.  0.170000002
  18.  0.170000002
  14.  0.170000002
  8.  0.170000002
  10.  0.170000002
  15.  0.170000002
  14.  0.170000002
  7.  0.170000002
  12.  0.170000002
  13.  0.170000002
  15.  0.170000002
  8.  0.170000002
  17.  0.170000002
  11.  0.170000002
  16.  0.170000002
  11.  0.170000002
  12.  0.170000002
  11.  0.170000002
  12.  0.170000002
  11.  0.170000002
  7.  0.170000002
