  17.  0.419999987
  11.  0.419999987
 -1.  0.419999987
  14.  0.419999987
 -1.  0.419999987
 -1.  0.419999987
 -1.  0.419999987
 -1.  0.419999987
  8.  0.419999987
  13.  0.419999987
  16.  0.419999987
  16.  0.419999987
  13.  0.419999987
  17.  0.419999987
 -1.  0.419999987
  29.  0.419999987
  11.  0.419999987
  18.  0.419999987
 -1.  0.419999987
  17.  0.419999987
  12.  0.419999987
  14.  0.419999987
  3.  0.419999987
  18.  0.419999987
  10.  0.419999987
 -1.  0.419999987
  14.  0.419999987
 -1.  0.419999987
 -1.  0.419999987
  19.  0.419999987
 -1.  0.419999987
 -1.  0.419999987
 -1.  0.419999987
  13.  0.419999987
  15.  0.419999987
  15.  0.419999987
  13.  0.419999987
  14.  0.419999987
  23.  0.419999987
 -1.  0.419999987
 -1.  0.419999987
  14.  0.419999987
 -1.  0.419999987
  11.  0.419999987
 -1.  0.419999987
  10.  0.419999987
  10.  0.419999987
  9.  0.419999987
  14.  0.419999987
 -1.  0.419999987
  8.  0.419999987
 -1.  0.419999987
  14.  0.419999987
  13.  0.419999987
  10.  0.419999987
  15.  0.419999987
 -1.  0.419999987
  10.  0.419999987
 -1.  0.419999987
 -1.  0.419999987
  15.  0.419999987
  14.  0.419999987
  18.  0.419999987
  12.  0.419999987
  10.  0.419999987
 -1.  0.419999987
  13.  0.419999987
 -1.  0.419999987
 -1.  0.419999987
  15.  0.419999987
  9.  0.419999987
 -1.  0.419999987
  16.  0.419999987
  15.  0.419999987
  7.  0.419999987
  17.  0.419999987
  12.  0.419999987
  12.  0.419999987
  17.  0.419999987
  14.  0.419999987
  18.  0.419999987
  13.  0.419999987
  11.  0.419999987
  13.  0.419999987
  10.  0.419999987
 -1.  0.419999987
 -1.  0.419999987
  12.  0.419999987
 -1.  0.419999987
  5.  0.419999987
  14.  0.419999987
 -1.  0.419999987
 -1.  0.419999987
  14.  0.419999987
  13.  0.419999987
  13.  0.419999987
 -1.  0.419999987
