  11.  0.
  9.  0.
  18.  0.
  13.  0.
  15.  0.
  13.  0.
  14.  0.
  14.  0.
  11.  0.
  17.  0.
  17.  0.
  14.  0.
  14.  0.
  13.  0.
  8.  0.
  10.  0.
  6.  0.
  15.  0.
  13.  0.
  12.  0.
  15.  0.
  12.  0.
  13.  0.
  9.  0.
  8.  0.
  12.  0.
  13.  0.
  5.  0.
  16.  0.
  10.  0.
  17.  0.
  11.  0.
  13.  0.
  17.  0.
  17.  0.
  13.  0.
  14.  0.
  18.  0.
  16.  0.
  16.  0.
  15.  0.
  10.  0.
  13.  0.
  14.  0.
  12.  0.
  12.  0.
  12.  0.
  3.  0.
  19.  0.
  12.  0.
  10.  0.
  8.  0.
  3.  0.
  12.  0.
  12.  0.
  14.  0.
  8.  0.
  12.  0.
  10.  0.
  9.  0.
  12.  0.
  16.  0.
  8.  0.
  19.  0.
  13.  0.
  13.  0.
  11.  0.
  14.  0.
  14.  0.
  9.  0.
  14.  0.
  17.  0.
  11.  0.
  14.  0.
  13.  0.
  11.  0.
  13.  0.
  15.  0.
  9.  0.
  12.  0.
  17.  0.
  13.  0.
  14.  0.
  13.  0.
  17.  0.
  12.  0.
  15.  0.
  17.  0.
  14.  0.
  17.  0.
  14.  0.
  14.  0.
  12.  0.
  10.  0.
  12.  0.
  12.  0.
  17.  0.
  11.  0.
  9.  0.
