  11.  0.299999982
  11.  0.299999982
  16.  0.299999982
  15.  0.299999982
  14.  0.299999982
  10.  0.299999982
  12.  0.299999982
  11.  0.299999982
  14.  0.299999982
 -1.  0.299999982
 -1.  0.299999982
  11.  0.299999982
  10.  0.299999982
  14.  0.299999982
  11.  0.299999982
  12.  0.299999982
  14.  0.299999982
  12.  0.299999982
 -1.  0.299999982
  12.  0.299999982
  6.  0.299999982
  13.  0.299999982
  12.  0.299999982
 -1.  0.299999982
  13.  0.299999982
 -1.  0.299999982
 -1.  0.299999982
  12.  0.299999982
 -1.  0.299999982
  14.  0.299999982
 -1.  0.299999982
 -1.  0.299999982
  12.  0.299999982
  10.  0.299999982
  13.  0.299999982
  4.  0.299999982
  12.  0.299999982
  12.  0.299999982
  12.  0.299999982
  13.  0.299999982
  11.  0.299999982
  11.  0.299999982
  15.  0.299999982
  14.  0.299999982
  16.  0.299999982
 -1.  0.299999982
 -1.  0.299999982
  11.  0.299999982
  14.  0.299999982
  11.  0.299999982
  12.  0.299999982
 -1.  0.299999982
  1.  0.299999982
  17.  0.299999982
  8.  0.299999982
  19.  0.299999982
  12.  0.299999982
  11.  0.299999982
  14.  0.299999982
  9.  0.299999982
  9.  0.299999982
  13.  0.299999982
 -1.  0.299999982
  15.  0.299999982
  11.  0.299999982
 -1.  0.299999982
  11.  0.299999982
  20.  0.299999982
  12.  0.299999982
  12.  0.299999982
  12.  0.299999982
  10.  0.299999982
  15.  0.299999982
  12.  0.299999982
 -1.  0.299999982
  10.  0.299999982
  11.  0.299999982
  8.  0.299999982
  4.  0.299999982
  13.  0.299999982
  14.  0.299999982
  13.  0.299999982
  13.  0.299999982
  16.  0.299999982
  13.  0.299999982
  17.  0.299999982
  13.  0.299999982
  11.  0.299999982
 -1.  0.299999982
  13.  0.299999982
 -1.  0.299999982
  19.  0.299999982
  9.  0.299999982
 -1.  0.299999982
  7.  0.299999982
