  11.  0.239999995
  13.  0.239999995
  12.  0.239999995
  17.  0.239999995
 -1.  0.239999995
 -1.  0.239999995
  12.  0.239999995
  12.  0.239999995
  17.  0.239999995
  16.  0.239999995
  13.  0.239999995
  14.  0.239999995
  11.  0.239999995
  14.  0.239999995
  10.  0.239999995
  14.  0.239999995
  13.  0.239999995
  9.  0.239999995
  7.  0.239999995
  13.  0.239999995
 -1.  0.239999995
  13.  0.239999995
  15.  0.239999995
  13.  0.239999995
  19.  0.239999995
  16.  0.239999995
  16.  0.239999995
  16.  0.239999995
  10.  0.239999995
  15.  0.239999995
  12.  0.239999995
  6.  0.239999995
  11.  0.239999995
  15.  0.239999995
  14.  0.239999995
  11.  0.239999995
  10.  0.239999995
  14.  0.239999995
  7.  0.239999995
  10.  0.239999995
  10.  0.239999995
  13.  0.239999995
  13.  0.239999995
  20.  0.239999995
  13.  0.239999995
  13.  0.239999995
  12.  0.239999995
 -1.  0.239999995
  11.  0.239999995
  13.  0.239999995
  13.  0.239999995
  18.  0.239999995
  8.  0.239999995
  13.  0.239999995
  15.  0.239999995
  16.  0.239999995
  16.  0.239999995
  12.  0.239999995
  8.  0.239999995
  12.  0.239999995
  12.  0.239999995
  11.  0.239999995
  13.  0.239999995
  16.  0.239999995
  19.  0.239999995
  9.  0.239999995
  13.  0.239999995
  11.  0.239999995
 -1.  0.239999995
  5.  0.239999995
  11.  0.239999995
  9.  0.239999995
  9.  0.239999995
  7.  0.239999995
  14.  0.239999995
  12.  0.239999995
  10.  0.239999995
  14.  0.239999995
  15.  0.239999995
  10.  0.239999995
  10.  0.239999995
  11.  0.239999995
  18.  0.239999995
  10.  0.239999995
  13.  0.239999995
  17.  0.239999995
  13.  0.239999995
  14.  0.239999995
  10.  0.239999995
  13.  0.239999995
  13.  0.239999995
  17.  0.239999995
  11.  0.239999995
  16.  0.239999995
  12.  0.239999995
  10.  0.239999995
  13.  0.239999995
