    0.00     12.7273
    0.01     13.5100
    0.02     13.2727
    0.03     13.1959
    0.04     12.8163
    0.05     13.3232
    0.06     12.8866
    0.07     12.8438
    0.08     12.6771
    0.09     12.8469
    0.10     12.2500
    0.11     12.6044
    0.12     12.4646
    0.13     12.5638
    0.14     12.6000
    0.15     12.1753
    0.16     12.4239
    0.17     12.3298
    0.18     12.4588
    0.19     11.5684
    0.20     12.3483
    0.21     13.1461
    0.22     12.6413
    0.23     11.9756
    0.24     12.6196
    0.25     12.6163
    0.26     12.7590
    0.27     12.7500
    0.28     12.5556
    0.29     12.2267
    0.30     12.0779
    0.31     12.5811
    0.32     12.1975
    0.33     12.3418
    0.34     13.4375
    0.35     12.0000
    0.36     13.3600
    0.37     12.8919
    0.38     13.1408
    0.39     12.7656
    0.40     13.3231
    0.41     12.9851
    0.42     13.4308
    0.43     12.5833
    0.44     13.6066
    0.45     14.2424
    0.46     13.8793
    0.47     13.1509
    0.48     13.2951
    0.49     14.1091
