  26.  0.409999996
  13.  0.409999996
  13.  0.409999996
  11.  0.409999996
  16.  0.409999996
  11.  0.409999996
  9.  0.409999996
 -1.  0.409999996
  16.  0.409999996
 -1.  0.409999996
  19.  0.409999996
  12.  0.409999996
  12.  0.409999996
  15.  0.409999996
 -1.  0.409999996
  17.  0.409999996
  13.  0.409999996
 -1.  0.409999996
  9.  0.409999996
  9.  0.409999996
  17.  0.409999996
  10.  0.409999996
  13.  0.409999996
 -1.  0.409999996
  19.  0.409999996
  18.  0.409999996
 -1.  0.409999996
  17.  0.409999996
 -1.  0.409999996
  9.  0.409999996
 -1.  0.409999996
  13.  0.409999996
  13.  0.409999996
 -1.  0.409999996
 -1.  0.409999996
  18.  0.409999996
  14.  0.409999996
  8.  0.409999996
  8.  0.409999996
  8.  0.409999996
  20.  0.409999996
  16.  0.409999996
 -1.  0.409999996
  13.  0.409999996
 -1.  0.409999996
  12.  0.409999996
 -1.  0.409999996
  17.  0.409999996
  10.  0.409999996
  6.  0.409999996
  10.  0.409999996
  8.  0.409999996
  14.  0.409999996
  18.  0.409999996
 -1.  0.409999996
  15.  0.409999996
 -1.  0.409999996
 -1.  0.409999996
  16.  0.409999996
  14.  0.409999996
  13.  0.409999996
 -1.  0.409999996
  13.  0.409999996
  6.  0.409999996
  10.  0.409999996
 -1.  0.409999996
  8.  0.409999996
  12.  0.409999996
 -1.  0.409999996
  11.  0.409999996
 -1.  0.409999996
  11.  0.409999996
 -1.  0.409999996
 -1.  0.409999996
  16.  0.409999996
  15.  0.409999996
  12.  0.409999996
  9.  0.409999996
  19.  0.409999996
  14.  0.409999996
  10.  0.409999996
 -1.  0.409999996
  11.  0.409999996
  7.  0.409999996
 -1.  0.409999996
 -1.  0.409999996
  8.  0.409999996
  24.  0.409999996
  9.  0.409999996
  15.  0.409999996
  10.  0.409999996
  12.  0.409999996
 -1.  0.409999996
 -1.  0.409999996
