  14.  0.0399999991
  14.  0.0399999991
  8.  0.0399999991
  9.  0.0399999991
  9.  0.0399999991
  9.  0.0399999991
  11.  0.0399999991
  11.  0.0399999991
  19.  0.0399999991
  13.  0.0399999991
  15.  0.0399999991
  6.  0.0399999991
  16.  0.0399999991
  14.  0.0399999991
  12.  0.0399999991
  9.  0.0399999991
  14.  0.0399999991
  12.  0.0399999991
  22.  0.0399999991
  12.  0.0399999991
  10.  0.0399999991
  18.  0.0399999991
  11.  0.0399999991
  14.  0.0399999991
  12.  0.0399999991
  13.  0.0399999991
  11.  0.0399999991
  12.  0.0399999991
  16.  0.0399999991
  13.  0.0399999991
  14.  0.0399999991
  15.  0.0399999991
  12.  0.0399999991
  13.  0.0399999991
  13.  0.0399999991
  15.  0.0399999991
  14.  0.0399999991
  17.  0.0399999991
  15.  0.0399999991
  11.  0.0399999991
  15.  0.0399999991
  9.  0.0399999991
  19.  0.0399999991
  13.  0.0399999991
  14.  0.0399999991
  18.  0.0399999991
 -1.  0.0399999991
  14.  0.0399999991
  12.  0.0399999991
  10.  0.0399999991
  10.  0.0399999991
  9.  0.0399999991
  12.  0.0399999991
  15.  0.0399999991
  8.  0.0399999991
  10.  0.0399999991
  9.  0.0399999991
  15.  0.0399999991
  7.  0.0399999991
  13.  0.0399999991
  19.  0.0399999991
  20.  0.0399999991
  15.  0.0399999991
  12.  0.0399999991
  13.  0.0399999991
  14.  0.0399999991
  18.  0.0399999991
  16.  0.0399999991
  3.  0.0399999991
  11.  0.0399999991
  11.  0.0399999991
  8.  0.0399999991
  15.  0.0399999991
  13.  0.0399999991
  12.  0.0399999991
  10.  0.0399999991
  16.  0.0399999991
  9.  0.0399999991
  17.  0.0399999991
  12.  0.0399999991
  11.  0.0399999991
  13.  0.0399999991
  10.  0.0399999991
  10.  0.0399999991
  6.  0.0399999991
  15.  0.0399999991
  15.  0.0399999991
  12.  0.0399999991
  13.  0.0399999991
  15.  0.0399999991
  14.  0.0399999991
  9.  0.0399999991
  13.  0.0399999991
  14.  0.0399999991
  11.  0.0399999991
  18.  0.0399999991
  15.  0.0399999991
  13.  0.0399999991
  15.  0.0399999991
