  22.  0.449999988
  30.  0.449999988
  12.  0.449999988
  21.  0.449999988
  14.  0.449999988
 -1.  0.449999988
 -1.  0.449999988
 -1.  0.449999988
  13.  0.449999988
  15.  0.449999988
 -1.  0.449999988
  10.  0.449999988
  11.  0.449999988
  17.  0.449999988
 -1.  0.449999988
 -1.  0.449999988
  11.  0.449999988
  12.  0.449999988
  12.  0.449999988
  12.  0.449999988
 -1.  0.449999988
  14.  0.449999988
  14.  0.449999988
  12.  0.449999988
 -1.  0.449999988
  19.  0.449999988
  12.  0.449999988
 -1.  0.449999988
  13.  0.449999988
 -1.  0.449999988
  13.  0.449999988
  11.  0.449999988
 -1.  0.449999988
 -1.  0.449999988
  11.  0.449999988
 -1.  0.449999988
 -1.  0.449999988
  13.  0.449999988
  9.  0.449999988
  13.  0.449999988
  14.  0.449999988
  12.  0.449999988
 -1.  0.449999988
 -1.  0.449999988
  16.  0.449999988
  11.  0.449999988
  11.  0.449999988
  16.  0.449999988
  11.  0.449999988
  15.  0.449999988
  15.  0.449999988
  15.  0.449999988
  15.  0.449999988
 -1.  0.449999988
  8.  0.449999988
  12.  0.449999988
 -1.  0.449999988
 -1.  0.449999988
  21.  0.449999988
 -1.  0.449999988
  15.  0.449999988
  11.  0.449999988
  12.  0.449999988
 -1.  0.449999988
  17.  0.449999988
 -1.  0.449999988
 -1.  0.449999988
  11.  0.449999988
  10.  0.449999988
  18.  0.449999988
  17.  0.449999988
  9.  0.449999988
 -1.  0.449999988
  14.  0.449999988
 -1.  0.449999988
 -1.  0.449999988
  17.  0.449999988
  17.  0.449999988
  12.  0.449999988
  17.  0.449999988
  16.  0.449999988
 -1.  0.449999988
 -1.  0.449999988
  14.  0.449999988
  24.  0.449999988
  14.  0.449999988
  9.  0.449999988
 -1.  0.449999988
  22.  0.449999988
  17.  0.449999988
  10.  0.449999988
  12.  0.449999988
  14.  0.449999988
 -1.  0.449999988
  15.  0.449999988
  18.  0.449999988
 -1.  0.449999988
 -1.  0.449999988
 -1.  0.449999988
