 -1.  0.429999977
  17.  0.429999977
  16.  0.429999977
 -1.  0.429999977
  14.  0.429999977
 -1.  0.429999977
  15.  0.429999977
  11.  0.429999977
  16.  0.429999977
  14.  0.429999977
 -1.  0.429999977
  17.  0.429999977
  11.  0.429999977
  10.  0.429999977
 -1.  0.429999977
 -1.  0.429999977
  10.  0.429999977
 -1.  0.429999977
  18.  0.429999977
  11.  0.429999977
 -1.  0.429999977
 -1.  0.429999977
  5.  0.429999977
  15.  0.429999977
  12.  0.429999977
 -1.  0.429999977
 -1.  0.429999977
  15.  0.429999977
  10.  0.429999977
 -1.  0.429999977
 -1.  0.429999977
  11.  0.429999977
  7.  0.429999977
  13.  0.429999977
 -1.  0.429999977
  16.  0.429999977
 -1.  0.429999977
 -1.  0.429999977
  10.  0.429999977
 -1.  0.429999977
 -1.  0.429999977
  13.  0.429999977
 -1.  0.429999977
  14.  0.429999977
  14.  0.429999977
 -1.  0.429999977
 -1.  0.429999977
  11.  0.429999977
  11.  0.429999977
  10.  0.429999977
 -1.  0.429999977
 -1.  0.429999977
  11.  0.429999977
  17.  0.429999977
  8.  0.429999977
  4.  0.429999977
  11.  0.429999977
  11.  0.429999977
  10.  0.429999977
 -1.  0.429999977
 -1.  0.429999977
  18.  0.429999977
  9.  0.429999977
  17.  0.429999977
  12.  0.429999977
  16.  0.429999977
  9.  0.429999977
  13.  0.429999977
  16.  0.429999977
  11.  0.429999977
 -1.  0.429999977
  19.  0.429999977
  0.  0.429999977
  13.  0.429999977
  13.  0.429999977
  9.  0.429999977
  14.  0.429999977
  9.  0.429999977
  12.  0.429999977
 -1.  0.429999977
  16.  0.429999977
 -1.  0.429999977
  11.  0.429999977
  14.  0.429999977
 -1.  0.429999977
  15.  0.429999977
 -1.  0.429999977
 -1.  0.429999977
  13.  0.429999977
  10.  0.429999977
 -1.  0.429999977
  11.  0.429999977
  16.  0.429999977
