  11.  0.129999995
  15.  0.129999995
  10.  0.129999995
  7.  0.129999995
  13.  0.129999995
  17.  0.129999995
  21.  0.129999995
  13.  0.129999995
  10.  0.129999995
  10.  0.129999995
  11.  0.129999995
  19.  0.129999995
  14.  0.129999995
  12.  0.129999995
  12.  0.129999995
  12.  0.129999995
  17.  0.129999995
  4.  0.129999995
  14.  0.129999995
  10.  0.129999995
  13.  0.129999995
  11.  0.129999995
  14.  0.129999995
  16.  0.129999995
  14.  0.129999995
  7.  0.129999995
  14.  0.129999995
  12.  0.129999995
  12.  0.129999995
 -1.  0.129999995
  12.  0.129999995
  11.  0.129999995
  13.  0.129999995
  17.  0.129999995
 -1.  0.129999995
  12.  0.129999995
  12.  0.129999995
  16.  0.129999995
  13.  0.129999995
  17.  0.129999995
  18.  0.129999995
  10.  0.129999995
  13.  0.129999995
  12.  0.129999995
  10.  0.129999995
  12.  0.129999995
  12.  0.129999995
  12.  0.129999995
  14.  0.129999995
  9.  0.129999995
  13.  0.129999995
  14.  0.129999995
  12.  0.129999995
  17.  0.129999995
  8.  0.129999995
  14.  0.129999995
  17.  0.129999995
  8.  0.129999995
  13.  0.129999995
  10.  0.129999995
  10.  0.129999995
  11.  0.129999995
  12.  0.129999995
  9.  0.129999995
  20.  0.129999995
  9.  0.129999995
  11.  0.129999995
  12.  0.129999995
  11.  0.129999995
  14.  0.129999995
  12.  0.129999995
  7.  0.129999995
  7.  0.129999995
  15.  0.129999995
  16.  0.129999995
  13.  0.129999995
  21.  0.129999995
  11.  0.129999995
  14.  0.129999995
  14.  0.129999995
  10.  0.129999995
  13.  0.129999995
  10.  0.129999995
  11.  0.129999995
  17.  0.129999995
  14.  0.129999995
  11.  0.129999995
  14.  0.129999995
  10.  0.129999995
  9.  0.129999995
  10.  0.129999995
  12.  0.129999995
  14.  0.129999995
  13.  0.129999995
  19.  0.129999995
  9.  0.129999995
