  17.  0.109999999
  12.  0.109999999
  13.  0.109999999
  18.  0.109999999
 -1.  0.109999999
 -1.  0.109999999
  12.  0.109999999
  14.  0.109999999
  9.  0.109999999
  14.  0.109999999
  18.  0.109999999
  15.  0.109999999
  12.  0.109999999
  14.  0.109999999
  11.  0.109999999
  11.  0.109999999
  20.  0.109999999
  14.  0.109999999
  6.  0.109999999
  12.  0.109999999
  14.  0.109999999
  11.  0.109999999
 -1.  0.109999999
  14.  0.109999999
  9.  0.109999999
  12.  0.109999999
  14.  0.109999999
  10.  0.109999999
  14.  0.109999999
  11.  0.109999999
  14.  0.109999999
  11.  0.109999999
  20.  0.109999999
  12.  0.109999999
  17.  0.109999999
  16.  0.109999999
  18.  0.109999999
  13.  0.109999999
  11.  0.109999999
  12.  0.109999999
  10.  0.109999999
  16.  0.109999999
  14.  0.109999999
  15.  0.109999999
  14.  0.109999999
  16.  0.109999999
  13.  0.109999999
  8.  0.109999999
  18.  0.109999999
  4.  0.109999999
  14.  0.109999999
  16.  0.109999999
  15.  0.109999999
  9.  0.109999999
  10.  0.109999999
  12.  0.109999999
  11.  0.109999999
  9.  0.109999999
  15.  0.109999999
  15.  0.109999999
  13.  0.109999999
  6.  0.109999999
  13.  0.109999999
  16.  0.109999999
  13.  0.109999999
  7.  0.109999999
 -1.  0.109999999
  8.  0.109999999
  12.  0.109999999
  8.  0.109999999
  12.  0.109999999
  16.  0.109999999
  12.  0.109999999
  10.  0.109999999
  14.  0.109999999
  12.  0.109999999
  11.  0.109999999
  17.  0.109999999
  11.  0.109999999
  11.  0.109999999
  11.  0.109999999
  16.  0.109999999
  13.  0.109999999
  13.  0.109999999
  13.  0.109999999
  10.  0.109999999
  7.  0.109999999
  14.  0.109999999
  11.  0.109999999
  11.  0.109999999
  8.  0.109999999
  8.  0.109999999
  16.  0.109999999
  9.  0.109999999
  16.  0.109999999
