  10.  0.0899999961
  11.  0.0899999961
  19.  0.0899999961
  11.  0.0899999961
  12.  0.0899999961
  8.  0.0899999961
  18.  0.0899999961
  12.  0.0899999961
  16.  0.0899999961
  10.  0.0899999961
  19.  0.0899999961
  15.  0.0899999961
  10.  0.0899999961
  16.  0.0899999961
  10.  0.0899999961
  16.  0.0899999961
  11.  0.0899999961
  10.  0.0899999961
  10.  0.0899999961
  10.  0.0899999961
  24.  0.0899999961
  10.  0.0899999961
  10.  0.0899999961
  9.  0.0899999961
  9.  0.0899999961
  16.  0.0899999961
  22.  0.0899999961
  16.  0.0899999961
  13.  0.0899999961
  8.  0.0899999961
  9.  0.0899999961
  11.  0.0899999961
  15.  0.0899999961
  16.  0.0899999961
  15.  0.0899999961
  9.  0.0899999961
  17.  0.0899999961
  13.  0.0899999961
  17.  0.0899999961
  15.  0.0899999961
  9.  0.0899999961
  16.  0.0899999961
  15.  0.0899999961
  12.  0.0899999961
  14.  0.0899999961
  10.  0.0899999961
  10.  0.0899999961
  16.  0.0899999961
  12.  0.0899999961
  10.  0.0899999961
  13.  0.0899999961
  12.  0.0899999961
  20.  0.0899999961
  15.  0.0899999961
  13.  0.0899999961
  19.  0.0899999961
  14.  0.0899999961
  17.  0.0899999961
  2.  0.0899999961
  11.  0.0899999961
  7.  0.0899999961
  13.  0.0899999961
  17.  0.0899999961
  13.  0.0899999961
  11.  0.0899999961
  10.  0.0899999961
  17.  0.0899999961
  19.  0.0899999961
  3.  0.0899999961
  14.  0.0899999961
  10.  0.0899999961
 -1.  0.0899999961
  12.  0.0899999961
  16.  0.0899999961
  10.  0.0899999961
  11.  0.0899999961
  18.  0.0899999961
  11.  0.0899999961
  10.  0.0899999961
  10.  0.0899999961
  15.  0.0899999961
  12.  0.0899999961
  14.  0.0899999961
  13.  0.0899999961
  14.  0.0899999961
  11.  0.0899999961
  14.  0.0899999961
  11.  0.0899999961
  14.  0.0899999961
  10.  0.0899999961
  14.  0.0899999961
  11.  0.0899999961
  10.  0.0899999961
  11.  0.0899999961
  14.  0.0899999961
  10.  0.0899999961
  20.  0.0899999961
  10.  0.0899999961
  11.  0.0899999961
