 -1.  0.479999989
  11.  0.479999989
  11.  0.479999989
  13.  0.479999989
 -1.  0.479999989
 -1.  0.479999989
  16.  0.479999989
 -1.  0.479999989
 -1.  0.479999989
  15.  0.479999989
  12.  0.479999989
  17.  0.479999989
  12.  0.479999989
  12.  0.479999989
 -1.  0.479999989
 -1.  0.479999989
 -1.  0.479999989
 -1.  0.479999989
  16.  0.479999989
  10.  0.479999989
 -1.  0.479999989
  15.  0.479999989
  8.  0.479999989
 -1.  0.479999989
 -1.  0.479999989
  13.  0.479999989
 -1.  0.479999989
  10.  0.479999989
  12.  0.479999989
 -1.  0.479999989
  10.  0.479999989
  18.  0.479999989
 -1.  0.479999989
  17.  0.479999989
 -1.  0.479999989
 -1.  0.479999989
  15.  0.479999989
  17.  0.479999989
 -1.  0.479999989
 -1.  0.479999989
  9.  0.479999989
 -1.  0.479999989
 -1.  0.479999989
 -1.  0.479999989
  13.  0.479999989
  13.  0.479999989
  4.  0.479999989
  6.  0.479999989
  14.  0.479999989
  12.  0.479999989
 -1.  0.479999989
 -1.  0.479999989
  12.  0.479999989
  7.  0.479999989
  12.  0.479999989
  14.  0.479999989
  12.  0.479999989
  10.  0.479999989
  27.  0.479999989
  9.  0.479999989
  8.  0.479999989
  7.  0.479999989
  15.  0.479999989
 -1.  0.479999989
  12.  0.479999989
  14.  0.479999989
  21.  0.479999989
 -1.  0.479999989
  24.  0.479999989
 -1.  0.479999989
  16.  0.479999989
  9.  0.479999989
  14.  0.479999989
  13.  0.479999989
 -1.  0.479999989
  13.  0.479999989
  13.  0.479999989
  12.  0.479999989
  13.  0.479999989
  13.  0.479999989
  13.  0.479999989
 -1.  0.479999989
 -1.  0.479999989
  13.  0.479999989
 -1.  0.479999989
  10.  0.479999989
  12.  0.479999989
  30.  0.479999989
 -1.  0.479999989
 -1.  0.479999989
  9.  0.479999989
 -1.  0.479999989
 -1.  0.479999989
  20.  0.479999989
  12.  0.479999989
  21.  0.479999989
