  10.  0.219999999
  14.  0.219999999
  15.  0.219999999
  3.  0.219999999
  15.  0.219999999
  14.  0.219999999
  13.  0.219999999
  12.  0.219999999
  12.  0.219999999
  6.  0.219999999
  17.  0.219999999
  9.  0.219999999
  13.  0.219999999
  13.  0.219999999
  11.  0.219999999
  12.  0.219999999
  10.  0.219999999
  14.  0.219999999
 -1.  0.219999999
  23.  0.219999999
  14.  0.219999999
  9.  0.219999999
  15.  0.219999999
  11.  0.219999999
  15.  0.219999999
  9.  0.219999999
  13.  0.219999999
  14.  0.219999999
 -1.  0.219999999
  12.  0.219999999
  16.  0.219999999
  10.  0.219999999
  15.  0.219999999
  10.  0.219999999
  13.  0.219999999
  14.  0.219999999
  5.  0.219999999
  15.  0.219999999
  13.  0.219999999
  12.  0.219999999
  10.  0.219999999
  14.  0.219999999
  11.  0.219999999
  14.  0.219999999
  13.  0.219999999
  10.  0.219999999
  15.  0.219999999
  18.  0.219999999
  14.  0.219999999
  10.  0.219999999
  14.  0.219999999
  13.  0.219999999
  16.  0.219999999
  12.  0.219999999
  13.  0.219999999
  12.  0.219999999
  15.  0.219999999
  13.  0.219999999
  14.  0.219999999
  13.  0.219999999
  8.  0.219999999
  12.  0.219999999
 -1.  0.219999999
  17.  0.219999999
  16.  0.219999999
  15.  0.219999999
  11.  0.219999999
  15.  0.219999999
  13.  0.219999999
  13.  0.219999999
  14.  0.219999999
  12.  0.219999999
  12.  0.219999999
  14.  0.219999999
  12.  0.219999999
  10.  0.219999999
  12.  0.219999999
  14.  0.219999999
  10.  0.219999999
  12.  0.219999999
 -1.  0.219999999
 -1.  0.219999999
  12.  0.219999999
  11.  0.219999999
  11.  0.219999999
 -1.  0.219999999
  14.  0.219999999
  14.  0.219999999
  15.  0.219999999
  14.  0.219999999
  10.  0.219999999
  10.  0.219999999
  14.  0.219999999
  14.  0.219999999
  10.  0.219999999
  9.  0.219999999
  14.  0.219999999
  14.  0.219999999
