  16.  0.119999997
  13.  0.119999997
  15.  0.119999997
  11.  0.119999997
  14.  0.119999997
  13.  0.119999997
  3.  0.119999997
  6.  0.119999997
  12.  0.119999997
  8.  0.119999997
  21.  0.119999997
  11.  0.119999997
  15.  0.119999997
  13.  0.119999997
  14.  0.119999997
  15.  0.119999997
  15.  0.119999997
  16.  0.119999997
  11.  0.119999997
  16.  0.119999997
  5.  0.119999997
  9.  0.119999997
  15.  0.119999997
  14.  0.119999997
  4.  0.119999997
  14.  0.119999997
  10.  0.119999997
  11.  0.119999997
  14.  0.119999997
  20.  0.119999997
  10.  0.119999997
  8.  0.119999997
  12.  0.119999997
  16.  0.119999997
  13.  0.119999997
  11.  0.119999997
  5.  0.119999997
  6.  0.119999997
  7.  0.119999997
  10.  0.119999997
  13.  0.119999997
  10.  0.119999997
  15.  0.119999997
  13.  0.119999997
  13.  0.119999997
  16.  0.119999997
  15.  0.119999997
  14.  0.119999997
  12.  0.119999997
  11.  0.119999997
  15.  0.119999997
  14.  0.119999997
  8.  0.119999997
  12.  0.119999997
  12.  0.119999997
  10.  0.119999997
  16.  0.119999997
  11.  0.119999997
  9.  0.119999997
  10.  0.119999997
  10.  0.119999997
  4.  0.119999997
  19.  0.119999997
  9.  0.119999997
  12.  0.119999997
  10.  0.119999997
  17.  0.119999997
  9.  0.119999997
  16.  0.119999997
  16.  0.119999997
  15.  0.119999997
  15.  0.119999997
  14.  0.119999997
  14.  0.119999997
  11.  0.119999997
  11.  0.119999997
  12.  0.119999997
  16.  0.119999997
  12.  0.119999997
  11.  0.119999997
  9.  0.119999997
  11.  0.119999997
  9.  0.119999997
  11.  0.119999997
  12.  0.119999997
  17.  0.119999997
  14.  0.119999997
  37.  0.119999997
  9.  0.119999997
  15.  0.119999997
  13.  0.119999997
  11.  0.119999997
  13.  0.119999997
  11.  0.119999997
  14.  0.119999997
  15.  0.119999997
  10.  0.119999997
  13.  0.119999997
  16.  0.119999997
