  13.  0.349999994
 -1.  0.349999994
  11.  0.349999994
  12.  0.349999994
  11.  0.349999994
  11.  0.349999994
 -1.  0.349999994
 -1.  0.349999994
  19.  0.349999994
  4.  0.349999994
  3.  0.349999994
  13.  0.349999994
  9.  0.349999994
  10.  0.349999994
  16.  0.349999994
  8.  0.349999994
  11.  0.349999994
 -1.  0.349999994
  15.  0.349999994
  9.  0.349999994
  12.  0.349999994
  17.  0.349999994
 -1.  0.349999994
  10.  0.349999994
  15.  0.349999994
  12.  0.349999994
  4.  0.349999994
  4.  0.349999994
  16.  0.349999994
  12.  0.349999994
  8.  0.349999994
  10.  0.349999994
 -1.  0.349999994
  11.  0.349999994
  14.  0.349999994
 -1.  0.349999994
  13.  0.349999994
  14.  0.349999994
  8.  0.349999994
  12.  0.349999994
 -1.  0.349999994
  13.  0.349999994
 -1.  0.349999994
 -1.  0.349999994
  12.  0.349999994
  15.  0.349999994
  12.  0.349999994
  13.  0.349999994
  15.  0.349999994
  14.  0.349999994
  17.  0.349999994
  8.  0.349999994
 -1.  0.349999994
  16.  0.349999994
  15.  0.349999994
  10.  0.349999994
  16.  0.349999994
 -1.  0.349999994
  12.  0.349999994
 -1.  0.349999994
 -1.  0.349999994
  12.  0.349999994
  14.  0.349999994
 -1.  0.349999994
  11.  0.349999994
  13.  0.349999994
 -1.  0.349999994
  9.  0.349999994
  13.  0.349999994
  13.  0.349999994
 -1.  0.349999994
  10.  0.349999994
 -1.  0.349999994
  15.  0.349999994
  7.  0.349999994
  11.  0.349999994
  11.  0.349999994
  14.  0.349999994
  17.  0.349999994
  13.  0.349999994
  14.  0.349999994
 -1.  0.349999994
  9.  0.349999994
  14.  0.349999994
  11.  0.349999994
  10.  0.349999994
  8.  0.349999994
 -1.  0.349999994
  7.  0.349999994
  14.  0.349999994
  14.  0.349999994
  17.  0.349999994
  13.  0.349999994
  20.  0.349999994
  13.  0.349999994
  10.  0.349999994
