 -1.  0.399999976
  17.  0.399999976
  16.  0.399999976
  14.  0.399999976
 -1.  0.399999976
 -1.  0.399999976
  15.  0.399999976
 -1.  0.399999976
 -1.  0.399999976
 -1.  0.399999976
  14.  0.399999976
 -1.  0.399999976
  12.  0.399999976
 -1.  0.399999976
 -1.  0.399999976
  17.  0.399999976
 -1.  0.399999976
 -1.  0.399999976
 -1.  0.399999976
  6.  0.399999976
  11.  0.399999976
 -1.  0.399999976
 -1.  0.399999976
 -1.  0.399999976
  18.  0.399999976
  12.  0.399999976
  7.  0.399999976
  10.  0.399999976
  18.  0.399999976
  17.  0.399999976
  11.  0.399999976
 -1.  0.399999976
  12.  0.399999976
  9.  0.399999976
  13.  0.399999976
  12.  0.399999976
  17.  0.399999976
  7.  0.399999976
  13.  0.399999976
  13.  0.399999976
  13.  0.399999976
 -1.  0.399999976
  12.  0.399999976
 -1.  0.399999976
  15.  0.399999976
 -1.  0.399999976
  12.  0.399999976
  11.  0.399999976
 -1.  0.399999976
 -1.  0.399999976
  14.  0.399999976
  16.  0.399999976
  15.  0.399999976
 -1.  0.399999976
  12.  0.399999976
  11.  0.399999976
  16.  0.399999976
  13.  0.399999976
  9.  0.399999976
 -1.  0.399999976
  13.  0.399999976
 -1.  0.399999976
  20.  0.399999976
 -1.  0.399999976
  14.  0.399999976
  19.  0.399999976
  13.  0.399999976
  13.  0.399999976
 -1.  0.399999976
  17.  0.399999976
  20.  0.399999976
  12.  0.399999976
 -1.  0.399999976
  12.  0.399999976
 -1.  0.399999976
  14.  0.399999976
  6.  0.399999976
 -1.  0.399999976
 -1.  0.399999976
  8.  0.399999976
  17.  0.399999976
  7.  0.399999976
 -1.  0.399999976
  9.  0.399999976
  16.  0.399999976
  10.  0.399999976
  21.  0.399999976
  14.  0.399999976
  14.  0.399999976
  20.  0.399999976
  15.  0.399999976
  5.  0.399999976
  12.  0.399999976
  11.  0.399999976
  12.  0.399999976
  22.  0.399999976
