  10.  0.209999993
  13.  0.209999993
  17.  0.209999993
  15.  0.209999993
  9.  0.209999993
  13.  0.209999993
  15.  0.209999993
  17.  0.209999993
  12.  0.209999993
  15.  0.209999993
  15.  0.209999993
  12.  0.209999993
  13.  0.209999993
 -1.  0.209999993
  13.  0.209999993
  9.  0.209999993
  11.  0.209999993
  13.  0.209999993
  8.  0.209999993
  16.  0.209999993
  9.  0.209999993
  17.  0.209999993
 -1.  0.209999993
  11.  0.209999993
  10.  0.209999993
  10.  0.209999993
 -1.  0.209999993
  8.  0.209999993
  12.  0.209999993
  34.  0.209999993
  14.  0.209999993
 -1.  0.209999993
  13.  0.209999993
  12.  0.209999993
  7.  0.209999993
  11.  0.209999993
  20.  0.209999993
  15.  0.209999993
 -1.  0.209999993
  10.  0.209999993
  12.  0.209999993
  11.  0.209999993
  12.  0.209999993
  17.  0.209999993
  15.  0.209999993
  16.  0.209999993
  10.  0.209999993
  17.  0.209999993
  9.  0.209999993
  16.  0.209999993
  13.  0.209999993
  16.  0.209999993
  13.  0.209999993
  18.  0.209999993
  14.  0.209999993
  10.  0.209999993
  7.  0.209999993
  10.  0.209999993
  18.  0.209999993
  14.  0.209999993
  19.  0.209999993
 -1.  0.209999993
  14.  0.209999993
  10.  0.209999993
  13.  0.209999993
  15.  0.209999993
  14.  0.209999993
  11.  0.209999993
  14.  0.209999993
  12.  0.209999993
  9.  0.209999993
  14.  0.209999993
  18.  0.209999993
  7.  0.209999993
  14.  0.209999993
  13.  0.209999993
  16.  0.209999993
  16.  0.209999993
  13.  0.209999993
  13.  0.209999993
  14.  0.209999993
  12.  0.209999993
  11.  0.209999993
  11.  0.209999993
  12.  0.209999993
  13.  0.209999993
  13.  0.209999993
  11.  0.209999993
  10.  0.209999993
  13.  0.209999993
  15.  0.209999993
  11.  0.209999993
  15.  0.209999993
  12.  0.209999993
  15.  0.209999993
