  11.  0.189999998
  15.  0.189999998
  4.  0.189999998
  15.  0.189999998
  12.  0.189999998
  9.  0.189999998
  12.  0.189999998
  13.  0.189999998
  12.  0.189999998
  13.  0.189999998
  11.  0.189999998
  12.  0.189999998
  16.  0.189999998
  9.  0.189999998
  11.  0.189999998
  14.  0.189999998
 -1.  0.189999998
  5.  0.189999998
  14.  0.189999998
  14.  0.189999998
  17.  0.189999998
  15.  0.189999998
  15.  0.189999998
  15.  0.189999998
  10.  0.189999998
  9.  0.189999998
  14.  0.189999998
  7.  0.189999998
  12.  0.189999998
  13.  0.189999998
  10.  0.189999998
  15.  0.189999998
  9.  0.189999998
  15.  0.189999998
  10.  0.189999998
  10.  0.189999998
  9.  0.189999998
  13.  0.189999998
  13.  0.189999998
  16.  0.189999998
  13.  0.189999998
  9.  0.189999998
  7.  0.189999998
  12.  0.189999998
  9.  0.189999998
  12.  0.189999998
  11.  0.189999998
  10.  0.189999998
  12.  0.189999998
  8.  0.189999998
  7.  0.189999998
  9.  0.189999998
  13.  0.189999998
  11.  0.189999998
  11.  0.189999998
  10.  0.189999998
  4.  0.189999998
  12.  0.189999998
  12.  0.189999998
  9.  0.189999998
  9.  0.189999998
  7.  0.189999998
  11.  0.189999998
  14.  0.189999998
  12.  0.189999998
  14.  0.189999998
  10.  0.189999998
  12.  0.189999998
  11.  0.189999998
  13.  0.189999998
  12.  0.189999998
  8.  0.189999998
  13.  0.189999998
  7.  0.189999998
 -1.  0.189999998
  9.  0.189999998
  10.  0.189999998
 -1.  0.189999998
  11.  0.189999998
  13.  0.189999998
  11.  0.189999998
  12.  0.189999998
 -1.  0.189999998
  19.  0.189999998
  16.  0.189999998
  13.  0.189999998
  16.  0.189999998
  14.  0.189999998
  14.  0.189999998
  15.  0.189999998
  10.  0.189999998
  13.  0.189999998
  8.  0.189999998
  10.  0.189999998
  16.  0.189999998
  9.  0.189999998
  9.  0.189999998
  13.  0.189999998
  15.  0.189999998
