 -1.  0.370000005
  13.  0.370000005
  9.  0.370000005
  12.  0.370000005
 -1.  0.370000005
 -1.  0.370000005
  11.  0.370000005
  11.  0.370000005
  14.  0.370000005
  13.  0.370000005
 -1.  0.370000005
  12.  0.370000005
 -1.  0.370000005
  16.  0.370000005
 -1.  0.370000005
  13.  0.370000005
  14.  0.370000005
  10.  0.370000005
  15.  0.370000005
  16.  0.370000005
  14.  0.370000005
 -1.  0.370000005
 -1.  0.370000005
  16.  0.370000005
  14.  0.370000005
  15.  0.370000005
  15.  0.370000005
  8.  0.370000005
  9.  0.370000005
  8.  0.370000005
  8.  0.370000005
  9.  0.370000005
  20.  0.370000005
  9.  0.370000005
  15.  0.370000005
  6.  0.370000005
  7.  0.370000005
  11.  0.370000005
  14.  0.370000005
  10.  0.370000005
  13.  0.370000005
  7.  0.370000005
  14.  0.370000005
 -1.  0.370000005
  13.  0.370000005
 -1.  0.370000005
  11.  0.370000005
  11.  0.370000005
  16.  0.370000005
  13.  0.370000005
  16.  0.370000005
  12.  0.370000005
  17.  0.370000005
 -1.  0.370000005
 -1.  0.370000005
  10.  0.370000005
  9.  0.370000005
  15.  0.370000005
 -1.  0.370000005
  13.  0.370000005
  13.  0.370000005
  13.  0.370000005
  20.  0.370000005
  14.  0.370000005
  11.  0.370000005
  10.  0.370000005
  11.  0.370000005
  12.  0.370000005
 -1.  0.370000005
 -1.  0.370000005
  14.  0.370000005
  22.  0.370000005
  16.  0.370000005
  16.  0.370000005
  15.  0.370000005
  14.  0.370000005
  16.  0.370000005
 -1.  0.370000005
  11.  0.370000005
 -1.  0.370000005
  16.  0.370000005
 -1.  0.370000005
  12.  0.370000005
  16.  0.370000005
 -1.  0.370000005
  10.  0.370000005
  15.  0.370000005
  10.  0.370000005
  9.  0.370000005
  15.  0.370000005
  14.  0.370000005
  15.  0.370000005
  17.  0.370000005
