  11.  0.199999988
  9.  0.199999988
  15.  0.199999988
  12.  0.199999988
  11.  0.199999988
  12.  0.199999988
  16.  0.199999988
  13.  0.199999988
  13.  0.199999988
  9.  0.199999988
  14.  0.199999988
  13.  0.199999988
  15.  0.199999988
 -1.  0.199999988
  15.  0.199999988
 -1.  0.199999988
  13.  0.199999988
  16.  0.199999988
  13.  0.199999988
  12.  0.199999988
  15.  0.199999988
  9.  0.199999988
  16.  0.199999988
  13.  0.199999988
  14.  0.199999988
  12.  0.199999988
  12.  0.199999988
  15.  0.199999988
  11.  0.199999988
  14.  0.199999988
  14.  0.199999988
  14.  0.199999988
  10.  0.199999988
  15.  0.199999988
  17.  0.199999988
  9.  0.199999988
  4.  0.199999988
  14.  0.199999988
  14.  0.199999988
  11.  0.199999988
  13.  0.199999988
  11.  0.199999988
  9.  0.199999988
 -1.  0.199999988
 -1.  0.199999988
  15.  0.199999988
  7.  0.199999988
  15.  0.199999988
  5.  0.199999988
  15.  0.199999988
  14.  0.199999988
  10.  0.199999988
  8.  0.199999988
  9.  0.199999988
  10.  0.199999988
  9.  0.199999988
  16.  0.199999988
  10.  0.199999988
  13.  0.199999988
  9.  0.199999988
  14.  0.199999988
  11.  0.199999988
  4.  0.199999988
  17.  0.199999988
 -1.  0.199999988
  18.  0.199999988
  13.  0.199999988
 -1.  0.199999988
  11.  0.199999988
  13.  0.199999988
  15.  0.199999988
  17.  0.199999988
  6.  0.199999988
 -1.  0.199999988
  9.  0.199999988
  13.  0.199999988
  13.  0.199999988
  6.  0.199999988
  15.  0.199999988
  11.  0.199999988
  12.  0.199999988
  8.  0.199999988
  10.  0.199999988
  12.  0.199999988
  13.  0.199999988
  13.  0.199999988
  17.  0.199999988
  18.  0.199999988
  17.  0.199999988
  14.  0.199999988
  10.  0.199999988
  15.  0.199999988
  14.  0.199999988
  11.  0.199999988
  12.  0.199999988
  14.  0.199999988
