  14.  0.280000001
  13.  0.280000001
 -1.  0.280000001
 -1.  0.280000001
 -1.  0.280000001
  10.  0.280000001
  15.  0.280000001
  10.  0.280000001
  14.  0.280000001
 -1.  0.280000001
  12.  0.280000001
  12.  0.280000001
  13.  0.280000001
  10.  0.280000001
  15.  0.280000001
  14.  0.280000001
  10.  0.280000001
  12.  0.280000001
 -1.  0.280000001
  18.  0.280000001
  15.  0.280000001
  16.  0.280000001
  15.  0.280000001
  11.  0.280000001
  12.  0.280000001
  13.  0.280000001
  17.  0.280000001
 -1.  0.280000001
  13.  0.280000001
 -1.  0.280000001
 -1.  0.280000001
 -1.  0.280000001
  15.  0.280000001
 -1.  0.280000001
  15.  0.280000001
  14.  0.280000001
  16.  0.280000001
  8.  0.280000001
  13.  0.280000001
  7.  0.280000001
  13.  0.280000001
  6.  0.280000001
  12.  0.280000001
  18.  0.280000001
  14.  0.280000001
  13.  0.280000001
  19.  0.280000001
  12.  0.280000001
 -1.  0.280000001
  16.  0.280000001
  3.  0.280000001
  7.  0.280000001
  14.  0.280000001
  9.  0.280000001
  7.  0.280000001
  15.  0.280000001
  10.  0.280000001
 -1.  0.280000001
  15.  0.280000001
  18.  0.280000001
  10.  0.280000001
  10.  0.280000001
  11.  0.280000001
  8.  0.280000001
  10.  0.280000001
  9.  0.280000001
  10.  0.280000001
  10.  0.280000001
  11.  0.280000001
  8.  0.280000001
  16.  0.280000001
  15.  0.280000001
  8.  0.280000001
  15.  0.280000001
  15.  0.280000001
 -1.  0.280000001
  13.  0.280000001
 -1.  0.280000001
  9.  0.280000001
  19.  0.280000001
  11.  0.280000001
  12.  0.280000001
  11.  0.280000001
  13.  0.280000001
 -1.  0.280000001
  11.  0.280000001
  10.  0.280000001
  19.  0.280000001
  18.  0.280000001
  12.  0.280000001
  11.  0.280000001
  11.  0.280000001
  11.  0.280000001
  18.  0.280000001
  18.  0.280000001
  11.  0.280000001
