  14.  0.269999981
  12.  0.269999981
  12.  0.269999981
  18.  0.269999981
  13.  0.269999981
  14.  0.269999981
  17.  0.269999981
  15.  0.269999981
  11.  0.269999981
  12.  0.269999981
  9.  0.269999981
  12.  0.269999981
  19.  0.269999981
  13.  0.269999981
  15.  0.269999981
 -1.  0.269999981
  15.  0.269999981
 -1.  0.269999981
  10.  0.269999981
  10.  0.269999981
  12.  0.269999981
  14.  0.269999981
  12.  0.269999981
  12.  0.269999981
 -1.  0.269999981
  9.  0.269999981
  10.  0.269999981
  10.  0.269999981
  12.  0.269999981
  15.  0.269999981
  13.  0.269999981
  12.  0.269999981
  9.  0.269999981
  9.  0.269999981
  13.  0.269999981
  14.  0.269999981
  14.  0.269999981
  12.  0.269999981
  16.  0.269999981
  9.  0.269999981
  14.  0.269999981
  10.  0.269999981
  13.  0.269999981
  10.  0.269999981
  11.  0.269999981
  9.  0.269999981
  16.  0.269999981
  10.  0.269999981
  13.  0.269999981
  12.  0.269999981
  11.  0.269999981
  17.  0.269999981
  20.  0.269999981
  17.  0.269999981
  18.  0.269999981
  16.  0.269999981
  10.  0.269999981
  12.  0.269999981
 -1.  0.269999981
  15.  0.269999981
  6.  0.269999981
  11.  0.269999981
  8.  0.269999981
  11.  0.269999981
  12.  0.269999981
  16.  0.269999981
  13.  0.269999981
  18.  0.269999981
  14.  0.269999981
  10.  0.269999981
  12.  0.269999981
  8.  0.269999981
 -1.  0.269999981
  17.  0.269999981
  10.  0.269999981
 -1.  0.269999981
  9.  0.269999981
  10.  0.269999981
  15.  0.269999981
  13.  0.269999981
  12.  0.269999981
  13.  0.269999981
  20.  0.269999981
 -1.  0.269999981
 -1.  0.269999981
  18.  0.269999981
  10.  0.269999981
  12.  0.269999981
  9.  0.269999981
  15.  0.269999981
  17.  0.269999981
  15.  0.269999981
  11.  0.269999981
  10.  0.269999981
  13.  0.269999981
 -1.  0.269999981
  12.  0.269999981
