 -1.  0.5
 -1.  0.5
  16.  0.5
  11.  0.5
 -1.  0.5
  15.  0.5
 -1.  0.5
 -1.  0.5
 -1.  0.5
 -1.  0.5
  13.  0.5
  11.  0.5
  15.  0.5
  17.  0.5
  16.  0.5
 -1.  0.5
  19.  0.5
 -1.  0.5
  11.  0.5
 -1.  0.5
  10.  0.5
  9.  0.5
  48.  0.5
  15.  0.5
  14.  0.5
  9.  0.5
 -1.  0.5
 -1.  0.5
  9.  0.5
 -1.  0.5
  25.  0.5
 -1.  0.5
 -1.  0.5
 -1.  0.5
  10.  0.5
 -1.  0.5
 -1.  0.5
 -1.  0.5
  17.  0.5
 -1.  0.5
  9.  0.5
  18.  0.5
  11.  0.5
 -1.  0.5
  13.  0.5
 -1.  0.5
 -1.  0.5
 -1.  0.5
 -1.  0.5
  17.  0.5
 -1.  0.5
 -1.  0.5
  30.  0.5
 -1.  0.5
 -1.  0.5
  11.  0.5
 -1.  0.5
  11.  0.5
 -1.  0.5
  14.  0.5
 -1.  0.5
  17.  0.5
  14.  0.5
  15.  0.5
 -1.  0.5
 -1.  0.5
  12.  0.5
  10.  0.5
  13.  0.5
  12.  0.5
  12.  0.5
  7.  0.5
  22.  0.5
 -1.  0.5
  17.  0.5
  14.  0.5
  14.  0.5
  12.  0.5
  17.  0.5
  11.  0.5
  20.  0.5
  17.  0.5
  8.  0.5
 -1.  0.5
  16.  0.5
 -1.  0.5
  17.  0.5
 -1.  0.5
  14.  0.5
  15.  0.5
  7.  0.5
  12.  0.5
 -1.  0.5
