  13.  0.0599999987
  11.  0.0599999987
  14.  0.0599999987
  12.  0.0599999987
  16.  0.0599999987
  12.  0.0599999987
  14.  0.0599999987
  14.  0.0599999987
  12.  0.0599999987
  7.  0.0599999987
  14.  0.0599999987
  17.  0.0599999987
  13.  0.0599999987
  9.  0.0599999987
  10.  0.0599999987
  12.  0.0599999987
  14.  0.0599999987
  14.  0.0599999987
  13.  0.0599999987
  13.  0.0599999987
  14.  0.0599999987
  16.  0.0599999987
  11.  0.0599999987
  16.  0.0599999987
  14.  0.0599999987
  5.  0.0599999987
  13.  0.0599999987
  16.  0.0599999987
  17.  0.0599999987
  17.  0.0599999987
  13.  0.0599999987
  11.  0.0599999987
  11.  0.0599999987
  15.  0.0599999987
  11.  0.0599999987
  12.  0.0599999987
  14.  0.0599999987
  8.  0.0599999987
  16.  0.0599999987
  13.  0.0599999987
  9.  0.0599999987
  12.  0.0599999987
  18.  0.0599999987
  21.  0.0599999987
  14.  0.0599999987
  18.  0.0599999987
  15.  0.0599999987
  12.  0.0599999987
  10.  0.0599999987
  15.  0.0599999987
  7.  0.0599999987
  10.  0.0599999987
  16.  0.0599999987
  14.  0.0599999987
  15.  0.0599999987
  19.  0.0599999987
  13.  0.0599999987
  16.  0.0599999987
  12.  0.0599999987
  14.  0.0599999987
  11.  0.0599999987
  12.  0.0599999987
  7.  0.0599999987
  10.  0.0599999987
  12.  0.0599999987
  12.  0.0599999987
  15.  0.0599999987
  15.  0.0599999987
  16.  0.0599999987
  13.  0.0599999987
  13.  0.0599999987
  11.  0.0599999987
  15.  0.0599999987
  6.  0.0599999987
  12.  0.0599999987
  15.  0.0599999987
  12.  0.0599999987
  13.  0.0599999987
  14.  0.0599999987
  16.  0.0599999987
  14.  0.0599999987
  11.  0.0599999987
  14.  0.0599999987
  16.  0.0599999987
  7.  0.0599999987
  14.  0.0599999987
  17.  0.0599999987
  16.  0.0599999987
  6.  0.0599999987
  15.  0.0599999987
  14.  0.0599999987
  10.  0.0599999987
  8.  0.0599999987
  9.  0.0599999987
  11.  0.0599999987
  13.  0.0599999987
  8.  0.0599999987
