  13.  0.0799999982
  10.  0.0799999982
  14.  0.0799999982
  14.  0.0799999982
  9.  0.0799999982
  14.  0.0799999982
  11.  0.0799999982
  10.  0.0799999982
  11.  0.0799999982
  14.  0.0799999982
  5.  0.0799999982
  14.  0.0799999982
  13.  0.0799999982
  15.  0.0799999982
  9.  0.0799999982
  14.  0.0799999982
  15.  0.0799999982
  14.  0.0799999982
  17.  0.0799999982
  19.  0.0799999982
  11.  0.0799999982
  17.  0.0799999982
  13.  0.0799999982
  14.  0.0799999982
  10.  0.0799999982
  15.  0.0799999982
 -1.  0.0799999982
  13.  0.0799999982
 -1.  0.0799999982
  11.  0.0799999982
  8.  0.0799999982
  8.  0.0799999982
  13.  0.0799999982
  15.  0.0799999982
  12.  0.0799999982
  10.  0.0799999982
  10.  0.0799999982
  13.  0.0799999982
  10.  0.0799999982
  14.  0.0799999982
  13.  0.0799999982
  8.  0.0799999982
  8.  0.0799999982
  17.  0.0799999982
  12.  0.0799999982
  13.  0.0799999982
  15.  0.0799999982
  18.  0.0799999982
  19.  0.0799999982
  10.  0.0799999982
  12.  0.0799999982
  15.  0.0799999982
  17.  0.0799999982
  14.  0.0799999982
  17.  0.0799999982
  15.  0.0799999982
  14.  0.0799999982
  16.  0.0799999982
  9.  0.0799999982
  17.  0.0799999982
  12.  0.0799999982
  13.  0.0799999982
  9.  0.0799999982
  10.  0.0799999982
  13.  0.0799999982
  13.  0.0799999982
  8.  0.0799999982
  9.  0.0799999982
  15.  0.0799999982
  10.  0.0799999982
  6.  0.0799999982
  11.  0.0799999982
  14.  0.0799999982
  10.  0.0799999982
  16.  0.0799999982
  18.  0.0799999982
  9.  0.0799999982
  19.  0.0799999982
  14.  0.0799999982
  13.  0.0799999982
  11.  0.0799999982
  14.  0.0799999982
  13.  0.0799999982
  10.  0.0799999982
  16.  0.0799999982
  11.  0.0799999982
  12.  0.0799999982
  16.  0.0799999982
  16.  0.0799999982
  17.  0.0799999982
  13.  0.0799999982
  10.  0.0799999982
  13.  0.0799999982
  12.  0.0799999982
  6.  0.0799999982
  10.  0.0799999982
  11.  0.0799999982
  13.  0.0799999982
