  15.  0.0700000003
  13.  0.0700000003
  14.  0.0700000003
  17.  0.0700000003
 -1.  0.0700000003
  12.  0.0700000003
  14.  0.0700000003
  20.  0.0700000003
  10.  0.0700000003
  14.  0.0700000003
  14.  0.0700000003
  11.  0.0700000003
  12.  0.0700000003
  12.  0.0700000003
  18.  0.0700000003
  13.  0.0700000003
  13.  0.0700000003
  15.  0.0700000003
  14.  0.0700000003
  16.  0.0700000003
  12.  0.0700000003
  13.  0.0700000003
  9.  0.0700000003
  20.  0.0700000003
  17.  0.0700000003
  12.  0.0700000003
  11.  0.0700000003
  11.  0.0700000003
  7.  0.0700000003
  14.  0.0700000003
  18.  0.0700000003
  16.  0.0700000003
  11.  0.0700000003
  11.  0.0700000003
  16.  0.0700000003
  10.  0.0700000003
  10.  0.0700000003
  14.  0.0700000003
  15.  0.0700000003
  16.  0.0700000003
  13.  0.0700000003
  10.  0.0700000003
  10.  0.0700000003
  15.  0.0700000003
  15.  0.0700000003
  9.  0.0700000003
  11.  0.0700000003
  16.  0.0700000003
  13.  0.0700000003
  11.  0.0700000003
  14.  0.0700000003
  11.  0.0700000003
  11.  0.0700000003
  13.  0.0700000003
  13.  0.0700000003
  12.  0.0700000003
  13.  0.0700000003
  14.  0.0700000003
  13.  0.0700000003
  12.  0.0700000003
  11.  0.0700000003
  12.  0.0700000003
  10.  0.0700000003
  16.  0.0700000003
 -1.  0.0700000003
  10.  0.0700000003
  13.  0.0700000003
  20.  0.0700000003
  5.  0.0700000003
  12.  0.0700000003
  15.  0.0700000003
  11.  0.0700000003
  12.  0.0700000003
  11.  0.0700000003
  13.  0.0700000003
  12.  0.0700000003
  13.  0.0700000003
  11.  0.0700000003
  12.  0.0700000003
  13.  0.0700000003
  15.  0.0700000003
  18.  0.0700000003
  17.  0.0700000003
  12.  0.0700000003
  14.  0.0700000003
  12.  0.0700000003
  14.  0.0700000003
  14.  0.0700000003
  12.  0.0700000003
  5.  0.0700000003
  9.  0.0700000003
  13.  0.0700000003
  8.  0.0700000003
  13.  0.0700000003
  10.  0.0700000003
  13.  0.0700000003
  13.  0.0700000003
  10.  0.0700000003
