  17.  0.340000004
 -1.  0.340000004
  16.  0.340000004
  13.  0.340000004
  14.  0.340000004
  14.  0.340000004
  13.  0.340000004
 -1.  0.340000004
  15.  0.340000004
  9.  0.340000004
 -1.  0.340000004
  14.  0.340000004
  14.  0.340000004
  27.  0.340000004
  24.  0.340000004
  13.  0.340000004
  10.  0.340000004
  10.  0.340000004
  12.  0.340000004
  14.  0.340000004
  15.  0.340000004
  11.  0.340000004
 -1.  0.340000004
  7.  0.340000004
 -1.  0.340000004
  11.  0.340000004
  13.  0.340000004
  8.  0.340000004
  5.  0.340000004
 -1.  0.340000004
  21.  0.340000004
  13.  0.340000004
 -1.  0.340000004
  11.  0.340000004
  13.  0.340000004
  16.  0.340000004
  17.  0.340000004
  5.  0.340000004
  9.  0.340000004
  11.  0.340000004
  10.  0.340000004
  15.  0.340000004
  20.  0.340000004
  13.  0.340000004
  12.  0.340000004
 -1.  0.340000004
  14.  0.340000004
  10.  0.340000004
  12.  0.340000004
  14.  0.340000004
  13.  0.340000004
  32.  0.340000004
  14.  0.340000004
  9.  0.340000004
  8.  0.340000004
 -1.  0.340000004
 -1.  0.340000004
  17.  0.340000004
  13.  0.340000004
  11.  0.340000004
  10.  0.340000004
  12.  0.340000004
  15.  0.340000004
  11.  0.340000004
 -1.  0.340000004
  13.  0.340000004
  14.  0.340000004
  13.  0.340000004
  15.  0.340000004
  9.  0.340000004
  17.  0.340000004
  14.  0.340000004
  18.  0.340000004
  12.  0.340000004
  10.  0.340000004
  15.  0.340000004
 -1.  0.340000004
 -1.  0.340000004
  12.  0.340000004
  9.  0.340000004
 -1.  0.340000004
  14.  0.340000004
  13.  0.340000004
  16.  0.340000004
  17.  0.340000004
  15.  0.340000004
  8.  0.340000004
  24.  0.340000004
  13.  0.340000004
 -1.  0.340000004
  13.  0.340000004
  13.  0.340000004
  9.  0.340000004
  15.  0.340000004
 -1.  0.340000004
  14.  0.340000004
