  13.  0.0299999993
  12.  0.0299999993
  14.  0.0299999993
  13.  0.0299999993
  9.  0.0299999993
  5.  0.0299999993
  10.  0.0299999993
  17.  0.0299999993
  13.  0.0299999993
  9.  0.0299999993
  15.  0.0299999993
  11.  0.0299999993
  13.  0.0299999993
  8.  0.0299999993
  9.  0.0299999993
  9.  0.0299999993
  16.  0.0299999993
  10.  0.0299999993
  20.  0.0299999993
  10.  0.0299999993
  12.  0.0299999993
  14.  0.0299999993
  11.  0.0299999993
  14.  0.0299999993
  15.  0.0299999993
  12.  0.0299999993
  16.  0.0299999993
  13.  0.0299999993
  17.  0.0299999993
  12.  0.0299999993
  14.  0.0299999993
  15.  0.0299999993
  16.  0.0299999993
  16.  0.0299999993
  12.  0.0299999993
  9.  0.0299999993
  11.  0.0299999993
  16.  0.0299999993
  17.  0.0299999993
  11.  0.0299999993
  14.  0.0299999993
  14.  0.0299999993
  13.  0.0299999993
  12.  0.0299999993
  10.  0.0299999993
  14.  0.0299999993
  15.  0.0299999993
  9.  0.0299999993
  16.  0.0299999993
  13.  0.0299999993
  7.  0.0299999993
  14.  0.0299999993
  13.  0.0299999993
  18.  0.0299999993
  11.  0.0299999993
  17.  0.0299999993
  15.  0.0299999993
  16.  0.0299999993
  19.  0.0299999993
  17.  0.0299999993
  13.  0.0299999993
  9.  0.0299999993
  13.  0.0299999993
  8.  0.0299999993
  11.  0.0299999993
 -1.  0.0299999993
  13.  0.0299999993
  15.  0.0299999993
  18.  0.0299999993
  8.  0.0299999993
  12.  0.0299999993
  17.  0.0299999993
  16.  0.0299999993
  12.  0.0299999993
  11.  0.0299999993
  14.  0.0299999993
  22.  0.0299999993
  9.  0.0299999993
  15.  0.0299999993
  13.  0.0299999993
  16.  0.0299999993
  9.  0.0299999993
  13.  0.0299999993
  13.  0.0299999993
  16.  0.0299999993
  11.  0.0299999993
  11.  0.0299999993
  18.  0.0299999993
  18.  0.0299999993
  11.  0.0299999993
  17.  0.0299999993
  14.  0.0299999993
  11.  0.0299999993
  19.  0.0299999993
  9.  0.0299999993
  12.  0.0299999993
  12.  0.0299999993
  15.  0.0299999993
