  22.  0.389999986
 -1.  0.389999986
 -1.  0.389999986
 -1.  0.389999986
 -1.  0.389999986
  18.  0.389999986
  12.  0.389999986
  19.  0.389999986
  15.  0.389999986
 -1.  0.389999986
  11.  0.389999986
 -1.  0.389999986
 -1.  0.389999986
  16.  0.389999986
  18.  0.389999986
  12.  0.389999986
  11.  0.389999986
  9.  0.389999986
  15.  0.389999986
  11.  0.389999986
 -1.  0.389999986
  13.  0.389999986
  15.  0.389999986
  7.  0.389999986
  11.  0.389999986
  17.  0.389999986
  10.  0.389999986
  10.  0.389999986
  14.  0.389999986
  15.  0.389999986
  9.  0.389999986
  13.  0.389999986
  8.  0.389999986
  14.  0.389999986
  11.  0.389999986
 -1.  0.389999986
  11.  0.389999986
 -1.  0.389999986
  15.  0.389999986
 -1.  0.389999986
  14.  0.389999986
  17.  0.389999986
 -1.  0.389999986
 -1.  0.389999986
  14.  0.389999986
 -1.  0.389999986
 -1.  0.389999986
  17.  0.389999986
  15.  0.389999986
  17.  0.389999986
  12.  0.389999986
  12.  0.389999986
  14.  0.389999986
  15.  0.389999986
 -1.  0.389999986
 -1.  0.389999986
  12.  0.389999986
 -1.  0.389999986
 -1.  0.389999986
  10.  0.389999986
 -1.  0.389999986
  16.  0.389999986
  13.  0.389999986
  7.  0.389999986
  11.  0.389999986
  9.  0.389999986
  13.  0.389999986
  18.  0.389999986
 -1.  0.389999986
  9.  0.389999986
  7.  0.389999986
 -1.  0.389999986
  11.  0.389999986
  8.  0.389999986
  8.  0.389999986
  12.  0.389999986
  13.  0.389999986
  17.  0.389999986
 -1.  0.389999986
  11.  0.389999986
  8.  0.389999986
  10.  0.389999986
  11.  0.389999986
 -1.  0.389999986
 -1.  0.389999986
  16.  0.389999986
 -1.  0.389999986
  13.  0.389999986
  12.  0.389999986
  13.  0.389999986
