  10.  0.140000001
  13.  0.140000001
  9.  0.140000001
  14.  0.140000001
  12.  0.140000001
  14.  0.140000001
  9.  0.140000001
  17.  0.140000001
  12.  0.140000001
  16.  0.140000001
  17.  0.140000001
  9.  0.140000001
  11.  0.140000001
  11.  0.140000001
  13.  0.140000001
  16.  0.140000001
  6.  0.140000001
  13.  0.140000001
  13.  0.140000001
  16.  0.140000001
  13.  0.140000001
  18.  0.140000001
  13.  0.140000001
  6.  0.140000001
  14.  0.140000001
  15.  0.140000001
  12.  0.140000001
  13.  0.140000001
  11.  0.140000001
  13.  0.140000001
  12.  0.140000001
  11.  0.140000001
  9.  0.140000001
  10.  0.140000001
  13.  0.140000001
  8.  0.140000001
  15.  0.140000001
  11.  0.140000001
  18.  0.140000001
  15.  0.140000001
  16.  0.140000001
  14.  0.140000001
  13.  0.140000001
  12.  0.140000001
  16.  0.140000001
  13.  0.140000001
  16.  0.140000001
  13.  0.140000001
 -1.  0.140000001
  8.  0.140000001
  13.  0.140000001
  10.  0.140000001
  13.  0.140000001
  9.  0.140000001
  15.  0.140000001
  16.  0.140000001
  10.  0.140000001
  14.  0.140000001
  11.  0.140000001
  12.  0.140000001
  11.  0.140000001
  11.  0.140000001
  12.  0.140000001
  12.  0.140000001
  16.  0.140000001
  12.  0.140000001
  14.  0.140000001
  16.  0.140000001
  10.  0.140000001
  12.  0.140000001
  13.  0.140000001
  8.  0.140000001
  14.  0.140000001
  9.  0.140000001
  14.  0.140000001
  13.  0.140000001
  23.  0.140000001
  11.  0.140000001
  12.  0.140000001
  10.  0.140000001
  8.  0.140000001
  14.  0.140000001
  9.  0.140000001
  10.  0.140000001
  19.  0.140000001
  9.  0.140000001
  12.  0.140000001
  18.  0.140000001
  11.  0.140000001
  10.  0.140000001
  16.  0.140000001
  22.  0.140000001
  8.  0.140000001
  7.  0.140000001
  15.  0.140000001
  11.  0.140000001
