  10.  0.289999992
  11.  0.289999992
  9.  0.289999992
 -1.  0.289999992
  15.  0.289999992
  13.  0.289999992
 -1.  0.289999992
  9.  0.289999992
  17.  0.289999992
  15.  0.289999992
  19.  0.289999992
  7.  0.289999992
  13.  0.289999992
 -1.  0.289999992
  11.  0.289999992
  17.  0.289999992
  14.  0.289999992
  17.  0.289999992
  14.  0.289999992
 -1.  0.289999992
  12.  0.289999992
  9.  0.289999992
  11.  0.289999992
  12.  0.289999992
  13.  0.289999992
 -1.  0.289999992
  12.  0.289999992
 -1.  0.289999992
  10.  0.289999992
  10.  0.289999992
  10.  0.289999992
  14.  0.289999992
  10.  0.289999992
 -1.  0.289999992
  13.  0.289999992
  11.  0.289999992
  12.  0.289999992
 -1.  0.289999992
  8.  0.289999992
  15.  0.289999992
 -1.  0.289999992
  9.  0.289999992
  16.  0.289999992
  14.  0.289999992
 -1.  0.289999992
  10.  0.289999992
 -1.  0.289999992
 -1.  0.289999992
  13.  0.289999992
 -1.  0.289999992
 -1.  0.289999992
  13.  0.289999992
  12.  0.289999992
  8.  0.289999992
  9.  0.289999992
  10.  0.289999992
  13.  0.289999992
  17.  0.289999992
  12.  0.289999992
  9.  0.289999992
  15.  0.289999992
  16.  0.289999992
  11.  0.289999992
  1.  0.289999992
  11.  0.289999992
  8.  0.289999992
  13.  0.289999992
  14.  0.289999992
  13.  0.289999992
  16.  0.289999992
  11.  0.289999992
  14.  0.289999992
  12.  0.289999992
  7.  0.289999992
  11.  0.289999992
  20.  0.289999992
  7.  0.289999992
  16.  0.289999992
  14.  0.289999992
  15.  0.289999992
  12.  0.289999992
  8.  0.289999992
  27.  0.289999992
  12.  0.289999992
  10.  0.289999992
 -1.  0.289999992
 -1.  0.289999992
  13.  0.289999992
  14.  0.289999992
  10.  0.289999992
 -1.  0.289999992
  8.  0.289999992
 -1.  0.289999992
 -1.  0.289999992
