  14.  0.329999983
  10.  0.329999983
  10.  0.329999983
  11.  0.329999983
  15.  0.329999983
  2.  0.329999983
  10.  0.329999983
 -1.  0.329999983
  5.  0.329999983
 -1.  0.329999983
  15.  0.329999983
  13.  0.329999983
 -1.  0.329999983
  11.  0.329999983
  15.  0.329999983
  8.  0.329999983
  17.  0.329999983
  13.  0.329999983
  11.  0.329999983
  13.  0.329999983
  13.  0.329999983
  14.  0.329999983
  12.  0.329999983
  12.  0.329999983
  18.  0.329999983
 -1.  0.329999983
 -1.  0.329999983
  15.  0.329999983
  10.  0.329999983
  14.  0.329999983
  20.  0.329999983
  19.  0.329999983
  9.  0.329999983
  8.  0.329999983
  10.  0.329999983
  11.  0.329999983
  8.  0.329999983
  16.  0.329999983
  11.  0.329999983
  12.  0.329999983
  13.  0.329999983
 -1.  0.329999983
  16.  0.329999983
  14.  0.329999983
  12.  0.329999983
  18.  0.329999983
  11.  0.329999983
 -1.  0.329999983
 -1.  0.329999983
 -1.  0.329999983
  11.  0.329999983
  13.  0.329999983
 -1.  0.329999983
  11.  0.329999983
 -1.  0.329999983
  13.  0.329999983
  12.  0.329999983
 -1.  0.329999983
  13.  0.329999983
  12.  0.329999983
  10.  0.329999983
  10.  0.329999983
  14.  0.329999983
  21.  0.329999983
  10.  0.329999983
  11.  0.329999983
  16.  0.329999983
  14.  0.329999983
  14.  0.329999983
  22.  0.329999983
  13.  0.329999983
 -1.  0.329999983
 -1.  0.329999983
  13.  0.329999983
  15.  0.329999983
  9.  0.329999983
  12.  0.329999983
  11.  0.329999983
  6.  0.329999983
  8.  0.329999983
  6.  0.329999983
  10.  0.329999983
  13.  0.329999983
  8.  0.329999983
  14.  0.329999983
  16.  0.329999983
  13.  0.329999983
  13.  0.329999983
  11.  0.329999983
 -1.  0.329999983
  15.  0.329999983
 -1.  0.329999983
  13.  0.329999983
  8.  0.329999983
  12.  0.329999983
