  13.  0.179999992
  13.  0.179999992
  9.  0.179999992
  7.  0.179999992
  15.  0.179999992
  12.  0.179999992
 -1.  0.179999992
  12.  0.179999992
  13.  0.179999992
  17.  0.179999992
  0.  0.179999992
  12.  0.179999992
  11.  0.179999992
  10.  0.179999992
 -1.  0.179999992
  12.  0.179999992
  10.  0.179999992
  15.  0.179999992
  11.  0.179999992
 -1.  0.179999992
  17.  0.179999992
  11.  0.179999992
  11.  0.179999992
  21.  0.179999992
  4.  0.179999992
  16.  0.179999992
  19.  0.179999992
  16.  0.179999992
  15.  0.179999992
  12.  0.179999992
  9.  0.179999992
  8.  0.179999992
  12.  0.179999992
  10.  0.179999992
  11.  0.179999992
  13.  0.179999992
  8.  0.179999992
  13.  0.179999992
  10.  0.179999992
  13.  0.179999992
  16.  0.179999992
  13.  0.179999992
  17.  0.179999992
 -1.  0.179999992
  11.  0.179999992
  8.  0.179999992
  10.  0.179999992
  11.  0.179999992
  10.  0.179999992
  19.  0.179999992
  17.  0.179999992
  21.  0.179999992
  15.  0.179999992
  11.  0.179999992
  9.  0.179999992
  11.  0.179999992
  9.  0.179999992
  13.  0.179999992
  10.  0.179999992
  17.  0.179999992
  16.  0.179999992
  13.  0.179999992
  16.  0.179999992
  18.  0.179999992
  13.  0.179999992
  12.  0.179999992
  12.  0.179999992
  22.  0.179999992
  10.  0.179999992
  8.  0.179999992
  12.  0.179999992
  9.  0.179999992
  13.  0.179999992
  13.  0.179999992
 -1.  0.179999992
  17.  0.179999992
  13.  0.179999992
  8.  0.179999992
  10.  0.179999992
  4.  0.179999992
  11.  0.179999992
 -1.  0.179999992
  14.  0.179999992
  12.  0.179999992
  10.  0.179999992
  17.  0.179999992
 -1.  0.179999992
  7.  0.179999992
 -1.  0.179999992
  12.  0.179999992
  10.  0.179999992
  9.  0.179999992
  13.  0.179999992
  16.  0.179999992
