  9.  0.149999991
  6.  0.149999991
  15.  0.149999991
  11.  0.149999991
  13.  0.149999991
  9.  0.149999991
  13.  0.149999991
  17.  0.149999991
  14.  0.149999991
  9.  0.149999991
  14.  0.149999991
 -1.  0.149999991
  11.  0.149999991
  16.  0.149999991
  11.  0.149999991
  11.  0.149999991
  12.  0.149999991
  12.  0.149999991
  11.  0.149999991
  15.  0.149999991
  10.  0.149999991
  15.  0.149999991
  14.  0.149999991
  12.  0.149999991
  13.  0.149999991
  13.  0.149999991
  13.  0.149999991
  14.  0.149999991
  9.  0.149999991
  9.  0.149999991
  14.  0.149999991
  10.  0.149999991
  13.  0.149999991
  11.  0.149999991
  14.  0.149999991
  13.  0.149999991
  13.  0.149999991
  13.  0.149999991
  7.  0.149999991
  17.  0.149999991
  10.  0.149999991
  12.  0.149999991
  10.  0.149999991
  10.  0.149999991
  13.  0.149999991
  19.  0.149999991
  11.  0.149999991
  7.  0.149999991
  20.  0.149999991
  16.  0.149999991
  8.  0.149999991
  14.  0.149999991
  9.  0.149999991
  8.  0.149999991
  12.  0.149999991
  11.  0.149999991
  14.  0.149999991
  10.  0.149999991
  9.  0.149999991
  13.  0.149999991
  12.  0.149999991
  14.  0.149999991
  11.  0.149999991
  9.  0.149999991
  6.  0.149999991
  13.  0.149999991
  12.  0.149999991
  8.  0.149999991
  14.  0.149999991
  12.  0.149999991
  14.  0.149999991
  14.  0.149999991
  13.  0.149999991
  8.  0.149999991
  14.  0.149999991
  16.  0.149999991
  14.  0.149999991
  9.  0.149999991
  12.  0.149999991
  14.  0.149999991
  12.  0.149999991
 -1.  0.149999991
  12.  0.149999991
  16.  0.149999991
  14.  0.149999991
  15.  0.149999991
  8.  0.149999991
  9.  0.149999991
  12.  0.149999991
  14.  0.149999991
  10.  0.149999991
  10.  0.149999991
  9.  0.149999991
  12.  0.149999991
  18.  0.149999991
  10.  0.149999991
  16.  0.149999991
  15.  0.149999991
  18.  0.149999991
