  15.  0.00999999978
  15.  0.00999999978
  11.  0.00999999978
  12.  0.00999999978
  6.  0.00999999978
  17.  0.00999999978
  19.  0.00999999978
  12.  0.00999999978
  14.  0.00999999978
  12.  0.00999999978
  21.  0.00999999978
  16.  0.00999999978
  13.  0.00999999978
  10.  0.00999999978
  9.  0.00999999978
  13.  0.00999999978
  18.  0.00999999978
  9.  0.00999999978
  18.  0.00999999978
  15.  0.00999999978
  18.  0.00999999978
  16.  0.00999999978
  12.  0.00999999978
  17.  0.00999999978
  12.  0.00999999978
  12.  0.00999999978
  14.  0.00999999978
  16.  0.00999999978
  14.  0.00999999978
  18.  0.00999999978
  14.  0.00999999978
  12.  0.00999999978
  13.  0.00999999978
  12.  0.00999999978
  13.  0.00999999978
  19.  0.00999999978
  14.  0.00999999978
  13.  0.00999999978
  11.  0.00999999978
  17.  0.00999999978
  16.  0.00999999978
  13.  0.00999999978
  11.  0.00999999978
  9.  0.00999999978
  10.  0.00999999978
  13.  0.00999999978
  17.  0.00999999978
  13.  0.00999999978
  9.  0.00999999978
  14.  0.00999999978
  17.  0.00999999978
  18.  0.00999999978
  11.  0.00999999978
  13.  0.00999999978
  10.  0.00999999978
  15.  0.00999999978
  13.  0.00999999978
  14.  0.00999999978
  17.  0.00999999978
  14.  0.00999999978
  10.  0.00999999978
  16.  0.00999999978
  15.  0.00999999978
  8.  0.00999999978
  9.  0.00999999978
  14.  0.00999999978
  17.  0.00999999978
  9.  0.00999999978
  12.  0.00999999978
  21.  0.00999999978
  13.  0.00999999978
  8.  0.00999999978
  16.  0.00999999978
  7.  0.00999999978
  14.  0.00999999978
  12.  0.00999999978
  12.  0.00999999978
  14.  0.00999999978
  10.  0.00999999978
  15.  0.00999999978
  15.  0.00999999978
  10.  0.00999999978
  13.  0.00999999978
  13.  0.00999999978
  9.  0.00999999978
  13.  0.00999999978
  12.  0.00999999978
  15.  0.00999999978
  13.  0.00999999978
  13.  0.00999999978
  18.  0.00999999978
  19.  0.00999999978
  7.  0.00999999978
  14.  0.00999999978
  7.  0.00999999978
  19.  0.00999999978
  13.  0.00999999978
  14.  0.00999999978
  17.  0.00999999978
  16.  0.00999999978
