 -1.  0.25999999
  20.  0.25999999
  15.  0.25999999
  9.  0.25999999
  17.  0.25999999
  13.  0.25999999
  18.  0.25999999
  9.  0.25999999
  7.  0.25999999
  11.  0.25999999
  10.  0.25999999
  9.  0.25999999
 -1.  0.25999999
 -1.  0.25999999
  10.  0.25999999
  19.  0.25999999
  13.  0.25999999
  16.  0.25999999
  9.  0.25999999
  15.  0.25999999
 -1.  0.25999999
  15.  0.25999999
  14.  0.25999999
  14.  0.25999999
  17.  0.25999999
  11.  0.25999999
  11.  0.25999999
  15.  0.25999999
  15.  0.25999999
  18.  0.25999999
  9.  0.25999999
  13.  0.25999999
  11.  0.25999999
  15.  0.25999999
  17.  0.25999999
  22.  0.25999999
  7.  0.25999999
  12.  0.25999999
 -1.  0.25999999
  18.  0.25999999
  3.  0.25999999
  12.  0.25999999
  15.  0.25999999
  12.  0.25999999
  13.  0.25999999
 -1.  0.25999999
  11.  0.25999999
  14.  0.25999999
  13.  0.25999999
  12.  0.25999999
  10.  0.25999999
  14.  0.25999999
  13.  0.25999999
  13.  0.25999999
  13.  0.25999999
 -1.  0.25999999
  11.  0.25999999
  15.  0.25999999
  12.  0.25999999
  11.  0.25999999
  11.  0.25999999
  12.  0.25999999
  11.  0.25999999
  9.  0.25999999
 -1.  0.25999999
  18.  0.25999999
  11.  0.25999999
  15.  0.25999999
  14.  0.25999999
  12.  0.25999999
  5.  0.25999999
 -1.  0.25999999
  12.  0.25999999
  6.  0.25999999
  19.  0.25999999
  10.  0.25999999
  14.  0.25999999
  13.  0.25999999
  13.  0.25999999
  13.  0.25999999
  9.  0.25999999
  9.  0.25999999
  20.  0.25999999
  16.  0.25999999
  12.  0.25999999
  17.  0.25999999
  10.  0.25999999
  10.  0.25999999
 -1.  0.25999999
  8.  0.25999999
 -1.  0.25999999
  13.  0.25999999
  15.  0.25999999
  11.  0.25999999
