  13.  0.310000002
  14.  0.310000002
  29.  0.310000002
  14.  0.310000002
  9.  0.310000002
 -1.  0.310000002
  12.  0.310000002
  11.  0.310000002
  16.  0.310000002
  11.  0.310000002
  12.  0.310000002
 -1.  0.310000002
 -1.  0.310000002
  15.  0.310000002
 -1.  0.310000002
 -1.  0.310000002
  11.  0.310000002
  16.  0.310000002
  16.  0.310000002
  17.  0.310000002
  13.  0.310000002
  19.  0.310000002
  8.  0.310000002
  14.  0.310000002
  10.  0.310000002
  9.  0.310000002
  11.  0.310000002
  18.  0.310000002
  9.  0.310000002
 -1.  0.310000002
  14.  0.310000002
  14.  0.310000002
  10.  0.310000002
  15.  0.310000002
  14.  0.310000002
  12.  0.310000002
 -1.  0.310000002
  17.  0.310000002
  13.  0.310000002
  9.  0.310000002
  14.  0.310000002
  11.  0.310000002
  12.  0.310000002
  11.  0.310000002
  14.  0.310000002
  11.  0.310000002
  13.  0.310000002
 -1.  0.310000002
  6.  0.310000002
  9.  0.310000002
  14.  0.310000002
  13.  0.310000002
  15.  0.310000002
  12.  0.310000002
 -1.  0.310000002
  8.  0.310000002
  10.  0.310000002
 -1.  0.310000002
  9.  0.310000002
  12.  0.310000002
  12.  0.310000002
  16.  0.310000002
  29.  0.310000002
  14.  0.310000002
  10.  0.310000002
  17.  0.310000002
  15.  0.310000002
  14.  0.310000002
  14.  0.310000002
  8.  0.310000002
 -1.  0.310000002
  18.  0.310000002
 -1.  0.310000002
  12.  0.310000002
 -1.  0.310000002
  13.  0.310000002
 -1.  0.310000002
  1.  0.310000002
  13.  0.310000002
  13.  0.310000002
  14.  0.310000002
  14.  0.310000002
  7.  0.310000002
  8.  0.310000002
  1.  0.310000002
 -1.  0.310000002
  1.  0.310000002
  14.  0.310000002
  14.  0.310000002
