  18.  0.159999996
  15.  0.159999996
  11.  0.159999996
  13.  0.159999996
  9.  0.159999996
  14.  0.159999996
  14.  0.159999996
  16.  0.159999996
  11.  0.159999996
  9.  0.159999996
  12.  0.159999996
  11.  0.159999996
 -1.  0.159999996
  16.  0.159999996
  12.  0.159999996
  11.  0.159999996
  15.  0.159999996
  12.  0.159999996
  13.  0.159999996
  14.  0.159999996
  13.  0.159999996
  14.  0.159999996
  15.  0.159999996
  11.  0.159999996
  19.  0.159999996
  13.  0.159999996
  18.  0.159999996
  17.  0.159999996
  13.  0.159999996
  16.  0.159999996
  13.  0.159999996
  11.  0.159999996
  2.  0.159999996
  16.  0.159999996
  14.  0.159999996
  14.  0.159999996
  11.  0.159999996
  9.  0.159999996
  12.  0.159999996
  11.  0.159999996
  11.  0.159999996
  14.  0.159999996
  13.  0.159999996
  8.  0.159999996
  17.  0.159999996
  12.  0.159999996
  13.  0.159999996
  10.  0.159999996
  11.  0.159999996
  16.  0.159999996
  8.  0.159999996
  13.  0.159999996
  15.  0.159999996
  13.  0.159999996
  12.  0.159999996
  9.  0.159999996
  12.  0.159999996
  10.  0.159999996
  12.  0.159999996
  11.  0.159999996
  11.  0.159999996
  13.  0.159999996
  15.  0.159999996
  11.  0.159999996
  11.  0.159999996
  17.  0.159999996
  10.  0.159999996
  9.  0.159999996
  13.  0.159999996
 -1.  0.159999996
  12.  0.159999996
  12.  0.159999996
  10.  0.159999996
  11.  0.159999996
  12.  0.159999996
  10.  0.159999996
  10.  0.159999996
  12.  0.159999996
  11.  0.159999996
  16.  0.159999996
  14.  0.159999996
  13.  0.159999996
  14.  0.159999996
  14.  0.159999996
  13.  0.159999996
  11.  0.159999996
  12.  0.159999996
  15.  0.159999996
  3.  0.159999996
  13.  0.159999996
  10.  0.159999996
  13.  0.159999996
  13.  0.159999996
  11.  0.159999996
