  14.  0.229999989
  14.  0.229999989
  14.  0.229999989
 -1.  0.229999989
  10.  0.229999989
  20.  0.229999989
  11.  0.229999989
  9.  0.229999989
 -1.  0.229999989
  16.  0.229999989
  14.  0.229999989
  12.  0.229999989
 -1.  0.229999989
  7.  0.229999989
  12.  0.229999989
  11.  0.229999989
  13.  0.229999989
  16.  0.229999989
  11.  0.229999989
  8.  0.229999989
  11.  0.229999989
  15.  0.229999989
  14.  0.229999989
  13.  0.229999989
 -1.  0.229999989
  15.  0.229999989
  12.  0.229999989
  12.  0.229999989
  18.  0.229999989
  11.  0.229999989
 -1.  0.229999989
  12.  0.229999989
  13.  0.229999989
  16.  0.229999989
  7.  0.229999989
  10.  0.229999989
 -1.  0.229999989
  12.  0.229999989
  14.  0.229999989
  12.  0.229999989
  10.  0.229999989
  17.  0.229999989
  14.  0.229999989
  8.  0.229999989
  5.  0.229999989
  5.  0.229999989
 -1.  0.229999989
  12.  0.229999989
  9.  0.229999989
  14.  0.229999989
  6.  0.229999989
  15.  0.229999989
  10.  0.229999989
  11.  0.229999989
  15.  0.229999989
  8.  0.229999989
  13.  0.229999989
  11.  0.229999989
  6.  0.229999989
  12.  0.229999989
  14.  0.229999989
  15.  0.229999989
 -1.  0.229999989
  11.  0.229999989
  10.  0.229999989
  13.  0.229999989
  16.  0.229999989
  13.  0.229999989
  11.  0.229999989
  13.  0.229999989
  11.  0.229999989
  7.  0.229999989
  16.  0.229999989
  11.  0.229999989
  17.  0.229999989
  8.  0.229999989
  14.  0.229999989
 -1.  0.229999989
  14.  0.229999989
 -1.  0.229999989
  11.  0.229999989
 -1.  0.229999989
  7.  0.229999989
  7.  0.229999989
  11.  0.229999989
 -1.  0.229999989
  11.  0.229999989
  16.  0.229999989
 -1.  0.229999989
  16.  0.229999989
  14.  0.229999989
  16.  0.229999989
  11.  0.229999989
  10.  0.229999989
 -1.  0.229999989
  8.  0.229999989
