  14.  0.379999995
 -1.  0.379999995
 -1.  0.379999995
  13.  0.379999995
  17.  0.379999995
  11.  0.379999995
  17.  0.379999995
 -1.  0.379999995
  14.  0.379999995
  13.  0.379999995
  32.  0.379999995
  14.  0.379999995
 -1.  0.379999995
  17.  0.379999995
  11.  0.379999995
 -1.  0.379999995
  13.  0.379999995
  12.  0.379999995
  10.  0.379999995
  11.  0.379999995
  15.  0.379999995
 -1.  0.379999995
  13.  0.379999995
  11.  0.379999995
  7.  0.379999995
  12.  0.379999995
 -1.  0.379999995
  9.  0.379999995
  15.  0.379999995
  20.  0.379999995
  14.  0.379999995
  12.  0.379999995
  12.  0.379999995
 -1.  0.379999995
  14.  0.379999995
 -1.  0.379999995
  19.  0.379999995
 -1.  0.379999995
 -1.  0.379999995
  11.  0.379999995
  10.  0.379999995
 -1.  0.379999995
  10.  0.379999995
 -1.  0.379999995
  14.  0.379999995
  16.  0.379999995
  9.  0.379999995
 -1.  0.379999995
  12.  0.379999995
 -1.  0.379999995
  12.  0.379999995
  10.  0.379999995
  21.  0.379999995
  10.  0.379999995
  13.  0.379999995
  10.  0.379999995
  22.  0.379999995
  7.  0.379999995
  15.  0.379999995
  8.  0.379999995
  12.  0.379999995
  13.  0.379999995
  8.  0.379999995
  11.  0.379999995
 -1.  0.379999995
  16.  0.379999995
  12.  0.379999995
 -1.  0.379999995
  10.  0.379999995
  16.  0.379999995
  13.  0.379999995
  13.  0.379999995
  17.  0.379999995
 -1.  0.379999995
  17.  0.379999995
  12.  0.379999995
  17.  0.379999995
  14.  0.379999995
  12.  0.379999995
 -1.  0.379999995
  11.  0.379999995
  13.  0.379999995
 -1.  0.379999995
 -1.  0.379999995
  13.  0.379999995
 -1.  0.379999995
  13.  0.379999995
  12.  0.379999995
  5.  0.379999995
  10.  0.379999995
  11.  0.379999995
  17.  0.379999995
  13.  0.379999995
 -1.  0.379999995
