  9.  0.319999993
  9.  0.319999993
  13.  0.319999993
  17.  0.319999993
  15.  0.319999993
  15.  0.319999993
  15.  0.319999993
  15.  0.319999993
  10.  0.319999993
  12.  0.319999993
  8.  0.319999993
  17.  0.319999993
 -1.  0.319999993
  16.  0.319999993
 -1.  0.319999993
  15.  0.319999993
  13.  0.319999993
  7.  0.319999993
 -1.  0.319999993
  17.  0.319999993
 -1.  0.319999993
  10.  0.319999993
  14.  0.319999993
 -1.  0.319999993
  12.  0.319999993
  10.  0.319999993
  10.  0.319999993
  17.  0.319999993
  9.  0.319999993
  14.  0.319999993
  17.  0.319999993
 -1.  0.319999993
 -1.  0.319999993
 -1.  0.319999993
  8.  0.319999993
  1.  0.319999993
  15.  0.319999993
  8.  0.319999993
  10.  0.319999993
 -1.  0.319999993
  8.  0.319999993
  15.  0.319999993
  9.  0.319999993
  6.  0.319999993
  9.  0.319999993
  14.  0.319999993
  12.  0.319999993
  28.  0.319999993
  13.  0.319999993
  12.  0.319999993
 -1.  0.319999993
  10.  0.319999993
  10.  0.319999993
 -1.  0.319999993
  11.  0.319999993
  12.  0.319999993
  14.  0.319999993
  12.  0.319999993
  13.  0.319999993
 -1.  0.319999993
  15.  0.319999993
  14.  0.319999993
  13.  0.319999993
  15.  0.319999993
  14.  0.319999993
  12.  0.319999993
 -1.  0.319999993
  12.  0.319999993
  11.  0.319999993
  10.  0.319999993
  15.  0.319999993
  13.  0.319999993
  15.  0.319999993
  14.  0.319999993
  10.  0.319999993
  8.  0.319999993
  9.  0.319999993
 -1.  0.319999993
 -1.  0.319999993
  12.  0.319999993
  8.  0.319999993
  10.  0.319999993
  11.  0.319999993
  10.  0.319999993
  12.  0.319999993
  6.  0.319999993
  15.  0.319999993
  14.  0.319999993
  16.  0.319999993
  14.  0.319999993
  9.  0.319999993
  10.  0.319999993
  16.  0.319999993
 -1.  0.319999993
  13.  0.319999993
  13.  0.319999993
  13.  0.319999993
