  66.  0.0299999993
  66.  0.0299999993
  75.  0.0299999993
  82.  0.0299999993
  67.  0.0299999993
  53.  0.0299999993
  96.  0.0299999993
  61.  0.0299999993
  70.  0.0299999993
  74.  0.0299999993
  79.  0.0299999993
  68.  0.0299999993
  62.  0.0299999993
  79.  0.0299999993
  71.  0.0299999993
  71.  0.0299999993
  67.  0.0299999993
  76.  0.0299999993
  73.  0.0299999993
  88.  0.0299999993
  72.  0.0299999993
  79.  0.0299999993
  62.  0.0299999993
  68.  0.0299999993
  72.  0.0299999993
  76.  0.0299999993
  80.  0.0299999993
  79.  0.0299999993
  77.  0.0299999993
  90.  0.0299999993
  69.  0.0299999993
  83.  0.0299999993
  80.  0.0299999993
  66.  0.0299999993
  90.  0.0299999993
  75.  0.0299999993
  66.  0.0299999993
  76.  0.0299999993
  74.  0.0299999993
  59.  0.0299999993
  79.  0.0299999993
  65.  0.0299999993
  72.  0.0299999993
  65.  0.0299999993
  61.  0.0299999993
  75.  0.0299999993
  79.  0.0299999993
  82.  0.0299999993
  62.  0.0299999993
  71.  0.0299999993
  73.  0.0299999993
  73.  0.0299999993
  74.  0.0299999993
  70.  0.0299999993
  66.  0.0299999993
  93.  0.0299999993
  70.  0.0299999993
  67.  0.0299999993
  74.  0.0299999993
  73.  0.0299999993
  64.  0.0299999993
  72.  0.0299999993
  80.  0.0299999993
  63.  0.0299999993
  73.  0.0299999993
  0.  0.0299999993
  73.  0.0299999993
  71.  0.0299999993
  79.  0.0299999993
  64.  0.0299999993
  81.  0.0299999993
  67.  0.0299999993
  65.  0.0299999993
  66.  0.0299999993
  63.  0.0299999993
  62.  0.0299999993
  74.  0.0299999993
  68.  0.0299999993
  80.  0.0299999993
  65.  0.0299999993
  77.  0.0299999993
  81.  0.0299999993
  62.  0.0299999993
  79.  0.0299999993
  71.  0.0299999993
  77.  0.0299999993
  71.  0.0299999993
  62.  0.0299999993
  65.  0.0299999993
  68.  0.0299999993
  65.  0.0299999993
  86.  0.0299999993
  56.  0.0299999993
  81.  0.0299999993
  67.  0.0299999993
  71.  0.0299999993
  81.  0.0299999993
  81.  0.0299999993
