  73.  0.0199999996
  77.  0.0199999996
  72.  0.0199999996
  85.  0.0199999996
  93.  0.0199999996
  70.  0.0199999996
  55.  0.0199999996
  69.  0.0199999996
  86.  0.0199999996
  64.  0.0199999996
  89.  0.0199999996
  72.  0.0199999996
  61.  0.0199999996
  65.  0.0199999996
  56.  0.0199999996
  71.  0.0199999996
  80.  0.0199999996
  58.  0.0199999996
  70.  0.0199999996
  60.  0.0199999996
  79.  0.0199999996
  68.  0.0199999996
  81.  0.0199999996
  63.  0.0199999996
  69.  0.0199999996
  69.  0.0199999996
  74.  0.0199999996
  67.  0.0199999996
  73.  0.0199999996
  81.  0.0199999996
  65.  0.0199999996
  72.  0.0199999996
  77.  0.0199999996
  59.  0.0199999996
  82.  0.0199999996
  81.  0.0199999996
  74.  0.0199999996
  64.  0.0199999996
  79.  0.0199999996
  83.  0.0199999996
  65.  0.0199999996
  66.  0.0199999996
  81.  0.0199999996
  73.  0.0199999996
  70.  0.0199999996
  68.  0.0199999996
  75.  0.0199999996
  73.  0.0199999996
  68.  0.0199999996
  68.  0.0199999996
  69.  0.0199999996
  78.  0.0199999996
  78.  0.0199999996
  64.  0.0199999996
  69.  0.0199999996
  73.  0.0199999996
  74.  0.0199999996
  70.  0.0199999996
  62.  0.0199999996
  73.  0.0199999996
  70.  0.0199999996
  68.  0.0199999996
  77.  0.0199999996
  64.  0.0199999996
  74.  0.0199999996
  69.  0.0199999996
  81.  0.0199999996
  75.  0.0199999996
  62.  0.0199999996
  71.  0.0199999996
  64.  0.0199999996
  76.  0.0199999996
  73.  0.0199999996
  71.  0.0199999996
  73.  0.0199999996
  64.  0.0199999996
  67.  0.0199999996
  74.  0.0199999996
  72.  0.0199999996
  55.  0.0199999996
  76.  0.0199999996
  67.  0.0199999996
  66.  0.0199999996
  64.  0.0199999996
  75.  0.0199999996
  62.  0.0199999996
  79.  0.0199999996
  80.  0.0199999996
  78.  0.0199999996
  71.  0.0199999996
  74.  0.0199999996
  64.  0.0199999996
  82.  0.0199999996
  98.  0.0199999996
  61.  0.0199999996
  74.  0.0199999996
  69.  0.0199999996
  86.  0.0199999996
  65.  0.0199999996
