  74.  0.349999994
  0.  0.349999994
  54.  0.349999994
  59.  0.349999994
  52.  0.349999994
  47.  0.349999994
  0.  0.349999994
  0.  0.349999994
  65.  0.349999994
  70.  0.349999994
  39.  0.349999994
  58.  0.349999994
  53.  0.349999994
  55.  0.349999994
  98.  0.349999994
  48.  0.349999994
  60.  0.349999994
  0.  0.349999994
  61.  0.349999994
  56.  0.349999994
  54.  0.349999994
  78.  0.349999994
  0.  0.349999994
  57.  0.349999994
  47.  0.349999994
  62.  0.349999994
  46.  0.349999994
  37.  0.349999994
  44.  0.349999994
  59.  0.349999994
  51.  0.349999994
  67.  0.349999994
  0.  0.349999994
  60.  0.349999994
  46.  0.349999994
  0.  0.349999994
  46.  0.349999994
  64.  0.349999994
  55.  0.349999994
  73.  0.349999994
  0.  0.349999994
  63.  0.349999994
  0.  0.349999994
  0.  0.349999994
  57.  0.349999994
  49.  0.349999994
  61.  0.349999994
  42.  0.349999994
  69.  0.349999994
  45.  0.349999994
  51.  0.349999994
  46.  0.349999994
  0.  0.349999994
  55.  0.349999994
  38.  0.349999994
  53.  0.349999994
  60.  0.349999994
  0.  0.349999994
  70.  0.349999994
  0.  0.349999994
  0.  0.349999994
  57.  0.349999994
  50.  0.349999994
  0.  0.349999994
  84.  0.349999994
  60.  0.349999994
  0.  0.349999994
  45.  0.349999994
  83.  0.349999994
  48.  0.349999994
  0.  0.349999994
  57.  0.349999994
  0.  0.349999994
  62.  0.349999994
  47.  0.349999994
  51.  0.349999994
  63.  0.349999994
  51.  0.349999994
  46.  0.349999994
  82.  0.349999994
  52.  0.349999994
  0.  0.349999994
  51.  0.349999994
  60.  0.349999994
  72.  0.349999994
  47.  0.349999994
  59.  0.349999994
  0.  0.349999994
  57.  0.349999994
  99.  0.349999994
  55.  0.349999994
  64.  0.349999994
  52.  0.349999994
  58.  0.349999994
  88.  0.349999994
  51.  0.349999994
