  90.  0.409999996
  72.  0.409999996
  47.  0.409999996
  55.  0.409999996
  81.  0.409999996
  70.  0.409999996
  61.  0.409999996
  0.  0.409999996
  62.  0.409999996
  0.  0.409999996
  52.  0.409999996
  49.  0.409999996
  50.  0.409999996
  52.  0.409999996
  0.  0.409999996
  67.  0.409999996
  68.  0.409999996
  0.  0.409999996
  49.  0.409999996
  67.  0.409999996
  83.  0.409999996
  40.  0.409999996
  58.  0.409999996
  0.  0.409999996
  53.  0.409999996
  56.  0.409999996
  0.  0.409999996
  45.  0.409999996
  0.  0.409999996
  51.  0.409999996
  0.  0.409999996
  77.  0.409999996
  45.  0.409999996
  0.  0.409999996
  0.  0.409999996
  58.  0.409999996
  72.  0.409999996
  62.  0.409999996
  53.  0.409999996
  54.  0.409999996
  51.  0.409999996
  78.  0.409999996
  0.  0.409999996
  60.  0.409999996
  0.  0.409999996
  47.  0.409999996
  0.  0.409999996
  70.  0.409999996
  56.  0.409999996
  38.  0.409999996
  56.  0.409999996
  53.  0.409999996
  53.  0.409999996
  50.  0.409999996
  0.  0.409999996
  55.  0.409999996
  0.  0.409999996
  0.  0.409999996
  62.  0.409999996
  58.  0.409999996
  55.  0.409999996
  0.  0.409999996
  58.  0.409999996
  55.  0.409999996
  43.  0.409999996
  0.  0.409999996
  42.  0.409999996
  49.  0.409999996
  0.  0.409999996
  63.  0.409999996
  0.  0.409999996
  45.  0.409999996
  0.  0.409999996
  0.  0.409999996
  77.  0.409999996
  78.  0.409999996
  72.  0.409999996
  53.  0.409999996
  77.  0.409999996
  59.  0.409999996
  49.  0.409999996
  0.  0.409999996
  45.  0.409999996
  43.  0.409999996
  0.  0.409999996
  0.  0.409999996
  76.  0.409999996
  92.  0.409999996
  50.  0.409999996
  53.  0.409999996
  38.  0.409999996
  48.  0.409999996
  0.  0.409999996
  0.  0.409999996
