  68.  0.0399999991
  65.  0.0399999991
  60.  0.0399999991
  79.  0.0399999991
  60.  0.0399999991
  78.  0.0399999991
  73.  0.0399999991
  93.  0.0399999991
  70.  0.0399999991
  75.  0.0399999991
  71.  0.0399999991
  62.  0.0399999991
  61.  0.0399999991
  77.  0.0399999991
  67.  0.0399999991
  70.  0.0399999991
  77.  0.0399999991
  76.  0.0399999991
  73.  0.0399999991
  71.  0.0399999991
  66.  0.0399999991
  82.  0.0399999991
  79.  0.0399999991
  70.  0.0399999991
  62.  0.0399999991
  56.  0.0399999991
  59.  0.0399999991
  73.  0.0399999991
  67.  0.0399999991
  66.  0.0399999991
  81.  0.0399999991
  63.  0.0399999991
  67.  0.0399999991
  85.  0.0399999991
  82.  0.0399999991
  63.  0.0399999991
  82.  0.0399999991
  61.  0.0399999991
  83.  0.0399999991
  73.  0.0399999991
  77.  0.0399999991
  77.  0.0399999991
  70.  0.0399999991
  76.  0.0399999991
  69.  0.0399999991
  70.  0.0399999991
  0.  0.0399999991
  79.  0.0399999991
  74.  0.0399999991
  83.  0.0399999991
  64.  0.0399999991
  74.  0.0399999991
  66.  0.0399999991
  74.  0.0399999991
  64.  0.0399999991
  72.  0.0399999991
  69.  0.0399999991
  72.  0.0399999991
  66.  0.0399999991
  84.  0.0399999991
  70.  0.0399999991
  69.  0.0399999991
  71.  0.0399999991
  73.  0.0399999991
  71.  0.0399999991
  74.  0.0399999991
  71.  0.0399999991
  70.  0.0399999991
  61.  0.0399999991
  80.  0.0399999991
  78.  0.0399999991
  71.  0.0399999991
  69.  0.0399999991
  78.  0.0399999991
  67.  0.0399999991
  76.  0.0399999991
  69.  0.0399999991
  75.  0.0399999991
  65.  0.0399999991
  83.  0.0399999991
  80.  0.0399999991
  78.  0.0399999991
  83.  0.0399999991
  91.  0.0399999991
  61.  0.0399999991
  71.  0.0399999991
  87.  0.0399999991
  91.  0.0399999991
  65.  0.0399999991
  58.  0.0399999991
  66.  0.0399999991
  62.  0.0399999991
  78.  0.0399999991
  73.  0.0399999991
  60.  0.0399999991
  73.  0.0399999991
  62.  0.0399999991
  78.  0.0399999991
  65.  0.0399999991
