  64.  0.170000002
  59.  0.170000002
  0.  0.170000002
  75.  0.170000002
  73.  0.170000002
  61.  0.170000002
  51.  0.170000002
  49.  0.170000002
  65.  0.170000002
  88.  0.170000002
  55.  0.170000002
  70.  0.170000002
  58.  0.170000002
  62.  0.170000002
  69.  0.170000002
  62.  0.170000002
  53.  0.170000002
  66.  0.170000002
  65.  0.170000002
  99.  0.170000002
  62.  0.170000002
  67.  0.170000002
  67.  0.170000002
  59.  0.170000002
  81.  0.170000002
  70.  0.170000002
  68.  0.170000002
  57.  0.170000002
  95.  0.170000002
  60.  0.170000002
  66.  0.170000002
  59.  0.170000002
  59.  0.170000002
  60.  0.170000002
  54.  0.170000002
  72.  0.170000002
  60.  0.170000002
  65.  0.170000002
  58.  0.170000002
  65.  0.170000002
  73.  0.170000002
  51.  0.170000002
  77.  0.170000002
  0.  0.170000002
  0.  0.170000002
  52.  0.170000002
  59.  0.170000002
  59.  0.170000002
  66.  0.170000002
  69.  0.170000002
  64.  0.170000002
  65.  0.170000002
  48.  0.170000002
  73.  0.170000002
  68.  0.170000002
  72.  0.170000002
  72.  0.170000002
  69.  0.170000002
  59.  0.170000002
  58.  0.170000002
  59.  0.170000002
  73.  0.170000002
  64.  0.170000002
  46.  0.170000002
  61.  0.170000002
  75.  0.170000002
  56.  0.170000002
  56.  0.170000002
  81.  0.170000002
  77.  0.170000002
  60.  0.170000002
  64.  0.170000002
  65.  0.170000002
  53.  0.170000002
  61.  0.170000002
  67.  0.170000002
  53.  0.170000002
  70.  0.170000002
  89.  0.170000002
  57.  0.170000002
  53.  0.170000002
  71.  0.170000002
  63.  0.170000002
  57.  0.170000002
  52.  0.170000002
  76.  0.170000002
  59.  0.170000002
  77.  0.170000002
  57.  0.170000002
  69.  0.170000002
  74.  0.170000002
  56.  0.170000002
  65.  0.170000002
  63.  0.170000002
  49.  0.170000002
  59.  0.170000002
  67.  0.170000002
  62.  0.170000002
