  60.  0.209999993
  57.  0.209999993
  50.  0.209999993
  81.  0.209999993
  50.  0.209999993
  56.  0.209999993
  70.  0.209999993
  61.  0.209999993
  60.  0.209999993
  59.  0.209999993
  69.  0.209999993
  78.  0.209999993
  49.  0.209999993
  0.  0.209999993
  80.  0.209999993
  65.  0.209999993
  67.  0.209999993
  59.  0.209999993
  55.  0.209999993
  78.  0.209999993
  60.  0.209999993
  53.  0.209999993
  0.  0.209999993
  79.  0.209999993
  64.  0.209999993
  58.  0.209999993
  0.  0.209999993
  49.  0.209999993
  58.  0.209999993
  52.  0.209999993
  62.  0.209999993
  0.  0.209999993
  56.  0.209999993
  59.  0.209999993
  55.  0.209999993
  49.  0.209999993
  69.  0.209999993
  71.  0.209999993
  0.  0.209999993
  62.  0.209999993
  60.  0.209999993
  60.  0.209999993
  67.  0.209999993
  70.  0.209999993
  68.  0.209999993
  65.  0.209999993
  52.  0.209999993
  94.  0.209999993
  84.  0.209999993
  62.  0.209999993
  69.  0.209999993
  72.  0.209999993
  97.  0.209999993
  57.  0.209999993
  52.  0.209999993
  62.  0.209999993
  61.  0.209999993
  68.  0.209999993
  75.  0.209999993
  77.  0.209999993
  67.  0.209999993
  0.  0.209999993
  77.  0.209999993
  57.  0.209999993
  79.  0.209999993
  67.  0.209999993
  56.  0.209999993
  86.  0.209999993
  55.  0.209999993
  70.  0.209999993
  70.  0.209999993
  90.  0.209999993
  59.  0.209999993
  42.  0.209999993
  54.  0.209999993
  56.  0.209999993
  64.  0.209999993
  56.  0.209999993
  64.  0.209999993
  65.  0.209999993
  70.  0.209999993
  96.  0.209999993
  78.  0.209999993
  58.  0.209999993
  68.  0.209999993
  54.  0.209999993
  62.  0.209999993
  51.  0.209999993
  45.  0.209999993
  68.  0.209999993
  80.  0.209999993
  64.  0.209999993
  51.  0.209999993
  81.  0.209999993
  64.  0.209999993
