  67.  0.129999995
  63.  0.129999995
  62.  0.129999995
  81.  0.129999995
  80.  0.129999995
  76.  0.129999995
  69.  0.129999995
  58.  0.129999995
  61.  0.129999995
  75.  0.129999995
  56.  0.129999995
  73.  0.129999995
  87.  0.129999995
  61.  0.129999995
  77.  0.129999995
  64.  0.129999995
  65.  0.129999995
  50.  0.129999995
  80.  0.129999995
  67.  0.129999995
  65.  0.129999995
  82.  0.129999995
  61.  0.129999995
  45.  0.129999995
  64.  0.129999995
  63.  0.129999995
  81.  0.129999995
  63.  0.129999995
  64.  0.129999995
  0.  0.129999995
  64.  0.129999995
  58.  0.129999995
  71.  0.129999995
  58.  0.129999995
  0.  0.129999995
  63.  0.129999995
  55.  0.129999995
  79.  0.129999995
  56.  0.129999995
  73.  0.129999995
  62.  0.129999995
  64.  0.129999995
  66.  0.129999995
  65.  0.129999995
  61.  0.129999995
  66.  0.129999995
  64.  0.129999995
  75.  0.129999995
  71.  0.129999995
  63.  0.129999995
  73.  0.129999995
  65.  0.129999995
  53.  0.129999995
  73.  0.129999995
  72.  0.129999995
  63.  0.129999995
  74.  0.129999995
  79.  0.129999995
  92.  0.129999995
  73.  0.129999995
  70.  0.129999995
  63.  0.129999995
  59.  0.129999995
  53.  0.129999995
  98.  0.129999995
  51.  0.129999995
  86.  0.129999995
  69.  0.129999995
  71.  0.129999995
  61.  0.129999995
  62.  0.129999995
  69.  0.129999995
  56.  0.129999995
  63.  0.129999995
  66.  0.129999995
  53.  0.129999995
  70.  0.129999995
  57.  0.129999995
  66.  0.129999995
  68.  0.129999995
  62.  0.129999995
  61.  0.129999995
  66.  0.129999995
  62.  0.129999995
  88.  0.129999995
  65.  0.129999995
  63.  0.129999995
  60.  0.129999995
  75.  0.129999995
  70.  0.129999995
  58.  0.129999995
  81.  0.129999995
  70.  0.129999995
  67.  0.129999995
  69.  0.129999995
  69.  0.129999995
