  70.  0.159999996
  68.  0.159999996
  52.  0.159999996
  65.  0.159999996
  71.  0.159999996
  53.  0.159999996
  75.  0.159999996
  74.  0.159999996
  48.  0.159999996
  65.  0.159999996
  97.  0.159999996
  57.  0.159999996
  0.  0.159999996
  49.  0.159999996
  65.  0.159999996
  94.  0.159999996
  68.  0.159999996
  67.  0.159999996
  62.  0.159999996
  55.  0.159999996
  64.  0.159999996
  89.  0.159999996
  60.  0.159999996
  74.  0.159999996
  65.  0.159999996
  69.  0.159999996
  100.  0.159999996
  72.  0.159999996
  57.  0.159999996
  77.  0.159999996
  60.  0.159999996
  62.  0.159999996
  56.  0.159999996
  59.  0.159999996
  72.  0.159999996
  68.  0.159999996
  58.  0.159999996
  55.  0.159999996
  68.  0.159999996
  76.  0.159999996
  71.  0.159999996
  59.  0.159999996
  64.  0.159999996
  51.  0.159999996
  68.  0.159999996
  64.  0.159999996
  63.  0.159999996
  57.  0.159999996
  64.  0.159999996
  75.  0.159999996
  64.  0.159999996
  66.  0.159999996
  65.  0.159999996
  63.  0.159999996
  63.  0.159999996
  61.  0.159999996
  70.  0.159999996
  69.  0.159999996
  61.  0.159999996
  68.  0.159999996
  62.  0.159999996
  62.  0.159999996
  81.  0.159999996
  63.  0.159999996
  51.  0.159999996
  63.  0.159999996
  69.  0.159999996
  92.  0.159999996
  60.  0.159999996
  0.  0.159999996
  54.  0.159999996
  59.  0.159999996
  84.  0.159999996
  56.  0.159999996
  77.  0.159999996
  82.  0.159999996
  73.  0.159999996
  76.  0.159999996
  82.  0.159999996
  69.  0.159999996
  67.  0.159999996
  66.  0.159999996
  72.  0.159999996
  60.  0.159999996
  63.  0.159999996
  79.  0.159999996
  74.  0.159999996
  59.  0.159999996
  49.  0.159999996
  68.  0.159999996
  65.  0.159999996
  94.  0.159999996
  70.  0.159999996
  74.  0.159999996
