  65.  0.140000001
  62.  0.140000001
  60.  0.140000001
  70.  0.140000001
  70.  0.140000001
  70.  0.140000001
  69.  0.140000001
  57.  0.140000001
  69.  0.140000001
  86.  0.140000001
  63.  0.140000001
  71.  0.140000001
  66.  0.140000001
  75.  0.140000001
  66.  0.140000001
  69.  0.140000001
  68.  0.140000001
  61.  0.140000001
  71.  0.140000001
  87.  0.140000001
  61.  0.140000001
  69.  0.140000001
  70.  0.140000001
  72.  0.140000001
  82.  0.140000001
  67.  0.140000001
  84.  0.140000001
  52.  0.140000001
  69.  0.140000001
  51.  0.140000001
  66.  0.140000001
  80.  0.140000001
  74.  0.140000001
  64.  0.140000001
  69.  0.140000001
  66.  0.140000001
  65.  0.140000001
  60.  0.140000001
  63.  0.140000001
  68.  0.140000001
  58.  0.140000001
  64.  0.140000001
  68.  0.140000001
  68.  0.140000001
  58.  0.140000001
  59.  0.140000001
  71.  0.140000001
  75.  0.140000001
  0.  0.140000001
  49.  0.140000001
  60.  0.140000001
  64.  0.140000001
  60.  0.140000001
  46.  0.140000001
  88.  0.140000001
  73.  0.140000001
  77.  0.140000001
  58.  0.140000001
  65.  0.140000001
  54.  0.140000001
  81.  0.140000001
  71.  0.140000001
  57.  0.140000001
  81.  0.140000001
  63.  0.140000001
  72.  0.140000001
  56.  0.140000001
  78.  0.140000001
  67.  0.140000001
  60.  0.140000001
  71.  0.140000001
  54.  0.140000001
  78.  0.140000001
  55.  0.140000001
  70.  0.140000001
  71.  0.140000001
  89.  0.140000001
  61.  0.140000001
  93.  0.140000001
  55.  0.140000001
  65.  0.140000001
  64.  0.140000001
  63.  0.140000001
  58.  0.140000001
  63.  0.140000001
  55.  0.140000001
  73.  0.140000001
  67.  0.140000001
  59.  0.140000001
  63.  0.140000001
  60.  0.140000001
  74.  0.140000001
  66.  0.140000001
  98.  0.140000001
  66.  0.140000001
  60.  0.140000001
