  94.  0.149999991
  56.  0.149999991
  66.  0.149999991
  62.  0.149999991
  68.  0.149999991
  63.  0.149999991
  63.  0.149999991
  61.  0.149999991
  67.  0.149999991
  54.  0.149999991
  60.  0.149999991
  0.  0.149999991
  63.  0.149999991
  69.  0.149999991
  65.  0.149999991
  64.  0.149999991
  92.  0.149999991
  63.  0.149999991
  68.  0.149999991
  70.  0.149999991
  62.  0.149999991
  60.  0.149999991
  58.  0.149999991
  77.  0.149999991
  58.  0.149999991
  59.  0.149999991
  61.  0.149999991
  62.  0.149999991
  55.  0.149999991
  61.  0.149999991
  67.  0.149999991
  69.  0.149999991
  74.  0.149999991
  58.  0.149999991
  64.  0.149999991
  62.  0.149999991
  66.  0.149999991
  76.  0.149999991
  83.  0.149999991
  59.  0.149999991
  79.  0.149999991
  59.  0.149999991
  56.  0.149999991
  61.  0.149999991
  82.  0.149999991
  58.  0.149999991
  86.  0.149999991
  65.  0.149999991
  61.  0.149999991
  62.  0.149999991
  58.  0.149999991
  63.  0.149999991
  62.  0.149999991
  78.  0.149999991
  67.  0.149999991
  72.  0.149999991
  69.  0.149999991
  74.  0.149999991
  100.  0.149999991
  66.  0.149999991
  62.  0.149999991
  98.  0.149999991
  63.  0.149999991
  66.  0.149999991
  51.  0.149999991
  61.  0.149999991
  94.  0.149999991
  64.  0.149999991
  96.  0.149999991
  58.  0.149999991
  83.  0.149999991
  59.  0.149999991
  62.  0.149999991
  61.  0.149999991
  76.  0.149999991
  78.  0.149999991
  65.  0.149999991
  73.  0.149999991
  65.  0.149999991
  56.  0.149999991
  58.  0.149999991
  0.  0.149999991
  73.  0.149999991
  59.  0.149999991
  98.  0.149999991
  70.  0.149999991
  66.  0.149999991
  74.  0.149999991
  73.  0.149999991
  57.  0.149999991
  75.  0.149999991
  59.  0.149999991
  84.  0.149999991
  65.  0.149999991
  72.  0.149999991
  53.  0.149999991
  98.  0.149999991
  63.  0.149999991
  69.  0.149999991
