  84.  0.00999999978
  76.  0.00999999978
  72.  0.00999999978
  93.  0.00999999978
  79.  0.00999999978
  77.  0.00999999978
  66.  0.00999999978
  99.  0.00999999978
  64.  0.00999999978
  71.  0.00999999978
  68.  0.00999999978
  86.  0.00999999978
  78.  0.00999999978
  61.  0.00999999978
  98.  0.00999999978
  83.  0.00999999978
  75.  0.00999999978
  94.  0.00999999978
  66.  0.00999999978
  71.  0.00999999978
  74.  0.00999999978
  85.  0.00999999978
  98.  0.00999999978
  66.  0.00999999978
  64.  0.00999999978
  71.  0.00999999978
  79.  0.00999999978
  88.  0.00999999978
  87.  0.00999999978
  79.  0.00999999978
  80.  0.00999999978
  72.  0.00999999978
  78.  0.00999999978
  63.  0.00999999978
  80.  0.00999999978
  68.  0.00999999978
  62.  0.00999999978
  74.  0.00999999978
  73.  0.00999999978
  77.  0.00999999978
  79.  0.00999999978
  80.  0.00999999978
  69.  0.00999999978
  67.  0.00999999978
  94.  0.00999999978
  61.  0.00999999978
  92.  0.00999999978
  81.  0.00999999978
  97.  0.00999999978
  70.  0.00999999978
  79.  0.00999999978
  79.  0.00999999978
  80.  0.00999999978
  76.  0.00999999978
  77.  0.00999999978
  87.  0.00999999978
  95.  0.00999999978
  77.  0.00999999978
  66.  0.00999999978
  76.  0.00999999978
  83.  0.00999999978
  69.  0.00999999978
  59.  0.00999999978
  76.  0.00999999978
  71.  0.00999999978
  68.  0.00999999978
  74.  0.00999999978
  68.  0.00999999978
  60.  0.00999999978
  68.  0.00999999978
  62.  0.00999999978
  66.  0.00999999978
  77.  0.00999999978
  58.  0.00999999978
  75.  0.00999999978
  82.  0.00999999978
  72.  0.00999999978
  84.  0.00999999978
  80.  0.00999999978
  66.  0.00999999978
  80.  0.00999999978
  87.  0.00999999978
  78.  0.00999999978
  65.  0.00999999978
  64.  0.00999999978
  93.  0.00999999978
  83.  0.00999999978
  73.  0.00999999978
  84.  0.00999999978
  82.  0.00999999978
  70.  0.00999999978
  66.  0.00999999978
  69.  0.00999999978
  65.  0.00999999978
  79.  0.00999999978
  73.  0.00999999978
  67.  0.00999999978
  75.  0.00999999978
  69.  0.00999999978
  70.  0.00999999978
