  78.  0.109999999
  57.  0.109999999
  88.  0.109999999
  59.  0.109999999
  0.  0.109999999
  0.  0.109999999
  88.  0.109999999
  66.  0.109999999
  73.  0.109999999
  90.  0.109999999
  61.  0.109999999
  60.  0.109999999
  74.  0.109999999
  68.  0.109999999
  61.  0.109999999
  73.  0.109999999
  64.  0.109999999
  72.  0.109999999
  46.  0.109999999
  65.  0.109999999
  74.  0.109999999
  71.  0.109999999
  0.  0.109999999
  67.  0.109999999
  84.  0.109999999
  70.  0.109999999
  60.  0.109999999
  70.  0.109999999
  69.  0.109999999
  73.  0.109999999
  71.  0.109999999
  69.  0.109999999
  57.  0.109999999
  89.  0.109999999
  78.  0.109999999
  69.  0.109999999
  67.  0.109999999
  68.  0.109999999
  67.  0.109999999
  76.  0.109999999
  66.  0.109999999
  60.  0.109999999
  62.  0.109999999
  61.  0.109999999
  58.  0.109999999
  75.  0.109999999
  62.  0.109999999
  60.  0.109999999
  73.  0.109999999
  57.  0.109999999
  62.  0.109999999
  68.  0.109999999
  62.  0.109999999
  47.  0.109999999
  68.  0.109999999
  65.  0.109999999
  67.  0.109999999
  70.  0.109999999
  64.  0.109999999
  69.  0.109999999
  63.  0.109999999
  51.  0.109999999
  68.  0.109999999
  65.  0.109999999
  66.  0.109999999
  54.  0.109999999
  0.  0.109999999
  79.  0.109999999
  61.  0.109999999
  82.  0.109999999
  83.  0.109999999
  73.  0.109999999
  64.  0.109999999
  65.  0.109999999
  71.  0.109999999
  65.  0.109999999
  57.  0.109999999
  67.  0.109999999
  67.  0.109999999
  58.  0.109999999
  62.  0.109999999
  83.  0.109999999
  76.  0.109999999
  65.  0.109999999
  76.  0.109999999
  80.  0.109999999
  71.  0.109999999
  69.  0.109999999
  76.  0.109999999
  67.  0.109999999
  62.  0.109999999
  62.  0.109999999
  68.  0.109999999
  55.  0.109999999
  63.  0.109999999
