  58.  0.310000002
  69.  0.310000002
  59.  0.310000002
  51.  0.310000002
  55.  0.310000002
  0.  0.310000002
  53.  0.310000002
  67.  0.310000002
  50.  0.310000002
  64.  0.310000002
  70.  0.310000002
  0.  0.310000002
  0.  0.310000002
  80.  0.310000002
  0.  0.310000002
  0.  0.310000002
  52.  0.310000002
  47.  0.310000002
  59.  0.310000002
  53.  0.310000002
  79.  0.310000002
  65.  0.310000002
  70.  0.310000002
  50.  0.310000002
  73.  0.310000002
  58.  0.310000002
  53.  0.310000002
  56.  0.310000002
  67.  0.310000002
  0.  0.310000002
  67.  0.310000002
  63.  0.310000002
  57.  0.310000002
  72.  0.310000002
  68.  0.310000002
  56.  0.310000002
  0.  0.310000002
  61.  0.310000002
  65.  0.310000002
  73.  0.310000002
  76.  0.310000002
  48.  0.310000002
  70.  0.310000002
  52.  0.310000002
  85.  0.310000002
  60.  0.310000002
  54.  0.310000002
  0.  0.310000002
  45.  0.310000002
  64.  0.310000002
  53.  0.310000002
  66.  0.310000002
  53.  0.310000002
  45.  0.310000002
  0.  0.310000002
  57.  0.310000002
  64.  0.310000002
  0.  0.310000002
  76.  0.310000002
  58.  0.310000002
  62.  0.310000002
  58.  0.310000002
  99.  0.310000002
  43.  0.310000002
  72.  0.310000002
  59.  0.310000002
  57.  0.310000002
  69.  0.310000002
  51.  0.310000002
  99.  0.310000002
  0.  0.310000002
  43.  0.310000002
  0.  0.310000002
  82.  0.310000002
  0.  0.310000002
  50.  0.310000002
  0.  0.310000002
  42.  0.310000002
  54.  0.310000002
  59.  0.310000002
  63.  0.310000002
  56.  0.310000002
  62.  0.310000002
  46.  0.310000002
  50.  0.310000002
  0.  0.310000002
  47.  0.310000002
  49.  0.310000002
  93.  0.310000002
