  53.  0.389999986
  0.  0.389999986
  0.  0.389999986
  0.  0.389999986
  0.  0.389999986
  86.  0.389999986
  62.  0.389999986
  54.  0.389999986
  60.  0.389999986
  0.  0.389999986
  62.  0.389999986
  0.  0.389999986
  0.  0.389999986
  54.  0.389999986
  48.  0.389999986
  40.  0.389999986
  61.  0.389999986
  59.  0.389999986
  56.  0.389999986
  54.  0.389999986
  0.  0.389999986
  57.  0.389999986
  45.  0.389999986
  53.  0.389999986
  80.  0.389999986
  49.  0.389999986
  58.  0.389999986
  66.  0.389999986
  77.  0.389999986
  56.  0.389999986
  57.  0.389999986
  56.  0.389999986
  59.  0.389999986
  58.  0.389999986
  99.  0.389999986
  0.  0.389999986
  56.  0.389999986
  0.  0.389999986
  49.  0.389999986
  0.  0.389999986
  41.  0.389999986
  77.  0.389999986
  0.  0.389999986
  0.  0.389999986
  56.  0.389999986
  0.  0.389999986
  0.  0.389999986
  49.  0.389999986
  58.  0.389999986
  90.  0.389999986
  56.  0.389999986
  57.  0.389999986
  64.  0.389999986
  50.  0.389999986
  0.  0.389999986
  0.  0.389999986
  58.  0.389999986
  0.  0.389999986
  0.  0.389999986
  61.  0.389999986
  0.  0.389999986
  39.  0.389999986
  99.  0.389999986
  52.  0.389999986
  51.  0.389999986
  62.  0.389999986
  57.  0.389999986
  70.  0.389999986
  0.  0.389999986
  57.  0.389999986
  45.  0.389999986
  0.  0.389999986
  54.  0.389999986
  56.  0.389999986
  54.  0.389999986
  62.  0.389999986
  59.  0.389999986
  53.  0.389999986
  0.  0.389999986
  84.  0.389999986
  53.  0.389999986
  48.  0.389999986
  50.  0.389999986
  0.  0.389999986
  0.  0.389999986
  81.  0.389999986
  0.  0.389999986
  56.  0.389999986
  59.  0.389999986
  55.  0.389999986
