  52.  0.48999998
  99.  0.48999998
  72.  0.48999998
  65.  0.48999998
  0.  0.48999998
  0.  0.48999998
  0.  0.48999998
  0.  0.48999998
  73.  0.48999998
  50.  0.48999998
  47.  0.48999998
  0.  0.48999998
  45.  0.48999998
  0.  0.48999998
  56.  0.48999998
  77.  0.48999998
  71.  0.48999998
  48.  0.48999998
  38.  0.48999998
  52.  0.48999998
  51.  0.48999998
  0.  0.48999998
  0.  0.48999998
  55.  0.48999998
  60.  0.48999998
  56.  0.48999998
  72.  0.48999998
  68.  0.48999998
  41.  0.48999998
  0.  0.48999998
  45.  0.48999998
  0.  0.48999998
  0.  0.48999998
  0.  0.48999998
  0.  0.48999998
  0.  0.48999998
  0.  0.48999998
  0.  0.48999998
  61.  0.48999998
  0.  0.48999998
  58.  0.48999998
  0.  0.48999998
  50.  0.48999998
  0.  0.48999998
  0.  0.48999998
  56.  0.48999998
  71.  0.48999998
  74.  0.48999998
  0.  0.48999998
  64.  0.48999998
  0.  0.48999998
  50.  0.48999998
  0.  0.48999998
  0.  0.48999998
  0.  0.48999998
  98.  0.48999998
  0.  0.48999998
  83.  0.48999998
  50.  0.48999998
  54.  0.48999998
  0.  0.48999998
  0.  0.48999998
  41.  0.48999998
  62.  0.48999998
  56.  0.48999998
  58.  0.48999998
  0.  0.48999998
  0.  0.48999998
  58.  0.48999998
  0.  0.48999998
  0.  0.48999998
  0.  0.48999998
  0.  0.48999998
  55.  0.48999998
  48.  0.48999998
  97.  0.48999998
  0.  0.48999998
  0.  0.48999998
  63.  0.48999998
  98.  0.48999998
  0.  0.48999998
  0.  0.48999998
  43.  0.48999998
  48.  0.48999998
  0.  0.48999998
  0.  0.48999998
  55.  0.48999998
  0.  0.48999998
  62.  0.48999998
  79.  0.48999998
  59.  0.48999998
  0.  0.48999998
  60.  0.48999998
  0.  0.48999998
  59.  0.48999998
  52.  0.48999998
  54.  0.48999998
  60.  0.48999998
