  0.  0.399999976
  72.  0.399999976
  69.  0.399999976
  50.  0.399999976
  0.  0.399999976
  0.  0.399999976
  66.  0.399999976
  0.  0.399999976
  0.  0.399999976
  0.  0.399999976
  58.  0.399999976
  0.  0.399999976
  49.  0.399999976
  0.  0.399999976
  0.  0.399999976
  67.  0.399999976
  0.  0.399999976
  0.  0.399999976
  0.  0.399999976
  33.  0.399999976
  62.  0.399999976
  0.  0.399999976
  0.  0.399999976
  0.  0.399999976
  55.  0.399999976
  69.  0.399999976
  69.  0.399999976
  78.  0.399999976
  54.  0.399999976
  46.  0.399999976
  49.  0.399999976
  0.  0.399999976
  48.  0.399999976
  49.  0.399999976
  62.  0.399999976
  33.  0.399999976
  70.  0.399999976
  55.  0.399999976
  54.  0.399999976
  62.  0.399999976
  51.  0.399999976
  0.  0.399999976
  61.  0.399999976
  0.  0.399999976
  64.  0.399999976
  0.  0.399999976
  49.  0.399999976
  64.  0.399999976
  0.  0.399999976
  0.  0.399999976
  55.  0.399999976
  66.  0.399999976
  54.  0.399999976
  0.  0.399999976
  56.  0.399999976
  43.  0.399999976
  62.  0.399999976
  43.  0.399999976
  59.  0.399999976
  0.  0.399999976
  57.  0.399999976
  0.  0.399999976
  74.  0.399999976
  0.  0.399999976
  97.  0.399999976
  55.  0.399999976
  61.  0.399999976
  52.  0.399999976
  0.  0.399999976
  52.  0.399999976
  73.  0.399999976
  49.  0.399999976
  0.  0.399999976
  60.  0.399999976
  0.  0.399999976
  72.  0.399999976
  64.  0.399999976
  0.  0.399999976
  0.  0.399999976
  52.  0.399999976
  75.  0.399999976
  58.  0.399999976
  0.  0.399999976
  56.  0.399999976
  50.  0.399999976
  56.  0.399999976
  85.  0.399999976
  67.  0.399999976
  54.  0.399999976
  52.  0.399999976
  68.  0.399999976
  41.  0.399999976
  57.  0.399999976
  57.  0.399999976
  44.  0.399999976
  73.  0.399999976
