  61.  0.329999983
  66.  0.329999983
  52.  0.329999983
  47.  0.329999983
  80.  0.329999983
  72.  0.329999983
  49.  0.329999983
  0.  0.329999983
  48.  0.329999983
  0.  0.329999983
  52.  0.329999983
  59.  0.329999983
  0.  0.329999983
  91.  0.329999983
  49.  0.329999983
  70.  0.329999983
  38.  0.329999983
  64.  0.329999983
  52.  0.329999983
  53.  0.329999983
  64.  0.329999983
  62.  0.329999983
  50.  0.329999983
  51.  0.329999983
  49.  0.329999983
  0.  0.329999983
  0.  0.329999983
  80.  0.329999983
  60.  0.329999983
  60.  0.329999983
  57.  0.329999983
  67.  0.329999983
  57.  0.329999983
  80.  0.329999983
  54.  0.329999983
  75.  0.329999983
  61.  0.329999983
  58.  0.329999983
  60.  0.329999983
  53.  0.329999983
  50.  0.329999983
  0.  0.329999983
  78.  0.329999983
  50.  0.329999983
  67.  0.329999983
  81.  0.329999983
  72.  0.329999983
  0.  0.329999983
  0.  0.329999983
  0.  0.329999983
  47.  0.329999983
  60.  0.329999983
  0.  0.329999983
  53.  0.329999983
  0.  0.329999983
  54.  0.329999983
  66.  0.329999983
  0.  0.329999983
  53.  0.329999983
  67.  0.329999983
  76.  0.329999983
  47.  0.329999983
  63.  0.329999983
  45.  0.329999983
  59.  0.329999983
  50.  0.329999983
  66.  0.329999983
  70.  0.329999983
  53.  0.329999983
  91.  0.329999983
  100.  0.329999983
  0.  0.329999983
  0.  0.329999983
  93.  0.329999983
  49.  0.329999983
  60.  0.329999983
  57.  0.329999983
  61.  0.329999983
  53.  0.329999983
  60.  0.329999983
  48.  0.329999983
  79.  0.329999983
  58.  0.329999983
  72.  0.329999983
  58.  0.329999983
  56.  0.329999983
  58.  0.329999983
  58.  0.329999983
  59.  0.329999983
  0.  0.329999983
  75.  0.329999983
  0.  0.329999983
  68.  0.329999983
  72.  0.329999983
  65.  0.329999983
