  70.  0.219999999
  59.  0.219999999
  52.  0.219999999
  57.  0.219999999
  63.  0.219999999
  60.  0.219999999
  56.  0.219999999
  60.  0.219999999
  77.  0.219999999
  54.  0.219999999
  58.  0.219999999
  53.  0.219999999
  58.  0.219999999
  58.  0.219999999
  84.  0.219999999
  59.  0.219999999
  58.  0.219999999
  68.  0.219999999
  0.  0.219999999
  94.  0.219999999
  70.  0.219999999
  68.  0.219999999
  47.  0.219999999
  70.  0.219999999
  85.  0.219999999
  53.  0.219999999
  71.  0.219999999
  50.  0.219999999
  0.  0.219999999
  60.  0.219999999
  64.  0.219999999
  66.  0.219999999
  59.  0.219999999
  57.  0.219999999
  65.  0.219999999
  57.  0.219999999
  53.  0.219999999
  60.  0.219999999
  65.  0.219999999
  50.  0.219999999
  63.  0.219999999
  63.  0.219999999
  57.  0.219999999
  88.  0.219999999
  60.  0.219999999
  66.  0.219999999
  59.  0.219999999
  59.  0.219999999
  57.  0.219999999
  67.  0.219999999
  65.  0.219999999
  80.  0.219999999
  76.  0.219999999
  56.  0.219999999
  91.  0.219999999
  71.  0.219999999
  76.  0.219999999
  64.  0.219999999
  68.  0.219999999
  80.  0.219999999
  56.  0.219999999
  60.  0.219999999
  0.  0.219999999
  69.  0.219999999
  58.  0.219999999
  69.  0.219999999
  54.  0.219999999
  59.  0.219999999
  94.  0.219999999
  92.  0.219999999
  68.  0.219999999
  65.  0.219999999
  62.  0.219999999
  72.  0.219999999
  86.  0.219999999
  70.  0.219999999
  60.  0.219999999
  54.  0.219999999
  76.  0.219999999
  53.  0.219999999
  0.  0.219999999
  0.  0.219999999
  71.  0.219999999
  81.  0.219999999
  75.  0.219999999
  0.  0.219999999
  67.  0.219999999
  68.  0.219999999
  53.  0.219999999
  68.  0.219999999
  79.  0.219999999
  62.  0.219999999
  66.  0.219999999
  55.  0.219999999
  68.  0.219999999
  63.  0.219999999
  68.  0.219999999
  72.  0.219999999
