  56.  0.269999981
  74.  0.269999981
  53.  0.269999981
  62.  0.269999981
  59.  0.269999981
  64.  0.269999981
  61.  0.269999981
  61.  0.269999981
  97.  0.269999981
  58.  0.269999981
  78.  0.269999981
  67.  0.269999981
  92.  0.269999981
  65.  0.269999981
  55.  0.269999981
  0.  0.269999981
  58.  0.269999981
  0.  0.269999981
  54.  0.269999981
  69.  0.269999981
  56.  0.269999981
  61.  0.269999981
  61.  0.269999981
  49.  0.269999981
  0.  0.269999981
  50.  0.269999981
  55.  0.269999981
  79.  0.269999981
  57.  0.269999981
  71.  0.269999981
  47.  0.269999981
  71.  0.269999981
  58.  0.269999981
  63.  0.269999981
  66.  0.269999981
  41.  0.269999981
  76.  0.269999981
  57.  0.269999981
  65.  0.269999981
  56.  0.269999981
  64.  0.269999981
  53.  0.269999981
  90.  0.269999981
  64.  0.269999981
  54.  0.269999981
  46.  0.269999981
  54.  0.269999981
  71.  0.269999981
  88.  0.269999981
  80.  0.269999981
  62.  0.269999981
  63.  0.269999981
  63.  0.269999981
  52.  0.269999981
  93.  0.269999981
  58.  0.269999981
  69.  0.269999981
  83.  0.269999981
  0.  0.269999981
  91.  0.269999981
  46.  0.269999981
  60.  0.269999981
  54.  0.269999981
  57.  0.269999981
  93.  0.269999981
  57.  0.269999981
  53.  0.269999981
  65.  0.269999981
  70.  0.269999981
  54.  0.269999981
  56.  0.269999981
  58.  0.269999981
  0.  0.269999981
  57.  0.269999981
  67.  0.269999981
  0.  0.269999981
  58.  0.269999981
  60.  0.269999981
  53.  0.269999981
  67.  0.269999981
  79.  0.269999981
  66.  0.269999981
  79.  0.269999981
  0.  0.269999981
  0.  0.269999981
  54.  0.269999981
  48.  0.269999981
  84.  0.269999981
  51.  0.269999981
  92.  0.269999981
  68.  0.269999981
  62.  0.269999981
  55.  0.269999981
  54.  0.269999981
  59.  0.269999981
  0.  0.269999981
  55.  0.269999981
