  78.  0.0799999982
  89.  0.0799999982
  67.  0.0799999982
  59.  0.0799999982
  69.  0.0799999982
  74.  0.0799999982
  69.  0.0799999982
  77.  0.0799999982
  72.  0.0799999982
  64.  0.0799999982
  64.  0.0799999982
  68.  0.0799999982
  93.  0.0799999982
  80.  0.0799999982
  67.  0.0799999982
  83.  0.0799999982
  72.  0.0799999982
  67.  0.0799999982
  69.  0.0799999982
  54.  0.0799999982
  96.  0.0799999982
  80.  0.0799999982
  70.  0.0799999982
  71.  0.0799999982
  63.  0.0799999982
  64.  0.0799999982
  0.  0.0799999982
  81.  0.0799999982
  0.  0.0799999982
  63.  0.0799999982
  57.  0.0799999982
  83.  0.0799999982
  64.  0.0799999982
  63.  0.0799999982
  68.  0.0799999982
  63.  0.0799999982
  61.  0.0799999982
  77.  0.0799999982
  80.  0.0799999982
  53.  0.0799999982
  70.  0.0799999982
  63.  0.0799999982
  55.  0.0799999982
  73.  0.0799999982
  69.  0.0799999982
  72.  0.0799999982
  68.  0.0799999982
  66.  0.0799999982
  63.  0.0799999982
  70.  0.0799999982
  83.  0.0799999982
  71.  0.0799999982
  62.  0.0799999982
  69.  0.0799999982
  72.  0.0799999982
  69.  0.0799999982
  59.  0.0799999982
  61.  0.0799999982
  58.  0.0799999982
  63.  0.0799999982
  59.  0.0799999982
  71.  0.0799999982
  61.  0.0799999982
  72.  0.0799999982
  76.  0.0799999982
  65.  0.0799999982
  61.  0.0799999982
  58.  0.0799999982
  84.  0.0799999982
  79.  0.0799999982
  60.  0.0799999982
  71.  0.0799999982
  74.  0.0799999982
  74.  0.0799999982
  81.  0.0799999982
  53.  0.0799999982
  62.  0.0799999982
  64.  0.0799999982
  66.  0.0799999982
  82.  0.0799999982
  72.  0.0799999982
  95.  0.0799999982
  88.  0.0799999982
  49.  0.0799999982
  68.  0.0799999982
  59.  0.0799999982
  59.  0.0799999982
  64.  0.0799999982
  76.  0.0799999982
  70.  0.0799999982
  70.  0.0799999982
  71.  0.0799999982
  57.  0.0799999982
  66.  0.0799999982
  62.  0.0799999982
  72.  0.0799999982
  66.  0.0799999982
  66.  0.0799999982
