  0.  0.479999989
  56.  0.479999989
  64.  0.479999989
  61.  0.479999989
  0.  0.479999989
  0.  0.479999989
  83.  0.479999989
  0.  0.479999989
  0.  0.479999989
  58.  0.479999989
  56.  0.479999989
  56.  0.479999989
  63.  0.479999989
  54.  0.479999989
  0.  0.479999989
  0.  0.479999989
  0.  0.479999989
  0.  0.479999989
  65.  0.479999989
  53.  0.479999989
  0.  0.479999989
  45.  0.479999989
  61.  0.479999989
  0.  0.479999989
  0.  0.479999989
  59.  0.479999989
  0.  0.479999989
  54.  0.479999989
  55.  0.479999989
  0.  0.479999989
  51.  0.479999989
  72.  0.479999989
  0.  0.479999989
  52.  0.479999989
  0.  0.479999989
  0.  0.479999989
  73.  0.479999989
  53.  0.479999989
  0.  0.479999989
  0.  0.479999989
  45.  0.479999989
  0.  0.479999989
  0.  0.479999989
  0.  0.479999989
  42.  0.479999989
  44.  0.479999989
  36.  0.479999989
  54.  0.479999989
  54.  0.479999989
  51.  0.479999989
  0.  0.479999989
  0.  0.479999989
  54.  0.479999989
  54.  0.479999989
  53.  0.479999989
  51.  0.479999989
  42.  0.479999989
  70.  0.479999989
  89.  0.479999989
  38.  0.479999989
  45.  0.479999989
  45.  0.479999989
  68.  0.479999989
  0.  0.479999989
  59.  0.479999989
  40.  0.479999989
  74.  0.479999989
  0.  0.479999989
  74.  0.479999989
  0.  0.479999989
  45.  0.479999989
  56.  0.479999989
  57.  0.479999989
  49.  0.479999989
  0.  0.479999989
  62.  0.479999989
  54.  0.479999989
  60.  0.479999989
  64.  0.479999989
  49.  0.479999989
  50.  0.479999989
  0.  0.479999989
  0.  0.479999989
  60.  0.479999989
  0.  0.479999989
  76.  0.479999989
  50.  0.479999989
  81.  0.479999989
  0.  0.479999989
  0.  0.479999989
  45.  0.479999989
  0.  0.479999989
  0.  0.479999989
  58.  0.479999989
  36.  0.479999989
  76.  0.479999989
