  64.  0.
  52.  0.
  75.  0.
  92.  0.
  90.  0.
  82.  0.
  60.  0.
  82.  0.
  65.  0.
  73.  0.
  92.  0.
  87.  0.
  63.  0.
  71.  0.
  78.  0.
  71.  0.
  66.  0.
  76.  0.
  81.  0.
  82.  0.
  79.  0.
  73.  0.
  75.  0.
  76.  0.
  73.  0.
  93.  0.
  83.  0.
  75.  0.
  68.  0.
  76.  0.
  73.  0.
  80.  0.
  63.  0.
  77.  0.
  66.  0.
  93.  0.
  65.  0.
  78.  0.
  71.  0.
  72.  0.
  72.  0.
  80.  0.
  62.  0.
  81.  0.
  67.  0.
  88.  0.
  77.  0.
  85.  0.
  74.  0.
  69.  0.
  92.  0.
  73.  0.
  66.  0.
  72.  0.
  65.  0.
  76.  0.
  69.  0.
  69.  0.
  84.  0.
  68.  0.
  65.  0.
  71.  0.
  81.  0.
  83.  0.
  79.  0.
  75.  0.
  85.  0.
  68.  0.
  80.  0.
  68.  0.
  65.  0.
  83.  0.
  64.  0.
  72.  0.
  80.  0.
  58.  0.
  72.  0.
  64.  0.
  70.  0.
  64.  0.
  65.  0.
  60.  0.
  62.  0.
  65.  0.
  73.  0.
  62.  0.
  67.  0.
  78.  0.
  73.  0.
  67.  0.
  73.  0.
  70.  0.
  80.  0.
  73.  0.
  81.  0.
  65.  0.
  66.  0.
  69.  0.
  69.  0.
