  85.  0.319999993
  57.  0.319999993
  52.  0.319999993
  67.  0.319999993
  88.  0.319999993
  56.  0.319999993
  58.  0.319999993
  66.  0.319999993
  48.  0.319999993
  51.  0.319999993
  54.  0.319999993
  74.  0.319999993
  0.  0.319999993
  63.  0.319999993
  0.  0.319999993
  48.  0.319999993
  74.  0.319999993
  58.  0.319999993
  0.  0.319999993
  80.  0.319999993
  0.  0.319999993
  45.  0.319999993
  79.  0.319999993
  0.  0.319999993
  47.  0.319999993
  64.  0.319999993
  69.  0.319999993
  59.  0.319999993
  71.  0.319999993
  60.  0.319999993
  87.  0.319999993
  0.  0.319999993
  0.  0.319999993
  0.  0.319999993
  72.  0.319999993
  63.  0.319999993
  54.  0.319999993
  54.  0.319999993
  59.  0.319999993
  0.  0.319999993
  83.  0.319999993
  55.  0.319999993
  65.  0.319999993
  53.  0.319999993
  51.  0.319999993
  83.  0.319999993
  69.  0.319999993
  98.  0.319999993
  66.  0.319999993
  73.  0.319999993
  0.  0.319999993
  51.  0.319999993
  76.  0.319999993
  0.  0.319999993
  57.  0.319999993
  46.  0.319999993
  52.  0.319999993
  62.  0.319999993
  52.  0.319999993
  0.  0.319999993
  91.  0.319999993
  58.  0.319999993
  82.  0.319999993
  56.  0.319999993
  57.  0.319999993
  50.  0.319999993
  0.  0.319999993
  70.  0.319999993
  57.  0.319999993
  63.  0.319999993
  89.  0.319999993
  69.  0.319999993
  58.  0.319999993
  59.  0.319999993
  59.  0.319999993
  49.  0.319999993
  90.  0.319999993
  0.  0.319999993
  0.  0.319999993
  42.  0.319999993
  54.  0.319999993
  47.  0.319999993
  46.  0.319999993
  73.  0.319999993
  86.  0.319999993
  57.  0.319999993
  52.  0.319999993
  71.  0.319999993
  64.  0.319999993
  64.  0.319999993
  68.  0.319999993
  54.  0.319999993
  55.  0.319999993
  0.  0.319999993
  79.  0.319999993
  49.  0.319999993
  83.  0.319999993
