  83.  0.0599999987
  65.  0.0599999987
  69.  0.0599999987
  70.  0.0599999987
  82.  0.0599999987
  66.  0.0599999987
  83.  0.0599999987
  88.  0.0599999987
  66.  0.0599999987
  53.  0.0599999987
  70.  0.0599999987
  85.  0.0599999987
  70.  0.0599999987
  60.  0.0599999987
  71.  0.0599999987
  65.  0.0599999987
  80.  0.0599999987
  78.  0.0599999987
  75.  0.0599999987
  76.  0.0599999987
  74.  0.0599999987
  66.  0.0599999987
  74.  0.0599999987
  72.  0.0599999987
  75.  0.0599999987
  52.  0.0599999987
  56.  0.0599999987
  62.  0.0599999987
  67.  0.0599999987
  63.  0.0599999987
  63.  0.0599999987
  60.  0.0599999987
  56.  0.0599999987
  66.  0.0599999987
  98.  0.0599999987
  73.  0.0599999987
  74.  0.0599999987
  68.  0.0599999987
  68.  0.0599999987
  85.  0.0599999987
  60.  0.0599999987
  68.  0.0599999987
  78.  0.0599999987
  72.  0.0599999987
  75.  0.0599999987
  63.  0.0599999987
  77.  0.0599999987
  73.  0.0599999987
  67.  0.0599999987
  83.  0.0599999987
  59.  0.0599999987
  69.  0.0599999987
  97.  0.0599999987
  71.  0.0599999987
  68.  0.0599999987
  72.  0.0599999987
  73.  0.0599999987
  65.  0.0599999987
  69.  0.0599999987
  62.  0.0599999987
  76.  0.0599999987
  74.  0.0599999987
  59.  0.0599999987
  81.  0.0599999987
  64.  0.0599999987
  90.  0.0599999987
  65.  0.0599999987
  71.  0.0599999987
  62.  0.0599999987
  61.  0.0599999987
  76.  0.0599999987
  58.  0.0599999987
  74.  0.0599999987
  65.  0.0599999987
  70.  0.0599999987
  66.  0.0599999987
  77.  0.0599999987
  69.  0.0599999987
  71.  0.0599999987
  78.  0.0599999987
  79.  0.0599999987
  67.  0.0599999987
  80.  0.0599999987
  76.  0.0599999987
  75.  0.0599999987
  58.  0.0599999987
  65.  0.0599999987
  75.  0.0599999987
  70.  0.0599999987
  64.  0.0599999987
  79.  0.0599999987
  60.  0.0599999987
  87.  0.0599999987
  83.  0.0599999987
  60.  0.0599999987
  67.  0.0599999987
  61.  0.0599999987
