  54.  0.25
  69.  0.25
  80.  0.25
  83.  0.25
  99.  0.25
  62.  0.25
  61.  0.25
  81.  0.25
  0.  0.25
  61.  0.25
  81.  0.25
  59.  0.25
  61.  0.25
  52.  0.25
  78.  0.25
  52.  0.25
  93.  0.25
  63.  0.25
  51.  0.25
  76.  0.25
  62.  0.25
  0.  0.25
  0.  0.25
  65.  0.25
  72.  0.25
  64.  0.25
  56.  0.25
  71.  0.25
  61.  0.25
  52.  0.25
  75.  0.25
  60.  0.25
  56.  0.25
  72.  0.25
  70.  0.25
  0.  0.25
  52.  0.25
  51.  0.25
  64.  0.25
  65.  0.25
  58.  0.25
  50.  0.25
  0.  0.25
  83.  0.25
  55.  0.25
  68.  0.25
  54.  0.25
  55.  0.25
  53.  0.25
  0.  0.25
  55.  0.25
  0.  0.25
  62.  0.25
  70.  0.25
  62.  0.25
  52.  0.25
  61.  0.25
  59.  0.25
  68.  0.25
  71.  0.25
  48.  0.25
  57.  0.25
  82.  0.25
  52.  0.25
  61.  0.25
  0.  0.25
  56.  0.25
  52.  0.25
  0.  0.25
  0.  0.25
  51.  0.25
  51.  0.25
  64.  0.25
  50.  0.25
  54.  0.25
  64.  0.25
  53.  0.25
  49.  0.25
  49.  0.25
  62.  0.25
  67.  0.25
  62.  0.25
  61.  0.25
  68.  0.25
  67.  0.25
  69.  0.25
  76.  0.25
  0.  0.25
  69.  0.25
  55.  0.25
  60.  0.25
  79.  0.25
  66.  0.25
  69.  0.25
  64.  0.25
  57.  0.25
  89.  0.25
