  0.  0.25999999
  100.  0.25999999
  56.  0.25999999
  64.  0.25999999
  51.  0.25999999
  59.  0.25999999
  58.  0.25999999
  64.  0.25999999
  80.  0.25999999
  61.  0.25999999
  54.  0.25999999
  50.  0.25999999
  0.  0.25999999
  0.  0.25999999
  51.  0.25999999
  78.  0.25999999
  52.  0.25999999
  58.  0.25999999
  51.  0.25999999
  52.  0.25999999
  0.  0.25999999
  86.  0.25999999
  58.  0.25999999
  47.  0.25999999
  48.  0.25999999
  54.  0.25999999
  57.  0.25999999
  65.  0.25999999
  60.  0.25999999
  96.  0.25999999
  53.  0.25999999
  57.  0.25999999
  53.  0.25999999
  52.  0.25999999
  87.  0.25999999
  62.  0.25999999
  52.  0.25999999
  61.  0.25999999
  0.  0.25999999
  80.  0.25999999
  73.  0.25999999
  54.  0.25999999
  67.  0.25999999
  65.  0.25999999
  60.  0.25999999
  0.  0.25999999
  67.  0.25999999
  60.  0.25999999
  41.  0.25999999
  48.  0.25999999
  53.  0.25999999
  59.  0.25999999
  67.  0.25999999
  91.  0.25999999
  68.  0.25999999
  0.  0.25999999
  70.  0.25999999
  59.  0.25999999
  47.  0.25999999
  67.  0.25999999
  74.  0.25999999
  53.  0.25999999
  61.  0.25999999
  45.  0.25999999
  0.  0.25999999
  73.  0.25999999
  71.  0.25999999
  62.  0.25999999
  60.  0.25999999
  57.  0.25999999
  47.  0.25999999
  0.  0.25999999
  70.  0.25999999
  54.  0.25999999
  61.  0.25999999
  43.  0.25999999
  63.  0.25999999
  56.  0.25999999
  74.  0.25999999
  55.  0.25999999
  54.  0.25999999
  54.  0.25999999
  62.  0.25999999
  80.  0.25999999
  92.  0.25999999
  63.  0.25999999
  65.  0.25999999
  53.  0.25999999
  0.  0.25999999
  44.  0.25999999
  0.  0.25999999
  57.  0.25999999
  56.  0.25999999
  83.  0.25999999
