  62.  0.229999989
  87.  0.229999989
  53.  0.229999989
  0.  0.229999989
  65.  0.229999989
  56.  0.229999989
  80.  0.229999989
  61.  0.229999989
  0.  0.229999989
  67.  0.229999989
  60.  0.229999989
  57.  0.229999989
  0.  0.229999989
  56.  0.229999989
  58.  0.229999989
  49.  0.229999989
  57.  0.229999989
  90.  0.229999989
  71.  0.229999989
  61.  0.229999989
  65.  0.229999989
  69.  0.229999989
  58.  0.229999989
  58.  0.229999989
  0.  0.229999989
  88.  0.229999989
  61.  0.229999989
  61.  0.229999989
  82.  0.229999989
  66.  0.229999989
  0.  0.229999989
  68.  0.229999989
  58.  0.229999989
  61.  0.229999989
  45.  0.229999989
  70.  0.229999989
  0.  0.229999989
  64.  0.229999989
  54.  0.229999989
  53.  0.229999989
  79.  0.229999989
  56.  0.229999989
  49.  0.229999989
  59.  0.229999989
  60.  0.229999989
  57.  0.229999989
  0.  0.229999989
  73.  0.229999989
  73.  0.229999989
  88.  0.229999989
  61.  0.229999989
  58.  0.229999989
  57.  0.229999989
  82.  0.229999989
  96.  0.229999989
  59.  0.229999989
  58.  0.229999989
  84.  0.229999989
  93.  0.229999989
  97.  0.229999989
  61.  0.229999989
  61.  0.229999989
  0.  0.229999989
  63.  0.229999989
  68.  0.229999989
  50.  0.229999989
  61.  0.229999989
  56.  0.229999989
  66.  0.229999989
  53.  0.229999989
  88.  0.229999989
  50.  0.229999989
  69.  0.229999989
  73.  0.229999989
  62.  0.229999989
  67.  0.229999989
  63.  0.229999989
  0.  0.229999989
  63.  0.229999989
  0.  0.229999989
  54.  0.229999989
  0.  0.229999989
  73.  0.229999989
  47.  0.229999989
  48.  0.229999989
  0.  0.229999989
  61.  0.229999989
  58.  0.229999989
  0.  0.229999989
  74.  0.229999989
  60.  0.229999989
  91.  0.229999989
  53.  0.229999989
  54.  0.229999989
  0.  0.229999989
  86.  0.229999989
