  59.  0.239999995
  76.  0.239999995
  61.  0.239999995
  69.  0.239999995
  0.  0.239999995
  0.  0.239999995
  81.  0.239999995
  59.  0.239999995
  66.  0.239999995
  48.  0.239999995
  74.  0.239999995
  72.  0.239999995
  55.  0.239999995
  56.  0.239999995
  61.  0.239999995
  62.  0.239999995
  57.  0.239999995
  77.  0.239999995
  53.  0.239999995
  61.  0.239999995
  0.  0.239999995
  61.  0.239999995
  98.  0.239999995
  57.  0.239999995
  57.  0.239999995
  55.  0.239999995
  53.  0.239999995
  74.  0.239999995
  57.  0.239999995
  54.  0.239999995
  66.  0.239999995
  56.  0.239999995
  65.  0.239999995
  65.  0.239999995
  54.  0.239999995
  60.  0.239999995
  55.  0.239999995
  77.  0.239999995
  91.  0.239999995
  86.  0.239999995
  71.  0.239999995
  70.  0.239999995
  58.  0.239999995
  63.  0.239999995
  98.  0.239999995
  56.  0.239999995
  61.  0.239999995
  0.  0.239999995
  50.  0.239999995
  84.  0.239999995
  53.  0.239999995
  74.  0.239999995
  53.  0.239999995
  69.  0.239999995
  54.  0.239999995
  71.  0.239999995
  71.  0.239999995
  51.  0.239999995
  47.  0.239999995
  45.  0.239999995
  57.  0.239999995
  68.  0.239999995
  70.  0.239999995
  90.  0.239999995
  68.  0.239999995
  65.  0.239999995
  75.  0.239999995
  55.  0.239999995
  0.  0.239999995
  61.  0.239999995
  50.  0.239999995
  61.  0.239999995
  57.  0.239999995
  67.  0.239999995
  64.  0.239999995
  82.  0.239999995
  73.  0.239999995
  67.  0.239999995
  95.  0.239999995
  78.  0.239999995
  68.  0.239999995
  53.  0.239999995
  62.  0.239999995
  55.  0.239999995
  62.  0.239999995
  86.  0.239999995
  57.  0.239999995
  61.  0.239999995
  68.  0.239999995
  62.  0.239999995
  65.  0.239999995
  56.  0.239999995
  56.  0.239999995
  59.  0.239999995
  58.  0.239999995
  59.  0.239999995
  68.  0.239999995
