  68.  0.189999998
  57.  0.189999998
  68.  0.189999998
  63.  0.189999998
  52.  0.189999998
  47.  0.189999998
  62.  0.189999998
  66.  0.189999998
  63.  0.189999998
  60.  0.189999998
  69.  0.189999998
  65.  0.189999998
  64.  0.189999998
  52.  0.189999998
  50.  0.189999998
  67.  0.189999998
  0.  0.189999998
  63.  0.189999998
  66.  0.189999998
  60.  0.189999998
  60.  0.189999998
  64.  0.189999998
  50.  0.189999998
  56.  0.189999998
  71.  0.189999998
  56.  0.189999998
  59.  0.189999998
  64.  0.189999998
  62.  0.189999998
  94.  0.189999998
  52.  0.189999998
  60.  0.189999998
  59.  0.189999998
  75.  0.189999998
  86.  0.189999998
  50.  0.189999998
  82.  0.189999998
  91.  0.189999998
  81.  0.189999998
  66.  0.189999998
  54.  0.189999998
  74.  0.189999998
  82.  0.189999998
  61.  0.189999998
  63.  0.189999998
  77.  0.189999998
  63.  0.189999998
  76.  0.189999998
  76.  0.189999998
  62.  0.189999998
  82.  0.189999998
  45.  0.189999998
  68.  0.189999998
  98.  0.189999998
  76.  0.189999998
  71.  0.189999998
  63.  0.189999998
  57.  0.189999998
  64.  0.189999998
  74.  0.189999998
  64.  0.189999998
  57.  0.189999998
  57.  0.189999998
  59.  0.189999998
  75.  0.189999998
  58.  0.189999998
  54.  0.189999998
  59.  0.189999998
  51.  0.189999998
  66.  0.189999998
  46.  0.189999998
  68.  0.189999998
  76.  0.189999998
  43.  0.189999998
  0.  0.189999998
  57.  0.189999998
  68.  0.189999998
  0.  0.189999998
  75.  0.189999998
  74.  0.189999998
  90.  0.189999998
  62.  0.189999998
  0.  0.189999998
  72.  0.189999998
  99.  0.189999998
  58.  0.189999998
  75.  0.189999998
  77.  0.189999998
  57.  0.189999998
  50.  0.189999998
  45.  0.189999998
  58.  0.189999998
  63.  0.189999998
  55.  0.189999998
  87.  0.189999998
  66.  0.189999998
  55.  0.189999998
  82.  0.189999998
  69.  0.189999998
