  62.  0.419999987
  65.  0.419999987
  0.  0.419999987
  58.  0.419999987
  0.  0.419999987
  0.  0.419999987
  0.  0.419999987
  0.  0.419999987
  50.  0.419999987
  54.  0.419999987
  61.  0.419999987
  57.  0.419999987
  59.  0.419999987
  57.  0.419999987
  0.  0.419999987
  49.  0.419999987
  56.  0.419999987
  49.  0.419999987
  0.  0.419999987
  70.  0.419999987
  72.  0.419999987
  64.  0.419999987
  50.  0.419999987
  62.  0.419999987
  68.  0.419999987
  0.  0.419999987
  50.  0.419999987
  0.  0.419999987
  0.  0.419999987
  77.  0.419999987
  0.  0.419999987
  0.  0.419999987
  0.  0.419999987
  55.  0.419999987
  89.  0.419999987
  67.  0.419999987
  51.  0.419999987
  52.  0.419999987
  57.  0.419999987
  0.  0.419999987
  0.  0.419999987
  49.  0.419999987
  0.  0.419999987
  47.  0.419999987
  0.  0.419999987
  60.  0.419999987
  66.  0.419999987
  45.  0.419999987
  49.  0.419999987
  0.  0.419999987
  72.  0.419999987
  0.  0.419999987
  47.  0.419999987
  75.  0.419999987
  39.  0.419999987
  56.  0.419999987
  0.  0.419999987
  52.  0.419999987
  0.  0.419999987
  0.  0.419999987
  49.  0.419999987
  100.  0.419999987
  72.  0.419999987
  59.  0.419999987
  55.  0.419999987
  0.  0.419999987
  46.  0.419999987
  0.  0.419999987
  0.  0.419999987
  51.  0.419999987
  45.  0.419999987
  0.  0.419999987
  54.  0.419999987
  67.  0.419999987
  47.  0.419999987
  57.  0.419999987
  74.  0.419999987
  50.  0.419999987
  55.  0.419999987
  52.  0.419999987
  51.  0.419999987
  88.  0.419999987
  41.  0.419999987
  52.  0.419999987
  49.  0.419999987
  0.  0.419999987
  0.  0.419999987
  51.  0.419999987
  0.  0.419999987
  43.  0.419999987
  47.  0.419999987
  0.  0.419999987
  0.  0.419999987
  62.  0.419999987
  42.  0.419999987
  62.  0.419999987
  0.  0.419999987
