  47.  0.439999998
  66.  0.439999998
  52.  0.439999998
  0.  0.439999998
  0.  0.439999998
  0.  0.439999998
  59.  0.439999998
  0.  0.439999998
  0.  0.439999998
  45.  0.439999998
  59.  0.439999998
  64.  0.439999998
  0.  0.439999998
  66.  0.439999998
  60.  0.439999998
  50.  0.439999998
  0.  0.439999998
  69.  0.439999998
  56.  0.439999998
  53.  0.439999998
  58.  0.439999998
  81.  0.439999998
  0.  0.439999998
  49.  0.439999998
  54.  0.439999998
  0.  0.439999998
  46.  0.439999998
  57.  0.439999998
  0.  0.439999998
  53.  0.439999998
  59.  0.439999998
  57.  0.439999998
  39.  0.439999998
  0.  0.439999998
  0.  0.439999998
  57.  0.439999998
  0.  0.439999998
  58.  0.439999998
  0.  0.439999998
  67.  0.439999998
  75.  0.439999998
  0.  0.439999998
  0.  0.439999998
  50.  0.439999998
  50.  0.439999998
  68.  0.439999998
  91.  0.439999998
  65.  0.439999998
  61.  0.439999998
  0.  0.439999998
  0.  0.439999998
  61.  0.439999998
  48.  0.439999998
  0.  0.439999998
  44.  0.439999998
  95.  0.439999998
  0.  0.439999998
  0.  0.439999998
  0.  0.439999998
  0.  0.439999998
  50.  0.439999998
  0.  0.439999998
  0.  0.439999998
  0.  0.439999998
  0.  0.439999998
  53.  0.439999998
  0.  0.439999998
  90.  0.439999998
  47.  0.439999998
  49.  0.439999998
  60.  0.439999998
  0.  0.439999998
  56.  0.439999998
  92.  0.439999998
  0.  0.439999998
  0.  0.439999998
  0.  0.439999998
  56.  0.439999998
  52.  0.439999998
  65.  0.439999998
  0.  0.439999998
  47.  0.439999998
  62.  0.439999998
  54.  0.439999998
  60.  0.439999998
  47.  0.439999998
  59.  0.439999998
  58.  0.439999998
  65.  0.439999998
  43.  0.439999998
  46.  0.439999998
  0.  0.439999998
  0.  0.439999998
  52.  0.439999998
  0.  0.439999998
  61.  0.439999998
  53.  0.439999998
