  0.  0.459999979
  0.  0.459999979
  50.  0.459999979
  49.  0.459999979
  0.  0.459999979
  88.  0.459999979
  0.  0.459999979
  0.  0.459999979
  58.  0.459999979
  51.  0.459999979
  0.  0.459999979
  55.  0.459999979
  55.  0.459999979
  40.  0.459999979
  78.  0.459999979
  0.  0.459999979
  93.  0.459999979
  44.  0.459999979
  50.  0.459999979
  83.  0.459999979
  0.  0.459999979
  56.  0.459999979
  76.  0.459999979
  37.  0.459999979
  63.  0.459999979
  82.  0.459999979
  78.  0.459999979
  0.  0.459999979
  44.  0.459999979
  0.  0.459999979
  0.  0.459999979
  54.  0.459999979
  46.  0.459999979
  0.  0.459999979
  63.  0.459999979
  0.  0.459999979
  47.  0.459999979
  57.  0.459999979
  0.  0.459999979
  0.  0.459999979
  0.  0.459999979
  66.  0.459999979
  41.  0.459999979
  0.  0.459999979
  60.  0.459999979
  85.  0.459999979
  0.  0.459999979
  59.  0.459999979
  0.  0.459999979
  0.  0.459999979
  0.  0.459999979
  44.  0.459999979
  36.  0.459999979
  0.  0.459999979
  51.  0.459999979
  52.  0.459999979
  58.  0.459999979
  50.  0.459999979
  47.  0.459999979
  62.  0.459999979
  75.  0.459999979
  44.  0.459999979
  0.  0.459999979
  55.  0.459999979
  59.  0.459999979
  69.  0.459999979
  77.  0.459999979
  0.  0.459999979
  58.  0.459999979
  0.  0.459999979
  62.  0.459999979
  90.  0.459999979
  75.  0.459999979
  0.  0.459999979
  68.  0.459999979
  49.  0.459999979
  0.  0.459999979
  48.  0.459999979
  67.  0.459999979
  0.  0.459999979
  35.  0.459999979
  0.  0.459999979
  0.  0.459999979
  0.  0.459999979
  78.  0.459999979
  53.  0.459999979
  53.  0.459999979
  55.  0.459999979
  65.  0.459999979
