  49.  0.469999999
  0.  0.469999999
  70.  0.469999999
  0.  0.469999999
  72.  0.469999999
  0.  0.469999999
  0.  0.469999999
  48.  0.469999999
  57.  0.469999999
  0.  0.469999999
  60.  0.469999999
  0.  0.469999999
  66.  0.469999999
  98.  0.469999999
  55.  0.469999999
  67.  0.469999999
  0.  0.469999999
  62.  0.469999999
  0.  0.469999999
  61.  0.469999999
  0.  0.469999999
  62.  0.469999999
  0.  0.469999999
  55.  0.469999999
  63.  0.469999999
  44.  0.469999999
  48.  0.469999999
  0.  0.469999999
  0.  0.469999999
  58.  0.469999999
  49.  0.469999999
  0.  0.469999999
  0.  0.469999999
  63.  0.469999999
  0.  0.469999999
  55.  0.469999999
  47.  0.469999999
  0.  0.469999999
  67.  0.469999999
  0.  0.469999999
  0.  0.469999999
  53.  0.469999999
  0.  0.469999999
  54.  0.469999999
  66.  0.469999999
  0.  0.469999999
  0.  0.469999999
  57.  0.469999999
  59.  0.469999999
  51.  0.469999999
  0.  0.469999999
  47.  0.469999999
  0.  0.469999999
  0.  0.469999999
  53.  0.469999999
  56.  0.469999999
  0.  0.469999999
  0.  0.469999999
  53.  0.469999999
  58.  0.469999999
  78.  0.469999999
  54.  0.469999999
  46.  0.469999999
  64.  0.469999999
  0.  0.469999999
  53.  0.469999999
  0.  0.469999999
  52.  0.469999999
  46.  0.469999999
  46.  0.469999999
  41.  0.469999999
  70.  0.469999999
  52.  0.469999999
  50.  0.469999999
  0.  0.469999999
  0.  0.469999999
  53.  0.469999999
  51.  0.469999999
  0.  0.469999999
  0.  0.469999999
  47.  0.469999999
  69.  0.469999999
  59.  0.469999999
  0.  0.469999999
  69.  0.469999999
  0.  0.469999999
  0.  0.469999999
  0.  0.469999999
  48.  0.469999999
