  71.  0.359999985
  54.  0.359999985
  0.  0.359999985
  47.  0.359999985
  0.  0.359999985
  52.  0.359999985
  48.  0.359999985
  53.  0.359999985
  0.  0.359999985
  0.  0.359999985
  0.  0.359999985
  59.  0.359999985
  69.  0.359999985
  49.  0.359999985
  99.  0.359999985
  61.  0.359999985
  52.  0.359999985
  61.  0.359999985
  77.  0.359999985
  49.  0.359999985
  50.  0.359999985
  58.  0.359999985
  53.  0.359999985
  77.  0.359999985
  53.  0.359999985
  0.  0.359999985
  0.  0.359999985
  0.  0.359999985
  0.  0.359999985
  0.  0.359999985
  56.  0.359999985
  85.  0.359999985
  88.  0.359999985
  56.  0.359999985
  56.  0.359999985
  50.  0.359999985
  53.  0.359999985
  66.  0.359999985
  0.  0.359999985
  61.  0.359999985
  0.  0.359999985
  60.  0.359999985
  59.  0.359999985
  0.  0.359999985
  51.  0.359999985
  62.  0.359999985
  55.  0.359999985
  0.  0.359999985
  91.  0.359999985
  0.  0.359999985
  42.  0.359999985
  47.  0.359999985
  54.  0.359999985
  70.  0.359999985
  83.  0.359999985
  61.  0.359999985
  96.  0.359999985
  0.  0.359999985
  54.  0.359999985
  58.  0.359999985
  71.  0.359999985
  0.  0.359999985
  53.  0.359999985
  0.  0.359999985
  51.  0.359999985
  53.  0.359999985
  95.  0.359999985
  54.  0.359999985
  71.  0.359999985
  64.  0.359999985
  47.  0.359999985
  50.  0.359999985
  53.  0.359999985
  52.  0.359999985
  53.  0.359999985
  55.  0.359999985
  85.  0.359999985
  66.  0.359999985
  85.  0.359999985
  69.  0.359999985
  52.  0.359999985
  44.  0.359999985
  64.  0.359999985
  53.  0.359999985
  0.  0.359999985
  51.  0.359999985
  56.  0.359999985
  73.  0.359999985
  69.  0.359999985
  65.  0.359999985
  62.  0.359999985
  62.  0.359999985
  55.  0.359999985
  49.  0.359999985
