  74.  0.289999992
  47.  0.289999992
  64.  0.289999992
  0.  0.289999992
  50.  0.289999992
  42.  0.289999992
  0.  0.289999992
  79.  0.289999992
  59.  0.289999992
  78.  0.289999992
  58.  0.289999992
  70.  0.289999992
  64.  0.289999992
  0.  0.289999992
  100.  0.289999992
  79.  0.289999992
  84.  0.289999992
  64.  0.289999992
  83.  0.289999992
  0.  0.289999992
  53.  0.289999992
  71.  0.289999992
  64.  0.289999992
  55.  0.289999992
  82.  0.289999992
  0.  0.289999992
  54.  0.289999992
  0.  0.289999992
  53.  0.289999992
  64.  0.289999992
  55.  0.289999992
  65.  0.289999992
  54.  0.289999992
  0.  0.289999992
  57.  0.289999992
  73.  0.289999992
  63.  0.289999992
  0.  0.289999992
  52.  0.289999992
  85.  0.289999992
  0.  0.289999992
  58.  0.289999992
  63.  0.289999992
  80.  0.289999992
  0.  0.289999992
  51.  0.289999992
  0.  0.289999992
  0.  0.289999992
  90.  0.289999992
  0.  0.289999992
  0.  0.289999992
  58.  0.289999992
  87.  0.289999992
  47.  0.289999992
  44.  0.289999992
  68.  0.289999992
  55.  0.289999992
  64.  0.289999992
  81.  0.289999992
  47.  0.289999992
  67.  0.289999992
  79.  0.289999992
  52.  0.289999992
  58.  0.289999992
  61.  0.289999992
  48.  0.289999992
  59.  0.289999992
  63.  0.289999992
  55.  0.289999992
  90.  0.289999992
  49.  0.289999992
  62.  0.289999992
  57.  0.289999992
  64.  0.289999992
  50.  0.289999992
  46.  0.289999992
  46.  0.289999992
  66.  0.289999992
  72.  0.289999992
  62.  0.289999992
  57.  0.289999992
  44.  0.289999992
  89.  0.289999992
  66.  0.289999992
  51.  0.289999992
  0.  0.289999992
  0.  0.289999992
  74.  0.289999992
  60.  0.289999992
  41.  0.289999992
  0.  0.289999992
  46.  0.289999992
  0.  0.289999992
  0.  0.289999992
