  49.  0.340000004
  0.  0.340000004
  55.  0.340000004
  65.  0.340000004
  65.  0.340000004
  55.  0.340000004
  53.  0.340000004
  0.  0.340000004
  60.  0.340000004
  57.  0.340000004
  0.  0.340000004
  57.  0.340000004
  68.  0.340000004
  94.  0.340000004
  89.  0.340000004
  64.  0.340000004
  58.  0.340000004
  57.  0.340000004
  73.  0.340000004
  50.  0.340000004
  65.  0.340000004
  58.  0.340000004
  0.  0.340000004
  75.  0.340000004
  0.  0.340000004
  88.  0.340000004
  56.  0.340000004
  64.  0.340000004
  72.  0.340000004
  0.  0.340000004
  52.  0.340000004
  66.  0.340000004
  0.  0.340000004
  48.  0.340000004
  43.  0.340000004
  76.  0.340000004
  68.  0.340000004
  50.  0.340000004
  47.  0.340000004
  76.  0.340000004
  59.  0.340000004
  70.  0.340000004
  78.  0.340000004
  60.  0.340000004
  71.  0.340000004
  0.  0.340000004
  59.  0.340000004
  60.  0.340000004
  71.  0.340000004
  98.  0.340000004
  67.  0.340000004
  94.  0.340000004
  54.  0.340000004
  53.  0.340000004
  45.  0.340000004
  0.  0.340000004
  0.  0.340000004
  50.  0.340000004
  43.  0.340000004
  53.  0.340000004
  52.  0.340000004
  54.  0.340000004
  46.  0.340000004
  62.  0.340000004
  0.  0.340000004
  67.  0.340000004
  66.  0.340000004
  58.  0.340000004
  52.  0.340000004
  54.  0.340000004
  84.  0.340000004
  95.  0.340000004
  67.  0.340000004
  55.  0.340000004
  74.  0.340000004
  59.  0.340000004
  0.  0.340000004
  0.  0.340000004
  66.  0.340000004
  64.  0.340000004
  0.  0.340000004
  60.  0.340000004
  70.  0.340000004
  66.  0.340000004
  64.  0.340000004
  57.  0.340000004
  67.  0.340000004
  96.  0.340000004
  55.  0.340000004
  0.  0.340000004
  62.  0.340000004
  48.  0.340000004
  65.  0.340000004
  50.  0.340000004
  0.  0.340000004
  61.  0.340000004
