  64.  0.179999992
  73.  0.179999992
  60.  0.179999992
  50.  0.179999992
  70.  0.179999992
  54.  0.179999992
  0.  0.179999992
  55.  0.179999992
  71.  0.179999992
  59.  0.179999992
  38.  0.179999992
  56.  0.179999992
  83.  0.179999992
  65.  0.179999992
  0.  0.179999992
  51.  0.179999992
  56.  0.179999992
  59.  0.179999992
  64.  0.179999992
  0.  0.179999992
  65.  0.179999992
  80.  0.179999992
  68.  0.179999992
  78.  0.179999992
  67.  0.179999992
  69.  0.179999992
  64.  0.179999992
  68.  0.179999992
  60.  0.179999992
  57.  0.179999992
  50.  0.179999992
  58.  0.179999992
  66.  0.179999992
  58.  0.179999992
  59.  0.179999992
  68.  0.179999992
  60.  0.179999992
  70.  0.179999992
  62.  0.179999992
  74.  0.179999992
  69.  0.179999992
  48.  0.179999992
  70.  0.179999992
  0.  0.179999992
  66.  0.179999992
  54.  0.179999992
  55.  0.179999992
  67.  0.179999992
  59.  0.179999992
  60.  0.179999992
  53.  0.179999992
  61.  0.179999992
  86.  0.179999992
  68.  0.179999992
  77.  0.179999992
  85.  0.179999992
  58.  0.179999992
  73.  0.179999992
  62.  0.179999992
  63.  0.179999992
  63.  0.179999992
  58.  0.179999992
  79.  0.179999992
  77.  0.179999992
  84.  0.179999992
  56.  0.179999992
  71.  0.179999992
  64.  0.179999992
  61.  0.179999992
  51.  0.179999992
  55.  0.179999992
  71.  0.179999992
  52.  0.179999992
  48.  0.179999992
  0.  0.179999992
  56.  0.179999992
  85.  0.179999992
  74.  0.179999992
  64.  0.179999992
  74.  0.179999992
  75.  0.179999992
  0.  0.179999992
  52.  0.179999992
  54.  0.179999992
  58.  0.179999992
  68.  0.179999992
  0.  0.179999992
  45.  0.179999992
  0.  0.179999992
  59.  0.179999992
  65.  0.179999992
  65.  0.179999992
  67.  0.179999992
  76.  0.179999992
