  53.  0.299999982
  58.  0.299999982
  78.  0.299999982
  62.  0.299999982
  54.  0.299999982
  40.  0.299999982
  82.  0.299999982
  56.  0.299999982
  58.  0.299999982
  0.  0.299999982
  0.  0.299999982
  68.  0.299999982
  79.  0.299999982
  62.  0.299999982
  51.  0.299999982
  66.  0.299999982
  63.  0.299999982
  55.  0.299999982
  0.  0.299999982
  61.  0.299999982
  74.  0.299999982
  59.  0.299999982
  59.  0.299999982
  0.  0.299999982
  70.  0.299999982
  0.  0.299999982
  0.  0.299999982
  53.  0.299999982
  0.  0.299999982
  54.  0.299999982
  0.  0.299999982
  0.  0.299999982
  49.  0.299999982
  70.  0.299999982
  58.  0.299999982
  46.  0.299999982
  64.  0.299999982
  61.  0.299999982
  62.  0.299999982
  60.  0.299999982
  59.  0.299999982
  77.  0.299999982
  58.  0.299999982
  64.  0.299999982
  61.  0.299999982
  0.  0.299999982
  0.  0.299999982
  72.  0.299999982
  59.  0.299999982
  46.  0.299999982
  58.  0.299999982
  0.  0.299999982
  46.  0.299999982
  64.  0.299999982
  56.  0.299999982
  80.  0.299999982
  77.  0.299999982
  53.  0.299999982
  64.  0.299999982
  60.  0.299999982
  47.  0.299999982
  59.  0.299999982
  0.  0.299999982
  60.  0.299999982
  55.  0.299999982
  0.  0.299999982
  53.  0.299999982
  57.  0.299999982
  53.  0.299999982
  54.  0.299999982
  54.  0.299999982
  56.  0.299999982
  62.  0.299999982
  71.  0.299999982
  0.  0.299999982
  58.  0.299999982
  43.  0.299999982
  71.  0.299999982
  48.  0.299999982
  52.  0.299999982
  64.  0.299999982
  46.  0.299999982
  99.  0.299999982
  49.  0.299999982
  62.  0.299999982
  73.  0.299999982
  57.  0.299999982
  50.  0.299999982
  0.  0.299999982
  54.  0.299999982
  0.  0.299999982
  67.  0.299999982
  58.  0.299999982
  0.  0.299999982
  64.  0.299999982
