  72.  0.0700000003
  71.  0.0700000003
  64.  0.0700000003
  76.  0.0700000003
  0.  0.0700000003
  72.  0.0700000003
  62.  0.0700000003
  65.  0.0700000003
  87.  0.0700000003
  63.  0.0700000003
  71.  0.0700000003
  77.  0.0700000003
  63.  0.0700000003
  77.  0.0700000003
  76.  0.0700000003
  71.  0.0700000003
  79.  0.0700000003
  63.  0.0700000003
  62.  0.0700000003
  80.  0.0700000003
  66.  0.0700000003
  82.  0.0700000003
  64.  0.0700000003
  71.  0.0700000003
  82.  0.0700000003
  86.  0.0700000003
  58.  0.0700000003
  66.  0.0700000003
  72.  0.0700000003
  81.  0.0700000003
  77.  0.0700000003
  64.  0.0700000003
  72.  0.0700000003
  96.  0.0700000003
  72.  0.0700000003
  75.  0.0700000003
  94.  0.0700000003
  69.  0.0700000003
  68.  0.0700000003
  62.  0.0700000003
  66.  0.0700000003
  79.  0.0700000003
  66.  0.0700000003
  84.  0.0700000003
  63.  0.0700000003
  71.  0.0700000003
  58.  0.0700000003
  65.  0.0700000003
  78.  0.0700000003
  74.  0.0700000003
  82.  0.0700000003
  84.  0.0700000003
  70.  0.0700000003
  67.  0.0700000003
  61.  0.0700000003
  85.  0.0700000003
  57.  0.0700000003
  63.  0.0700000003
  85.  0.0700000003
  60.  0.0700000003
  68.  0.0700000003
  79.  0.0700000003
  84.  0.0700000003
  63.  0.0700000003
  0.  0.0700000003
  79.  0.0700000003
  60.  0.0700000003
  69.  0.0700000003
  70.  0.0700000003
  78.  0.0700000003
  70.  0.0700000003
  65.  0.0700000003
  65.  0.0700000003
  67.  0.0700000003
  84.  0.0700000003
  74.  0.0700000003
  71.  0.0700000003
  67.  0.0700000003
  65.  0.0700000003
  69.  0.0700000003
  62.  0.0700000003
  66.  0.0700000003
  74.  0.0700000003
  88.  0.0700000003
  66.  0.0700000003
  87.  0.0700000003
  63.  0.0700000003
  67.  0.0700000003
  59.  0.0700000003
  72.  0.0700000003
  94.  0.0700000003
  62.  0.0700000003
  89.  0.0700000003
  58.  0.0700000003
  74.  0.0700000003
  89.  0.0700000003
  68.  0.0700000003
  62.  0.0700000003
