  56.  0.280000001
  58.  0.280000001
  0.  0.280000001
  0.  0.280000001
  0.  0.280000001
  79.  0.280000001
  55.  0.280000001
  51.  0.280000001
  67.  0.280000001
  0.  0.280000001
  54.  0.280000001
  58.  0.280000001
  63.  0.280000001
  67.  0.280000001
  88.  0.280000001
  56.  0.280000001
  46.  0.280000001
  52.  0.280000001
  0.  0.280000001
  84.  0.280000001
  62.  0.280000001
  51.  0.280000001
  77.  0.280000001
  56.  0.280000001
  63.  0.280000001
  57.  0.280000001
  58.  0.280000001
  0.  0.280000001
  53.  0.280000001
  0.  0.280000001
  0.  0.280000001
  0.  0.280000001
  62.  0.280000001
  0.  0.280000001
  59.  0.280000001
  85.  0.280000001
  68.  0.280000001
  68.  0.280000001
  61.  0.280000001
  55.  0.280000001
  54.  0.280000001
  45.  0.280000001
  53.  0.280000001
  51.  0.280000001
  57.  0.280000001
  65.  0.280000001
  45.  0.280000001
  56.  0.280000001
  0.  0.280000001
  51.  0.280000001
  45.  0.280000001
  49.  0.280000001
  81.  0.280000001
  54.  0.280000001
  71.  0.280000001
  70.  0.280000001
  52.  0.280000001
  0.  0.280000001
  83.  0.280000001
  65.  0.280000001
  64.  0.280000001
  66.  0.280000001
  89.  0.280000001
  49.  0.280000001
  74.  0.280000001
  61.  0.280000001
  54.  0.280000001
  48.  0.280000001
  59.  0.280000001
  61.  0.280000001
  70.  0.280000001
  57.  0.280000001
  58.  0.280000001
  58.  0.280000001
  51.  0.280000001
  0.  0.280000001
  67.  0.280000001
  0.  0.280000001
  57.  0.280000001
  95.  0.280000001
  69.  0.280000001
  60.  0.280000001
  61.  0.280000001
  60.  0.280000001
  0.  0.280000001
  57.  0.280000001
  45.  0.280000001
  62.  0.280000001
  74.  0.280000001
  52.  0.280000001
  42.  0.280000001
  74.  0.280000001
  67.  0.280000001
  50.  0.280000001
  94.  0.280000001
  47.  0.280000001
