  65.  0.0899999961
  62.  0.0899999961
  57.  0.0899999961
  64.  0.0899999961
  86.  0.0899999961
  59.  0.0899999961
  76.  0.0899999961
  84.  0.0899999961
  68.  0.0899999961
  80.  0.0899999961
  62.  0.0899999961
  79.  0.0899999961
  56.  0.0899999961
  73.  0.0899999961
  70.  0.0899999961
  77.  0.0899999961
  58.  0.0899999961
  62.  0.0899999961
  86.  0.0899999961
  64.  0.0899999961
  63.  0.0899999961
  90.  0.0899999961
  62.  0.0899999961
  64.  0.0899999961
  85.  0.0899999961
  67.  0.0899999961
  71.  0.0899999961
  83.  0.0899999961
  89.  0.0899999961
  65.  0.0899999961
  57.  0.0899999961
  61.  0.0899999961
  88.  0.0899999961
  65.  0.0899999961
  61.  0.0899999961
  57.  0.0899999961
  66.  0.0899999961
  65.  0.0899999961
  72.  0.0899999961
  71.  0.0899999961
  70.  0.0899999961
  75.  0.0899999961
  69.  0.0899999961
  54.  0.0899999961
  72.  0.0899999961
  74.  0.0899999961
  74.  0.0899999961
  59.  0.0899999961
  76.  0.0899999961
  74.  0.0899999961
  71.  0.0899999961
  75.  0.0899999961
  65.  0.0899999961
  72.  0.0899999961
  68.  0.0899999961
  67.  0.0899999961
  67.  0.0899999961
  70.  0.0899999961
  57.  0.0899999961
  83.  0.0899999961
  62.  0.0899999961
  65.  0.0899999961
  64.  0.0899999961
  64.  0.0899999961
  80.  0.0899999961
  62.  0.0899999961
  64.  0.0899999961
  63.  0.0899999961
  58.  0.0899999961
  95.  0.0899999961
  67.  0.0899999961
  0.  0.0899999961
  71.  0.0899999961
  69.  0.0899999961
  60.  0.0899999961
  79.  0.0899999961
  68.  0.0899999961
  77.  0.0899999961
  84.  0.0899999961
  67.  0.0899999961
  76.  0.0899999961
  54.  0.0899999961
  75.  0.0899999961
  71.  0.0899999961
  87.  0.0899999961
  74.  0.0899999961
  72.  0.0899999961
  74.  0.0899999961
  61.  0.0899999961
  95.  0.0899999961
  91.  0.0899999961
  64.  0.0899999961
  97.  0.0899999961
  71.  0.0899999961
  71.  0.0899999961
  61.  0.0899999961
  76.  0.0899999961
  54.  0.0899999961
  82.  0.0899999961
