  67.  0.379999995
  0.  0.379999995
  0.  0.379999995
  48.  0.379999995
  69.  0.379999995
  61.  0.379999995
  50.  0.379999995
  0.  0.379999995
  63.  0.379999995
  57.  0.379999995
  66.  0.379999995
  54.  0.379999995
  0.  0.379999995
  63.  0.379999995
  73.  0.379999995
  0.  0.379999995
  56.  0.379999995
  40.  0.379999995
  44.  0.379999995
  61.  0.379999995
  63.  0.379999995
  0.  0.379999995
  62.  0.379999995
  45.  0.379999995
  44.  0.379999995
  55.  0.379999995
  0.  0.379999995
  70.  0.379999995
  81.  0.379999995
  79.  0.379999995
  50.  0.379999995
  54.  0.379999995
  45.  0.379999995
  0.  0.379999995
  55.  0.379999995
  0.  0.379999995
  57.  0.379999995
  0.  0.379999995
  0.  0.379999995
  49.  0.379999995
  51.  0.379999995
  0.  0.379999995
  50.  0.379999995
  0.  0.379999995
  91.  0.379999995
  67.  0.379999995
  51.  0.379999995
  0.  0.379999995
  56.  0.379999995
  0.  0.379999995
  51.  0.379999995
  38.  0.379999995
  60.  0.379999995
  77.  0.379999995
  58.  0.379999995
  49.  0.379999995
  66.  0.379999995
  45.  0.379999995
  66.  0.379999995
  52.  0.379999995
  54.  0.379999995
  62.  0.379999995
  52.  0.379999995
  62.  0.379999995
  0.  0.379999995
  74.  0.379999995
  53.  0.379999995
  0.  0.379999995
  42.  0.379999995
  45.  0.379999995
  45.  0.379999995
  67.  0.379999995
  55.  0.379999995
  0.  0.379999995
  69.  0.379999995
  48.  0.379999995
  56.  0.379999995
  60.  0.379999995
  51.  0.379999995
  0.  0.379999995
  45.  0.379999995
  53.  0.379999995
  0.  0.379999995
  0.  0.379999995
  56.  0.379999995
  0.  0.379999995
  58.  0.379999995
  60.  0.379999995
  46.  0.379999995
  59.  0.379999995
  48.  0.379999995
  68.  0.379999995
  50.  0.379999995
  0.  0.379999995
