  0.  0.370000005
  64.  0.370000005
  55.  0.370000005
  80.  0.370000005
  0.  0.370000005
  0.  0.370000005
  53.  0.370000005
  48.  0.370000005
  58.  0.370000005
  57.  0.370000005
  0.  0.370000005
  46.  0.370000005
  0.  0.370000005
  55.  0.370000005
  0.  0.370000005
  61.  0.370000005
  69.  0.370000005
  53.  0.370000005
  61.  0.370000005
  65.  0.370000005
  50.  0.370000005
  0.  0.370000005
  0.  0.370000005
  61.  0.370000005
  51.  0.370000005
  57.  0.370000005
  97.  0.370000005
  71.  0.370000005
  44.  0.370000005
  39.  0.370000005
  54.  0.370000005
  56.  0.370000005
  61.  0.370000005
  52.  0.370000005
  54.  0.370000005
  50.  0.370000005
  56.  0.370000005
  44.  0.370000005
  99.  0.370000005
  54.  0.370000005
  61.  0.370000005
  67.  0.370000005
  52.  0.370000005
  0.  0.370000005
  60.  0.370000005
  0.  0.370000005
  47.  0.370000005
  55.  0.370000005
  58.  0.370000005
  65.  0.370000005
  67.  0.370000005
  57.  0.370000005
  59.  0.370000005
  0.  0.370000005
  0.  0.370000005
  53.  0.370000005
  48.  0.370000005
  54.  0.370000005
  0.  0.370000005
  54.  0.370000005
  61.  0.370000005
  72.  0.370000005
  65.  0.370000005
  77.  0.370000005
  56.  0.370000005
  42.  0.370000005
  56.  0.370000005
  54.  0.370000005
  0.  0.370000005
  0.  0.370000005
  61.  0.370000005
  87.  0.370000005
  63.  0.370000005
  80.  0.370000005
  51.  0.370000005
  92.  0.370000005
  60.  0.370000005
  0.  0.370000005
  60.  0.370000005
  0.  0.370000005
  45.  0.370000005
  0.  0.370000005
  54.  0.370000005
  53.  0.370000005
  0.  0.370000005
  68.  0.370000005
  58.  0.370000005
  48.  0.370000005
  45.  0.370000005
  57.  0.370000005
  63.  0.370000005
  74.  0.370000005
  55.  0.370000005
