  53.  0.119999997
  63.  0.119999997
  64.  0.119999997
  54.  0.119999997
  77.  0.119999997
  60.  0.119999997
  48.  0.119999997
  54.  0.119999997
  78.  0.119999997
  57.  0.119999997
  67.  0.119999997
  64.  0.119999997
  55.  0.119999997
  60.  0.119999997
  59.  0.119999997
  77.  0.119999997
  64.  0.119999997
  62.  0.119999997
  78.  0.119999997
  77.  0.119999997
  63.  0.119999997
  58.  0.119999997
  87.  0.119999997
  75.  0.119999997
  89.  0.119999997
  65.  0.119999997
  79.  0.119999997
  75.  0.119999997
  60.  0.119999997
  69.  0.119999997
  65.  0.119999997
  59.  0.119999997
  64.  0.119999997
  74.  0.119999997
  86.  0.119999997
  70.  0.119999997
  63.  0.119999997
  85.  0.119999997
  46.  0.119999997
  84.  0.119999997
  62.  0.119999997
  61.  0.119999997
  69.  0.119999997
  53.  0.119999997
  73.  0.119999997
  66.  0.119999997
  66.  0.119999997
  75.  0.119999997
  89.  0.119999997
  60.  0.119999997
  83.  0.119999997
  70.  0.119999997
  55.  0.119999997
  78.  0.119999997
  68.  0.119999997
  66.  0.119999997
  61.  0.119999997
  71.  0.119999997
  70.  0.119999997
  64.  0.119999997
  46.  0.119999997
  84.  0.119999997
  81.  0.119999997
  61.  0.119999997
  60.  0.119999997
  56.  0.119999997
  63.  0.119999997
  57.  0.119999997
  87.  0.119999997
  61.  0.119999997
  65.  0.119999997
  61.  0.119999997
  98.  0.119999997
  61.  0.119999997
  66.  0.119999997
  63.  0.119999997
  83.  0.119999997
  84.  0.119999997
  64.  0.119999997
  63.  0.119999997
  69.  0.119999997
  76.  0.119999997
  97.  0.119999997
  56.  0.119999997
  87.  0.119999997
  46.  0.119999997
  58.  0.119999997
  53.  0.119999997
  60.  0.119999997
  86.  0.119999997
  61.  0.119999997
  67.  0.119999997
  71.  0.119999997
  72.  0.119999997
  62.  0.119999997
  59.  0.119999997
  66.  0.119999997
  79.  0.119999997
  77.  0.119999997
