  65.  0.449999988
  51.  0.449999988
  46.  0.449999988
  43.  0.449999988
  51.  0.449999988
  0.  0.449999988
  0.  0.449999988
  0.  0.449999988
  57.  0.449999988
  56.  0.449999988
  0.  0.449999988
  84.  0.449999988
  46.  0.449999988
  96.  0.449999988
  0.  0.449999988
  0.  0.449999988
  56.  0.449999988
  50.  0.449999988
  65.  0.449999988
  75.  0.449999988
  0.  0.449999988
  37.  0.449999988
  56.  0.449999988
  51.  0.449999988
  0.  0.449999988
  51.  0.449999988
  59.  0.449999988
  0.  0.449999988
  46.  0.449999988
  0.  0.449999988
  43.  0.449999988
  63.  0.449999988
  0.  0.449999988
  0.  0.449999988
  52.  0.449999988
  0.  0.449999988
  0.  0.449999988
  43.  0.449999988
  62.  0.449999988
  47.  0.449999988
  49.  0.449999988
  87.  0.449999988
  0.  0.449999988
  0.  0.449999988
  86.  0.449999988
  50.  0.449999988
  45.  0.449999988
  74.  0.449999988
  59.  0.449999988
  48.  0.449999988
  66.  0.449999988
  62.  0.449999988
  43.  0.449999988
  0.  0.449999988
  52.  0.449999988
  53.  0.449999988
  0.  0.449999988
  0.  0.449999988
  59.  0.449999988
  0.  0.449999988
  63.  0.449999988
  48.  0.449999988
  59.  0.449999988
  0.  0.449999988
  49.  0.449999988
  0.  0.449999988
  0.  0.449999988
  58.  0.449999988
  51.  0.449999988
  64.  0.449999988
  45.  0.449999988
  44.  0.449999988
  0.  0.449999988
  68.  0.449999988
  0.  0.449999988
  0.  0.449999988
  78.  0.449999988
  44.  0.449999988
  65.  0.449999988
  63.  0.449999988
  90.  0.449999988
  0.  0.449999988
  0.  0.449999988
  46.  0.449999988
  66.  0.449999988
  53.  0.449999988
  53.  0.449999988
  0.  0.449999988
  58.  0.449999988
  63.  0.449999988
  86.  0.449999988
  59.  0.449999988
  61.  0.449999988
  0.  0.449999988
  58.  0.449999988
  58.  0.449999988
  0.  0.449999988
  0.  0.449999988
  0.  0.449999988
