  0.  0.429999977
  55.  0.429999977
  58.  0.429999977
  0.  0.429999977
  58.  0.429999977
  0.  0.429999977
  62.  0.429999977
  45.  0.429999977
  55.  0.429999977
  42.  0.429999977
  0.  0.429999977
  69.  0.429999977
  46.  0.429999977
  57.  0.429999977
  0.  0.429999977
  0.  0.429999977
  87.  0.429999977
  0.  0.429999977
  48.  0.429999977
  49.  0.429999977
  0.  0.429999977
  0.  0.429999977
  32.  0.429999977
  42.  0.429999977
  89.  0.429999977
  0.  0.429999977
  0.  0.429999977
  72.  0.429999977
  43.  0.429999977
  0.  0.429999977
  0.  0.429999977
  51.  0.429999977
  38.  0.429999977
  62.  0.429999977
  0.  0.429999977
  71.  0.429999977
  0.  0.429999977
  0.  0.429999977
  61.  0.429999977
  0.  0.429999977
  0.  0.429999977
  52.  0.429999977
  0.  0.429999977
  54.  0.429999977
  47.  0.429999977
  0.  0.429999977
  0.  0.429999977
  59.  0.429999977
  46.  0.429999977
  74.  0.429999977
  0.  0.429999977
  0.  0.429999977
  54.  0.429999977
  59.  0.429999977
  40.  0.429999977
  49.  0.429999977
  52.  0.429999977
  54.  0.429999977
  66.  0.429999977
  0.  0.429999977
  0.  0.429999977
  68.  0.429999977
  37.  0.429999977
  68.  0.429999977
  59.  0.429999977
  47.  0.429999977
  45.  0.429999977
  53.  0.429999977
  57.  0.429999977
  55.  0.429999977
  0.  0.429999977
  63.  0.429999977
  33.  0.429999977
  68.  0.429999977
  55.  0.429999977
  45.  0.429999977
  60.  0.429999977
  39.  0.429999977
  65.  0.429999977
  0.  0.429999977
  70.  0.429999977
  0.  0.429999977
  48.  0.429999977
  63.  0.429999977
  0.  0.429999977
  55.  0.429999977
  0.  0.429999977
  0.  0.429999977
  48.  0.429999977
  49.  0.429999977
  0.  0.429999977
  48.  0.429999977
  45.  0.429999977
