  52.  0.159999996
  53.  0.159999996
  41.  0.159999996
  52.  0.159999996
  62.  0.159999996
  39.  0.159999996
  94.  0.159999996
  61.  0.159999996
  58.  0.159999996
  37.  0.159999996
  56.  0.159999996
  85.  0.159999996
  46.  0.159999996
  0.  0.159999996
  33.  0.159999996
  53.  0.159999996
  83.  0.159999996
  53.  0.159999996
  93.  0.159999996
  55.  0.159999996
  49.  0.159999996
  41.  0.159999996
  51.  0.159999996
  75.  0.159999996
  45.  0.159999996
  63.  0.159999996
  46.  0.159999996
  56.  0.159999996
  82.  0.159999996
  55.  0.159999996
  44.  0.159999996
  61.  0.159999996
  47.  0.159999996
  51.  0.159999996
  54.  0.159999996
  43.  0.159999996
  58.  0.159999996
  54.  0.159999996
  47.  0.159999996
  46.  0.159999996
  56.  0.159999996
  65.  0.159999996
  60.  0.159999996
  45.  0.159999996
  51.  0.159999996
  43.  0.159999996
  51.  0.159999996
  52.  0.159999996
  50.  0.159999996
  88.  0.159999996
  92.  0.159999996
  47.  0.159999996
  53.  0.159999996
  59.  0.159999996
  56.  0.159999996
  53.  0.159999996
  50.  0.159999996
  50.  0.159999996
  87.  0.159999996
  51.  0.159999996
  52.  0.159999996
  58.  0.159999996
  59.  0.159999996
  49.  0.159999996
  57.  0.159999996
  51.  0.159999996
  90.  0.159999996
  49.  0.159999996
  66.  0.159999996
  52.  0.159999996
  40.  0.159999996
  46.  0.159999996
  59.  0.159999996
  83.  0.159999996
  47.  0.159999996
  0.  0.159999996
  42.  0.159999996
  47.  0.159999996
  74.  0.159999996
  45.  0.159999996
  65.  0.159999996
  72.  0.159999996
  63.  0.159999996
  64.  0.159999996
  71.  0.159999996
  53.  0.159999996
  53.  0.159999996
  53.  0.159999996
  58.  0.159999996
  46.  0.159999996
  50.  0.159999996
  68.  0.159999996
  62.  0.159999996
  44.  0.159999996
  46.  0.159999996
  55.  0.159999996
  55.  0.159999996
  81.  0.159999996
  57.  0.159999996
  63.  0.159999996
