  51.  0.179999992
  94.  0.179999992
  60.  0.179999992
  51.  0.179999992
  43.  0.179999992
  55.  0.179999992
  42.  0.179999992
  0.  0.179999992
  43.  0.179999992
  58.  0.179999992
  42.  0.179999992
  38.  0.179999992
  44.  0.179999992
  72.  0.179999992
  55.  0.179999992
  0.  0.179999992
  39.  0.179999992
  46.  0.179999992
  44.  0.179999992
  53.  0.179999992
  0.  0.179999992
  48.  0.179999992
  69.  0.179999992
  91.  0.179999992
  57.  0.179999992
  57.  0.179999992
  63.  0.179999992
  53.  0.179999992
  45.  0.179999992
  52.  0.179999992
  45.  0.179999992
  45.  0.179999992
  41.  0.179999992
  50.  0.179999992
  94.  0.179999992
  84.  0.179999992
  54.  0.179999992
  48.  0.179999992
  48.  0.179999992
  55.  0.179999992
  52.  0.179999992
  57.  0.179999992
  52.  0.179999992
  61.  0.179999992
  53.  0.179999992
  35.  0.179999992
  53.  0.179999992
  0.  0.179999992
  55.  0.179999992
  46.  0.179999992
  45.  0.179999992
  56.  0.179999992
  49.  0.179999992
  41.  0.179999992
  36.  0.179999992
  40.  0.179999992
  71.  0.179999992
  57.  0.179999992
  68.  0.179999992
  74.  0.179999992
  49.  0.179999992
  60.  0.179999992
  80.  0.179999992
  52.  0.179999992
  46.  0.179999992
  47.  0.179999992
  45.  0.179999992
  63.  0.179999992
  59.  0.179999992
  71.  0.179999992
  44.  0.179999992
  59.  0.179999992
  42.  0.179999992
  51.  0.179999992
  43.  0.179999992
  43.  0.179999992
  62.  0.179999992
  39.  0.179999992
  35.  0.179999992
  0.  0.179999992
  39.  0.179999992
  72.  0.179999992
  66.  0.179999992
  54.  0.179999992
  70.  0.179999992
  64.  0.179999992
  0.  0.179999992
  38.  0.179999992
  42.  0.179999992
  48.  0.179999992
  51.  0.179999992
  0.  0.179999992
  38.  0.179999992
  91.  0.179999992
  0.  0.179999992
  47.  0.179999992
  55.  0.179999992
  56.  0.179999992
  54.  0.179999992
  60.  0.179999992
