  65.  0.0799999982
  79.  0.0799999982
  53.  0.0799999982
  45.  0.0799999982
  60.  0.0799999982
  60.  0.0799999982
  58.  0.0799999982
  94.  0.0799999982
  67.  0.0799999982
  61.  0.0799999982
  50.  0.0799999982
  59.  0.0799999982
  54.  0.0799999982
  80.  0.0799999982
  65.  0.0799999982
  58.  0.0799999982
  69.  0.0799999982
  57.  0.0799999982
  53.  0.0799999982
  52.  0.0799999982
  35.  0.0799999982
  85.  0.0799999982
  63.  0.0799999982
  57.  0.0799999982
  57.  0.0799999982
  53.  0.0799999982
  49.  0.0799999982
  0.  0.0799999982
  68.  0.0799999982
  0.  0.0799999982
  52.  0.0799999982
  49.  0.0799999982
  75.  0.0799999982
  51.  0.0799999982
  48.  0.0799999982
  56.  0.0799999982
  53.  0.0799999982
  51.  0.0799999982
  64.  0.0799999982
  70.  0.0799999982
  39.  0.0799999982
  57.  0.0799999982
  55.  0.0799999982
  47.  0.0799999982
  56.  0.0799999982
  57.  0.0799999982
  59.  0.0799999982
  53.  0.0799999982
  48.  0.0799999982
  44.  0.0799999982
  60.  0.0799999982
  71.  0.0799999982
  56.  0.0799999982
  45.  0.0799999982
  55.  0.0799999982
  55.  0.0799999982
  54.  0.0799999982
  45.  0.0799999982
  45.  0.0799999982
  49.  0.0799999982
  46.  0.0799999982
  47.  0.0799999982
  58.  0.0799999982
  94.  0.0799999982
  52.  0.0799999982
  62.  0.0799999982
  63.  0.0799999982
  52.  0.0799999982
  53.  0.0799999982
  49.  0.0799999982
  69.  0.0799999982
  69.  0.0799999982
  54.  0.0799999982
  60.  0.0799999982
  60.  0.0799999982
  64.  0.0799999982
  65.  0.0799999982
  35.  0.0799999982
  53.  0.0799999982
  45.  0.0799999982
  52.  0.0799999982
  69.  0.0799999982
  61.  0.0799999982
  81.  0.0799999982
  75.  0.0799999982
  39.  0.0799999982
  52.  0.0799999982
  48.  0.0799999982
  47.  0.0799999982
  48.  0.0799999982
  60.  0.0799999982
  53.  0.0799999982
  57.  0.0799999982
  61.  0.0799999982
  44.  0.0799999982
  54.  0.0799999982
  56.  0.0799999982
  62.  0.0799999982
  55.  0.0799999982
  53.  0.0799999982
