    0.00     61.0000
    0.01     62.2000
    0.02     58.7000
    0.03     59.6667
    0.04     59.4141
    0.05     57.3200
    0.06     58.9600
    0.07     59.7041
    0.08     57.1633
    0.09     57.9293
    0.10     57.9899
    0.11     57.1354
    0.12     55.6400
    0.13     55.9082
    0.14     56.0606
    0.15     56.1122
    0.16     56.9184
    0.17     53.0412
    0.18     53.9674
    0.19     54.1667
    0.20     55.6237
    0.21     53.7979
    0.22     53.6277
    0.23     54.6977
    0.24     53.0947
    0.25     51.8202
    0.26     51.5506
    0.27     52.1648
    0.28     50.3647
    0.29     53.5679
    0.30     50.4268
    0.31     53.1529
    0.32     52.4643
    0.33     51.1310
    0.34     51.5714
    0.35     47.6250
    0.36     50.3086
    0.37     49.4074
    0.38     47.1039
    0.39     52.3784
    0.40     47.4203
    0.41     48.3014
    0.42     45.3676
    0.43     46.4265
    0.44     47.1406
    0.45     44.4179
    0.46     49.7101
    0.47     48.4375
    0.48     44.2923
    0.49     47.2632
