  0.  0.25999999
  80.  0.25999999
  41.  0.25999999
  55.  0.25999999
  34.  0.25999999
  46.  0.25999999
  40.  0.25999999
  55.  0.25999999
  73.  0.25999999
  50.  0.25999999
  44.  0.25999999
  86.  0.25999999
  41.  0.25999999
  0.  0.25999999
  0.  0.25999999
  41.  0.25999999
  59.  0.25999999
  39.  0.25999999
  42.  0.25999999
  42.  0.25999999
  86.  0.25999999
  37.  0.25999999
  0.  0.25999999
  71.  0.25999999
  44.  0.25999999
  33.  0.25999999
  31.  0.25999999
  43.  0.25999999
  46.  0.25999999
  50.  0.25999999
  45.  0.25999999
  78.  0.25999999
  44.  0.25999999
  44.  0.25999999
  42.  0.25999999
  37.  0.25999999
  70.  0.25999999
  40.  0.25999999
  45.  0.25999999
  49.  0.25999999
  0.  0.25999999
  62.  0.25999999
  70.  0.25999999
  42.  0.25999999
  81.  0.25999999
  52.  0.25999999
  73.  0.25999999
  53.  0.25999999
  47.  0.25999999
  0.  0.25999999
  56.  0.25999999
  46.  0.25999999
  28.  0.25999999
  36.  0.25999999
  43.  0.25999999
  45.  0.25999999
  54.  0.25999999
  78.  0.25999999
  55.  0.25999999
  0.  0.25999999
  59.  0.25999999
  44.  0.25999999
  35.  0.25999999
  56.  0.25999999
  63.  0.25999999
  41.  0.25999999
  99.  0.25999999
  50.  0.25999999
  36.  0.25999999
  0.  0.25999999
  55.  0.25999999
  60.  0.25999999
  47.  0.25999999
  46.  0.25999999
  97.  0.25999999
  45.  0.25999999
  42.  0.25999999
  0.  0.25999999
  58.  0.25999999
  48.  0.25999999
  42.  0.25999999
  33.  0.25999999
  49.  0.25999999
  43.  0.25999999
  61.  0.25999999
  42.  0.25999999
  45.  0.25999999
  45.  0.25999999
  42.  0.25999999
  64.  0.25999999
  80.  0.25999999
  46.  0.25999999
  55.  0.25999999
  43.  0.25999999
  0.  0.25999999
  36.  0.25999999
  0.  0.25999999
  44.  0.25999999
  41.  0.25999999
  72.  0.25999999
