  53.  0.379999995
  0.  0.379999995
  0.  0.379999995
  35.  0.379999995
  52.  0.379999995
  50.  0.379999995
  33.  0.379999995
  0.  0.379999995
  49.  0.379999995
  44.  0.379999995
  34.  0.379999995
  40.  0.379999995
  0.  0.379999995
  46.  0.379999995
  62.  0.379999995
  78.  0.379999995
  0.  0.379999995
  43.  0.379999995
  28.  0.379999995
  34.  0.379999995
  50.  0.379999995
  48.  0.379999995
  0.  0.379999995
  83.  0.379999995
  49.  0.379999995
  34.  0.379999995
  100.  0.379999995
  37.  0.379999995
  43.  0.379999995
  0.  0.379999995
  61.  0.379999995
  66.  0.379999995
  59.  0.379999995
  36.  0.379999995
  42.  0.379999995
  33.  0.379999995
  0.  0.379999995
  41.  0.379999995
  0.  0.379999995
  38.  0.379999995
  0.  0.379999995
  0.  0.379999995
  38.  0.379999995
  41.  0.379999995
  0.  0.379999995
  40.  0.379999995
  0.  0.379999995
  77.  0.379999995
  51.  0.379999995
  42.  0.379999995
  0.  0.379999995
  44.  0.379999995
  0.  0.379999995
  39.  0.379999995
  28.  0.379999995
  39.  0.379999995
  67.  0.379999995
  45.  0.379999995
  39.  0.379999995
  44.  0.379999995
  38.  0.379999995
  51.  0.379999995
  44.  0.379999995
  42.  0.379999995
  49.  0.379999995
  44.  0.379999995
  51.  0.379999995
  0.  0.379999995
  98.  0.379999995
  58.  0.379999995
  41.  0.379999995
  0.  0.379999995
  32.  0.379999995
  29.  0.379999995
  83.  0.379999995
  32.  0.379999995
  54.  0.379999995
  38.  0.379999995
  0.  0.379999995
  52.  0.379999995
  36.  0.379999995
  39.  0.379999995
  46.  0.379999995
  39.  0.379999995
  0.  0.379999995
  71.  0.379999995
  34.  0.379999995
  40.  0.379999995
  0.  0.379999995
  0.  0.379999995
  43.  0.379999995
  0.  0.379999995
  45.  0.379999995
  48.  0.379999995
  41.  0.379999995
  49.  0.379999995
  37.  0.379999995
  51.  0.379999995
  37.  0.379999995
  0.  0.379999995
