  50.  0.209999993
  44.  0.209999993
  33.  0.209999993
  66.  0.209999993
  41.  0.209999993
  43.  0.209999993
  55.  0.209999993
  44.  0.209999993
  48.  0.209999993
  44.  0.209999993
  54.  0.209999993
  66.  0.209999993
  36.  0.209999993
  0.  0.209999993
  67.  0.209999993
  56.  0.209999993
  56.  0.209999993
  46.  0.209999993
  100.  0.209999993
  47.  0.209999993
  62.  0.209999993
  51.  0.209999993
  36.  0.209999993
  0.  0.209999993
  68.  0.209999993
  96.  0.209999993
  54.  0.209999993
  48.  0.209999993
  0.  0.209999993
  41.  0.209999993
  46.  0.209999993
  18.  0.209999993
  48.  0.209999993
  88.  0.209999993
  0.  0.209999993
  43.  0.209999993
  47.  0.209999993
  48.  0.209999993
  38.  0.209999993
  49.  0.209999993
  56.  0.209999993
  0.  0.209999993
  52.  0.209999993
  48.  0.209999993
  49.  0.209999993
  55.  0.209999993
  53.  0.209999993
  53.  0.209999993
  49.  0.209999993
  42.  0.209999993
  77.  0.209999993
  75.  0.209999993
  46.  0.209999993
  56.  0.209999993
  56.  0.209999993
  84.  0.209999993
  39.  0.209999993
  38.  0.209999993
  52.  0.209999993
  54.  0.209999993
  58.  0.209999993
  57.  0.209999993
  63.  0.209999993
  90.  0.209999993
  48.  0.209999993
  0.  0.209999993
  63.  0.209999993
  47.  0.209999993
  66.  0.209999993
  52.  0.209999993
  42.  0.209999993
  75.  0.209999993
  41.  0.209999993
  58.  0.209999993
  61.  0.209999993
  76.  0.209999993
  41.  0.209999993
  35.  0.209999993
  40.  0.209999993
  43.  0.209999993
  48.  0.209999993
  40.  0.209999993
  51.  0.209999993
  52.  0.209999993
  56.  0.209999993
  84.  0.209999993
  67.  0.209999993
  47.  0.209999993
  56.  0.209999993
  41.  0.209999993
  49.  0.209999993
  40.  0.209999993
  35.  0.209999993
  55.  0.209999993
  65.  0.209999993
  97.  0.209999993
  53.  0.209999993
  36.  0.209999993
  69.  0.209999993
  49.  0.209999993
