  53.  0.
  43.  0.
  57.  0.
  79.  0.
  75.  0.
  69.  0.
  46.  0.
  68.  0.
  54.  0.
  56.  0.
  75.  0.
  73.  0.
  49.  0.
  58.  0.
  70.  0.
  61.  0.
  60.  0.
  61.  0.
  68.  0.
  70.  0.
  64.  0.
  61.  0.
  62.  0.
  67.  0.
  65.  0.
  81.  0.
  70.  0.
  70.  0.
  52.  0.
  66.  0.
  56.  0.
  69.  0.
  50.  0.
  60.  0.
  49.  0.
  80.  0.
  51.  0.
  95.  0.
  60.  0.
  55.  0.
  56.  0.
  57.  0.
  70.  0.
  49.  0.
  67.  0.
  55.  0.
  76.  0.
  65.  0.
  82.  0.
  55.  0.
  57.  0.
  82.  0.
  65.  0.
  63.  0.
  60.  0.
  53.  0.
  62.  0.
  61.  0.
  57.  0.
  74.  0.
  59.  0.
  53.  0.
  55.  0.
  73.  0.
  64.  0.
  66.  0.
  62.  0.
  74.  0.
  54.  0.
  66.  0.
  59.  0.
  51.  0.
  66.  0.
  53.  0.
  58.  0.
  67.  0.
  47.  0.
  59.  0.
  49.  0.
  61.  0.
  52.  0.
  48.  0.
  47.  0.
  48.  0.
  52.  0.
  56.  0.
  50.  0.
  52.  0.
  61.  0.
  59.  0.
  50.  0.
  59.  0.
  56.  0.
  68.  0.
  63.  0.
  69.  0.
  53.  0.
  49.  0.
  58.  0.
  60.  0.
