  0.  0.399999976
  55.  0.399999976
  53.  0.399999976
  36.  0.399999976
  0.  0.399999976
  0.  0.399999976
  51.  0.399999976
  0.  0.399999976
  0.  0.399999976
  0.  0.399999976
  44.  0.399999976
  0.  0.399999976
  37.  0.399999976
  0.  0.399999976
  0.  0.399999976
  50.  0.399999976
  0.  0.399999976
  0.  0.399999976
  0.  0.399999976
  27.  0.399999976
  51.  0.399999976
  0.  0.399999976
  0.  0.399999976
  0.  0.399999976
  37.  0.399999976
  57.  0.399999976
  62.  0.399999976
  64.  0.399999976
  68.  0.399999976
  36.  0.399999976
  29.  0.399999976
  38.  0.399999976
  0.  0.399999976
  36.  0.399999976
  40.  0.399999976
  100.  0.399999976
  49.  0.399999976
  21.  0.399999976
  53.  0.399999976
  48.  0.399999976
  41.  0.399999976
  49.  0.399999976
  38.  0.399999976
  0.  0.399999976
  49.  0.399999976
  0.  0.399999976
  49.  0.399999976
  0.  0.399999976
  37.  0.399999976
  53.  0.399999976
  0.  0.399999976
  0.  0.399999976
  41.  0.399999976
  50.  0.399999976
  39.  0.399999976
  0.  0.399999976
  44.  0.399999976
  32.  0.399999976
  46.  0.399999976
  30.  0.399999976
  50.  0.399999976
  0.  0.399999976
  44.  0.399999976
  0.  0.399999976
  54.  0.399999976
  0.  0.399999976
  63.  0.399999976
  83.  0.399999976
  36.  0.399999976
  48.  0.399999976
  39.  0.399999976
  0.  0.399999976
  35.  0.399999976
  53.  0.399999976
  37.  0.399999976
  0.  0.399999976
  48.  0.399999976
  0.  0.399999976
  58.  0.399999976
  58.  0.399999976
  0.  0.399999976
  0.  0.399999976
  44.  0.399999976
  58.  0.399999976
  51.  0.399999976
  0.  0.399999976
  47.  0.399999976
  34.  0.399999976
  46.  0.399999976
  94.  0.399999976
  64.  0.399999976
  53.  0.399999976
  40.  0.399999976
  32.  0.399999976
  53.  0.399999976
  36.  0.399999976
  45.  0.399999976
  46.  0.399999976
  32.  0.399999976
  51.  0.399999976
