  54.  0.0399999991
  51.  0.0399999991
  52.  0.0399999991
  70.  0.0399999991
  51.  0.0399999991
  69.  0.0399999991
  62.  0.0399999991
  82.  0.0399999991
  51.  0.0399999991
  62.  0.0399999991
  56.  0.0399999991
  56.  0.0399999991
  45.  0.0399999991
  63.  0.0399999991
  55.  0.0399999991
  61.  0.0399999991
  63.  0.0399999991
  64.  0.0399999991
  51.  0.0399999991
  59.  0.0399999991
  56.  0.0399999991
  64.  0.0399999991
  68.  0.0399999991
  56.  0.0399999991
  50.  0.0399999991
  43.  0.0399999991
  48.  0.0399999991
  61.  0.0399999991
  51.  0.0399999991
  53.  0.0399999991
  67.  0.0399999991
  48.  0.0399999991
  55.  0.0399999991
  72.  0.0399999991
  69.  0.0399999991
  48.  0.0399999991
  68.  0.0399999991
  44.  0.0399999991
  68.  0.0399999991
  62.  0.0399999991
  62.  0.0399999991
  68.  0.0399999991
  51.  0.0399999991
  63.  0.0399999991
  55.  0.0399999991
  52.  0.0399999991
  0.  0.0399999991
  65.  0.0399999991
  62.  0.0399999991
  73.  0.0399999991
  54.  0.0399999991
  65.  0.0399999991
  54.  0.0399999991
  59.  0.0399999991
  56.  0.0399999991
  62.  0.0399999991
  60.  0.0399999991
  57.  0.0399999991
  59.  0.0399999991
  71.  0.0399999991
  51.  0.0399999991
  49.  0.0399999991
  56.  0.0399999991
  61.  0.0399999991
  58.  0.0399999991
  60.  0.0399999991
  53.  0.0399999991
  54.  0.0399999991
  58.  0.0399999991
  69.  0.0399999991
  67.  0.0399999991
  63.  0.0399999991
  54.  0.0399999991
  65.  0.0399999991
  55.  0.0399999991
  66.  0.0399999991
  53.  0.0399999991
  89.  0.0399999991
  66.  0.0399999991
  48.  0.0399999991
  71.  0.0399999991
  69.  0.0399999991
  65.  0.0399999991
  73.  0.0399999991
  81.  0.0399999991
  55.  0.0399999991
  56.  0.0399999991
  72.  0.0399999991
  79.  0.0399999991
  52.  0.0399999991
  43.  0.0399999991
  52.  0.0399999991
  53.  0.0399999991
  65.  0.0399999991
  59.  0.0399999991
  49.  0.0399999991
  55.  0.0399999991
  47.  0.0399999991
  65.  0.0399999991
  50.  0.0399999991
