  38.  0.48999998
  87.  0.48999998
  58.  0.48999998
  51.  0.48999998
  0.  0.48999998
  0.  0.48999998
  0.  0.48999998
  0.  0.48999998
  60.  0.48999998
  37.  0.48999998
  32.  0.48999998
  0.  0.48999998
  32.  0.48999998
  0.  0.48999998
  36.  0.48999998
  61.  0.48999998
  53.  0.48999998
  37.  0.48999998
  27.  0.48999998
  37.  0.48999998
  39.  0.48999998
  0.  0.48999998
  0.  0.48999998
  44.  0.48999998
  44.  0.48999998
  43.  0.48999998
  45.  0.48999998
  57.  0.48999998
  31.  0.48999998
  0.  0.48999998
  31.  0.48999998
  0.  0.48999998
  0.  0.48999998
  0.  0.48999998
  0.  0.48999998
  0.  0.48999998
  0.  0.48999998
  0.  0.48999998
  47.  0.48999998
  0.  0.48999998
  49.  0.48999998
  0.  0.48999998
  35.  0.48999998
  0.  0.48999998
  0.  0.48999998
  44.  0.48999998
  58.  0.48999998
  59.  0.48999998
  0.  0.48999998
  53.  0.48999998
  0.  0.48999998
  34.  0.48999998
  0.  0.48999998
  0.  0.48999998
  0.  0.48999998
  81.  0.48999998
  0.  0.48999998
  75.  0.48999998
  31.  0.48999998
  42.  0.48999998
  0.  0.48999998
  0.  0.48999998
  31.  0.48999998
  43.  0.48999998
  39.  0.48999998
  43.  0.48999998
  0.  0.48999998
  0.  0.48999998
  43.  0.48999998
  0.  0.48999998
  0.  0.48999998
  0.  0.48999998
  0.  0.48999998
  41.  0.48999998
  34.  0.48999998
  78.  0.48999998
  0.  0.48999998
  0.  0.48999998
  48.  0.48999998
  68.  0.48999998
  0.  0.48999998
  0.  0.48999998
  33.  0.48999998
  37.  0.48999998
  0.  0.48999998
  0.  0.48999998
  49.  0.48999998
  0.  0.48999998
  49.  0.48999998
  64.  0.48999998
  84.  0.48999998
  47.  0.48999998
  57.  0.48999998
  0.  0.48999998
  51.  0.48999998
  0.  0.48999998
  42.  0.48999998
  38.  0.48999998
  41.  0.48999998
  46.  0.48999998
