  58.  0.099999994
  87.  0.099999994
  48.  0.099999994
  53.  0.099999994
  60.  0.099999994
  59.  0.099999994
  54.  0.099999994
  72.  0.099999994
  51.  0.099999994
  50.  0.099999994
  50.  0.099999994
  46.  0.099999994
  49.  0.099999994
  53.  0.099999994
  55.  0.099999994
  80.  0.099999994
  51.  0.099999994
  51.  0.099999994
  57.  0.099999994
  47.  0.099999994
  49.  0.099999994
  55.  0.099999994
  44.  0.099999994
  65.  0.099999994
  54.  0.099999994
  58.  0.099999994
  56.  0.099999994
  47.  0.099999994
  44.  0.099999994
  98.  0.099999994
  72.  0.099999994
  64.  0.099999994
  65.  0.099999994
  96.  0.099999994
  37.  0.099999994
  41.  0.099999994
  60.  0.099999994
  63.  0.099999994
  48.  0.099999994
  55.  0.099999994
  61.  0.099999994
  44.  0.099999994
  56.  0.099999994
  57.  0.099999994
  46.  0.099999994
  0.  0.099999994
  52.  0.099999994
  57.  0.099999994
  44.  0.099999994
  49.  0.099999994
  47.  0.099999994
  50.  0.099999994
  50.  0.099999994
  75.  0.099999994
  59.  0.099999994
  52.  0.099999994
  71.  0.099999994
  87.  0.099999994
  52.  0.099999994
  53.  0.099999994
  59.  0.099999994
  44.  0.099999994
  70.  0.099999994
  58.  0.099999994
  69.  0.099999994
  51.  0.099999994
  71.  0.099999994
  75.  0.099999994
  58.  0.099999994
  55.  0.099999994
  73.  0.099999994
  63.  0.099999994
  70.  0.099999994
  46.  0.099999994
  54.  0.099999994
  48.  0.099999994
  39.  0.099999994
  63.  0.099999994
  69.  0.099999994
  51.  0.099999994
  70.  0.099999994
  58.  0.099999994
  44.  0.099999994
  75.  0.099999994
  61.  0.099999994
  69.  0.099999994
  67.  0.099999994
  57.  0.099999994
  64.  0.099999994
  48.  0.099999994
  88.  0.099999994
  49.  0.099999994
  50.  0.099999994
  48.  0.099999994
  62.  0.099999994
  70.  0.099999994
  50.  0.099999994
  58.  0.099999994
  49.  0.099999994
  54.  0.099999994
