  39.  0.049999997
  60.  0.049999997
  49.  0.049999997
  51.  0.049999997
  70.  0.049999997
  56.  0.049999997
  53.  0.049999997
  54.  0.049999997
  61.  0.049999997
  56.  0.049999997
  65.  0.049999997
  71.  0.049999997
  57.  0.049999997
  50.  0.049999997
  57.  0.049999997
  66.  0.049999997
  52.  0.049999997
  61.  0.049999997
  85.  0.049999997
  64.  0.049999997
  48.  0.049999997
  63.  0.049999997
  57.  0.049999997
  58.  0.049999997
  52.  0.049999997
  55.  0.049999997
  54.  0.049999997
  57.  0.049999997
  82.  0.049999997
  42.  0.049999997
  49.  0.049999997
  48.  0.049999997
  64.  0.049999997
  74.  0.049999997
  48.  0.049999997
  44.  0.049999997
  46.  0.049999997
  68.  0.049999997
  57.  0.049999997
  52.  0.049999997
  51.  0.049999997
  78.  0.049999997
  45.  0.049999997
  55.  0.049999997
  71.  0.049999997
  52.  0.049999997
  39.  0.049999997
  53.  0.049999997
  66.  0.049999997
  50.  0.049999997
  57.  0.049999997
  60.  0.049999997
  56.  0.049999997
  65.  0.049999997
  49.  0.049999997
  54.  0.049999997
  66.  0.049999997
  48.  0.049999997
  67.  0.049999997
  84.  0.049999997
  45.  0.049999997
  56.  0.049999997
  58.  0.049999997
  72.  0.049999997
  57.  0.049999997
  49.  0.049999997
  49.  0.049999997
  57.  0.049999997
  40.  0.049999997
  65.  0.049999997
  50.  0.049999997
  55.  0.049999997
  39.  0.049999997
  19.  0.049999997
  48.  0.049999997
  61.  0.049999997
  89.  0.049999997
  59.  0.049999997
  47.  0.049999997
  60.  0.049999997
  52.  0.049999997
  69.  0.049999997
  77.  0.049999997
  64.  0.049999997
  52.  0.049999997
  76.  0.049999997
  61.  0.049999997
  47.  0.049999997
  53.  0.049999997
  49.  0.049999997
  63.  0.049999997
  66.  0.049999997
  79.  0.049999997
  51.  0.049999997
  59.  0.049999997
  51.  0.049999997
  55.  0.049999997
  52.  0.049999997
  68.  0.049999997
  52.  0.049999997
