  42.  0.299999982
  47.  0.299999982
  62.  0.299999982
  47.  0.299999982
  40.  0.299999982
  30.  0.299999982
  70.  0.299999982
  45.  0.299999982
  89.  0.299999982
  44.  0.299999982
  0.  0.299999982
  0.  0.299999982
  57.  0.299999982
  69.  0.299999982
  48.  0.299999982
  40.  0.299999982
  54.  0.299999982
  49.  0.299999982
  43.  0.299999982
  0.  0.299999982
  49.  0.299999982
  68.  0.299999982
  46.  0.299999982
  47.  0.299999982
  0.  0.299999982
  57.  0.299999982
  0.  0.299999982
  0.  0.299999982
  65.  0.299999982
  41.  0.299999982
  0.  0.299999982
  40.  0.299999982
  0.  0.299999982
  0.  0.299999982
  37.  0.299999982
  60.  0.299999982
  45.  0.299999982
  42.  0.299999982
  52.  0.299999982
  49.  0.299999982
  50.  0.299999982
  47.  0.299999982
  48.  0.299999982
  66.  0.299999982
  43.  0.299999982
  50.  0.299999982
  45.  0.299999982
  0.  0.299999982
  0.  0.299999982
  61.  0.299999982
  45.  0.299999982
  35.  0.299999982
  46.  0.299999982
  0.  0.299999982
  45.  0.299999982
  47.  0.299999982
  48.  0.299999982
  61.  0.299999982
  65.  0.299999982
  42.  0.299999982
  50.  0.299999982
  51.  0.299999982
  38.  0.299999982
  46.  0.299999982
  0.  0.299999982
  45.  0.299999982
  44.  0.299999982
  0.  0.299999982
  42.  0.299999982
  37.  0.299999982
  41.  0.299999982
  42.  0.299999982
  90.  0.299999982
  42.  0.299999982
  46.  0.299999982
  47.  0.299999982
  59.  0.299999982
  0.  0.299999982
  48.  0.299999982
  32.  0.299999982
  63.  0.299999982
  44.  0.299999982
  39.  0.299999982
  50.  0.299999982
  33.  0.299999982
  86.  0.299999982
  33.  0.299999982
  49.  0.299999982
  94.  0.299999982
  56.  0.299999982
  44.  0.299999982
  39.  0.299999982
  92.  0.299999982
  0.  0.299999982
  41.  0.299999982
  0.  0.299999982
  48.  0.299999982
  49.  0.299999982
  0.  0.299999982
  57.  0.299999982
