  35.  0.469999999
  25.  0.469999999
  87.  0.469999999
  0.  0.469999999
  89.  0.469999999
  53.  0.469999999
  0.  0.469999999
  61.  0.469999999
  0.  0.469999999
  0.  0.469999999
  35.  0.469999999
  63.  0.469999999
  74.  0.469999999
  45.  0.469999999
  0.  0.469999999
  42.  0.469999999
  0.  0.469999999
  41.  0.469999999
  85.  0.469999999
  48.  0.469999999
  57.  0.469999999
  0.  0.469999999
  42.  0.469999999
  0.  0.469999999
  44.  0.469999999
  70.  0.469999999
  0.  0.469999999
  37.  0.469999999
  0.  0.469999999
  40.  0.469999999
  69.  0.469999999
  51.  0.469999999
  32.  0.469999999
  39.  0.469999999
  0.  0.469999999
  0.  0.469999999
  52.  0.469999999
  37.  0.469999999
  0.  0.469999999
  0.  0.469999999
  49.  0.469999999
  0.  0.469999999
  44.  0.469999999
  33.  0.469999999
  0.  0.469999999
  56.  0.469999999
  0.  0.469999999
  0.  0.469999999
  42.  0.469999999
  0.  0.469999999
  42.  0.469999999
  53.  0.469999999
  0.  0.469999999
  0.  0.469999999
  52.  0.469999999
  40.  0.469999999
  39.  0.469999999
  0.  0.469999999
  79.  0.469999999
  35.  0.469999999
  0.  0.469999999
  0.  0.469999999
  38.  0.469999999
  48.  0.469999999
  0.  0.469999999
  0.  0.469999999
  41.  0.469999999
  46.  0.469999999
  69.  0.469999999
  78.  0.469999999
  43.  0.469999999
  45.  0.469999999
  35.  0.469999999
  45.  0.469999999
  0.  0.469999999
  38.  0.469999999
  87.  0.469999999
  0.  0.469999999
  36.  0.469999999
  26.  0.469999999
  37.  0.469999999
  36.  0.469999999
  53.  0.469999999
  42.  0.469999999
  37.  0.469999999
  0.  0.469999999
  0.  0.469999999
  37.  0.469999999
  36.  0.469999999
  0.  0.469999999
  0.  0.469999999
  41.  0.469999999
  53.  0.469999999
  40.  0.469999999
  0.  0.469999999
  56.  0.469999999
  0.  0.469999999
  0.  0.469999999
  0.  0.469999999
  40.  0.469999999
