  70.  0.0599999987
  54.  0.0599999987
  55.  0.0599999987
  58.  0.0599999987
  66.  0.0599999987
  54.  0.0599999987
  69.  0.0599999987
  91.  0.0599999987
  74.  0.0599999987
  54.  0.0599999987
  46.  0.0599999987
  56.  0.0599999987
  68.  0.0599999987
  57.  0.0599999987
  51.  0.0599999987
  61.  0.0599999987
  53.  0.0599999987
  66.  0.0599999987
  64.  0.0599999987
  62.  0.0599999987
  63.  0.0599999987
  60.  0.0599999987
  50.  0.0599999987
  63.  0.0599999987
  56.  0.0599999987
  61.  0.0599999987
  47.  0.0599999987
  43.  0.0599999987
  46.  0.0599999987
  50.  0.0599999987
  46.  0.0599999987
  50.  0.0599999987
  49.  0.0599999987
  45.  0.0599999987
  51.  0.0599999987
  87.  0.0599999987
  61.  0.0599999987
  60.  0.0599999987
  60.  0.0599999987
  52.  0.0599999987
  72.  0.0599999987
  51.  0.0599999987
  56.  0.0599999987
  60.  0.0599999987
  51.  0.0599999987
  61.  0.0599999987
  45.  0.0599999987
  62.  0.0599999987
  61.  0.0599999987
  57.  0.0599999987
  68.  0.0599999987
  52.  0.0599999987
  59.  0.0599999987
  81.  0.0599999987
  57.  0.0599999987
  53.  0.0599999987
  53.  0.0599999987
  60.  0.0599999987
  49.  0.0599999987
  57.  0.0599999987
  48.  0.0599999987
  65.  0.0599999987
  62.  0.0599999987
  52.  0.0599999987
  71.  0.0599999987
  52.  0.0599999987
  78.  0.0599999987
  50.  0.0599999987
  56.  0.0599999987
  46.  0.0599999987
  48.  0.0599999987
  63.  0.0599999987
  47.  0.0599999987
  59.  0.0599999987
  59.  0.0599999987
  58.  0.0599999987
  51.  0.0599999987
  65.  0.0599999987
  56.  0.0599999987
  57.  0.0599999987
  62.  0.0599999987
  98.  0.0599999987
  96.  0.0599999987
  65.  0.0599999987
  56.  0.0599999987
  66.  0.0599999987
  60.  0.0599999987
  68.  0.0599999987
  44.  0.0599999987
  48.  0.0599999987
  59.  0.0599999987
  64.  0.0599999987
  49.  0.0599999987
  65.  0.0599999987
  50.  0.0599999987
  79.  0.0599999987
  74.  0.0599999987
  49.  0.0599999987
  54.  0.0599999987
  53.  0.0599999987
