  0.  0.429999977
  38.  0.429999977
  42.  0.429999977
  0.  0.429999977
  44.  0.429999977
  0.  0.429999977
  47.  0.429999977
  34.  0.429999977
  39.  0.429999977
  28.  0.429999977
  0.  0.429999977
  52.  0.429999977
  35.  0.429999977
  47.  0.429999977
  0.  0.429999977
  0.  0.429999977
  77.  0.429999977
  0.  0.429999977
  30.  0.429999977
  38.  0.429999977
  0.  0.429999977
  0.  0.429999977
  27.  0.429999977
  27.  0.429999977
  77.  0.429999977
  0.  0.429999977
  0.  0.429999977
  57.  0.429999977
  33.  0.429999977
  0.  0.429999977
  0.  0.429999977
  40.  0.429999977
  31.  0.429999977
  49.  0.429999977
  0.  0.429999977
  55.  0.429999977
  0.  0.429999977
  0.  0.429999977
  66.  0.429999977
  66.  0.429999977
  51.  0.429999977
  99.  0.429999977
  0.  0.429999977
  94.  0.429999977
  0.  0.429999977
  39.  0.429999977
  0.  0.429999977
  40.  0.429999977
  33.  0.429999977
  0.  0.429999977
  0.  0.429999977
  93.  0.429999977
  48.  0.429999977
  35.  0.429999977
  64.  0.429999977
  0.  0.429999977
  0.  0.429999977
  43.  0.429999977
  42.  0.429999977
  32.  0.429999977
  45.  0.429999977
  41.  0.429999977
  43.  0.429999977
  56.  0.429999977
  0.  0.429999977
  0.  0.429999977
  50.  0.429999977
  28.  0.429999977
  51.  0.429999977
  47.  0.429999977
  87.  0.429999977
  31.  0.429999977
  36.  0.429999977
  40.  0.429999977
  41.  0.429999977
  44.  0.429999977
  0.  0.429999977
  44.  0.429999977
  33.  0.429999977
  55.  0.429999977
  42.  0.429999977
  36.  0.429999977
  46.  0.429999977
  30.  0.429999977
  53.  0.429999977
  0.  0.429999977
  54.  0.429999977
  0.  0.429999977
  37.  0.429999977
  49.  0.429999977
  0.  0.429999977
  40.  0.429999977
  0.  0.429999977
  0.  0.429999977
  35.  0.429999977
  39.  0.429999977
  0.  0.429999977
  66.  0.429999977
  37.  0.429999977
  29.  0.429999977
