  57.  0.189999998
  42.  0.189999998
  64.  0.189999998
  48.  0.189999998
  40.  0.189999998
  38.  0.189999998
  50.  0.189999998
  53.  0.189999998
  51.  0.189999998
  47.  0.189999998
  58.  0.189999998
  53.  0.189999998
  48.  0.189999998
  43.  0.189999998
  39.  0.189999998
  53.  0.189999998
  0.  0.189999998
  58.  0.189999998
  52.  0.189999998
  46.  0.189999998
  43.  0.189999998
  49.  0.189999998
  35.  0.189999998
  41.  0.189999998
  61.  0.189999998
  47.  0.189999998
  45.  0.189999998
  57.  0.189999998
  50.  0.189999998
  81.  0.189999998
  86.  0.189999998
  42.  0.189999998
  45.  0.189999998
  50.  0.189999998
  60.  0.189999998
  76.  0.189999998
  40.  0.189999998
  73.  0.189999998
  78.  0.189999998
  68.  0.189999998
  50.  0.189999998
  41.  0.189999998
  65.  0.189999998
  75.  0.189999998
  49.  0.189999998
  54.  0.189999998
  65.  0.189999998
  52.  0.189999998
  66.  0.189999998
  64.  0.189999998
  54.  0.189999998
  75.  0.189999998
  36.  0.189999998
  55.  0.189999998
  87.  0.189999998
  65.  0.189999998
  61.  0.189999998
  59.  0.189999998
  45.  0.189999998
  52.  0.189999998
  65.  0.189999998
  55.  0.189999998
  50.  0.189999998
  46.  0.189999998
  45.  0.189999998
  63.  0.189999998
  44.  0.189999998
  44.  0.189999998
  47.  0.189999998
  40.  0.189999998
  53.  0.189999998
  34.  0.189999998
  60.  0.189999998
  63.  0.189999998
  36.  0.189999998
  0.  0.189999998
  48.  0.189999998
  58.  0.189999998
  0.  0.189999998
  64.  0.189999998
  61.  0.189999998
  79.  0.189999998
  50.  0.189999998
  0.  0.189999998
  53.  0.189999998
  83.  0.189999998
  45.  0.189999998
  59.  0.189999998
  63.  0.189999998
  43.  0.189999998
  35.  0.189999998
  35.  0.189999998
  45.  0.189999998
  55.  0.189999998
  45.  0.189999998
  71.  0.189999998
  57.  0.189999998
  46.  0.189999998
  69.  0.189999998
  54.  0.189999998
