  76.  0.319999993
  48.  0.319999993
  83.  0.319999993
  39.  0.319999993
  50.  0.319999993
  73.  0.319999993
  41.  0.319999993
  43.  0.319999993
  51.  0.319999993
  38.  0.319999993
  39.  0.319999993
  46.  0.319999993
  57.  0.319999993
  0.  0.319999993
  47.  0.319999993
  0.  0.319999993
  33.  0.319999993
  61.  0.319999993
  51.  0.319999993
  0.  0.319999993
  63.  0.319999993
  0.  0.319999993
  35.  0.319999993
  65.  0.319999993
  80.  0.319999993
  0.  0.319999993
  35.  0.319999993
  54.  0.319999993
  59.  0.319999993
  42.  0.319999993
  62.  0.319999993
  46.  0.319999993
  70.  0.319999993
  0.  0.319999993
  0.  0.319999993
  0.  0.319999993
  64.  0.319999993
  62.  0.319999993
  39.  0.319999993
  46.  0.319999993
  49.  0.319999993
  0.  0.319999993
  75.  0.319999993
  40.  0.319999993
  56.  0.319999993
  47.  0.319999993
  42.  0.319999993
  69.  0.319999993
  57.  0.319999993
  70.  0.319999993
  53.  0.319999993
  61.  0.319999993
  0.  0.319999993
  41.  0.319999993
  66.  0.319999993
  0.  0.319999993
  77.  0.319999993
  46.  0.319999993
  34.  0.319999993
  38.  0.319999993
  50.  0.319999993
  39.  0.319999993
  0.  0.319999993
  76.  0.319999993
  44.  0.319999993
  69.  0.319999993
  41.  0.319999993
  43.  0.319999993
  38.  0.319999993
  0.  0.319999993
  58.  0.319999993
  46.  0.319999993
  53.  0.319999993
  74.  0.319999993
  56.  0.319999993
  43.  0.319999993
  45.  0.319999993
  49.  0.319999993
  41.  0.319999993
  81.  0.319999993
  0.  0.319999993
  0.  0.319999993
  30.  0.319999993
  46.  0.319999993
  37.  0.319999993
  35.  0.319999993
  63.  0.319999993
  74.  0.319999993
  51.  0.319999993
  37.  0.319999993
  57.  0.319999993
  48.  0.319999993
  50.  0.319999993
  59.  0.319999993
  44.  0.319999993
  39.  0.319999993
  0.  0.319999993
  66.  0.319999993
  36.  0.319999993
  70.  0.319999993
