  55.  0.0899999961
  51.  0.0899999961
  38.  0.0899999961
  53.  0.0899999961
  74.  0.0899999961
  51.  0.0899999961
  58.  0.0899999961
  72.  0.0899999961
  52.  0.0899999961
  70.  0.0899999961
  43.  0.0899999961
  64.  0.0899999961
  46.  0.0899999961
  57.  0.0899999961
  60.  0.0899999961
  61.  0.0899999961
  47.  0.0899999961
  52.  0.0899999961
  76.  0.0899999961
  54.  0.0899999961
  39.  0.0899999961
  80.  0.0899999961
  52.  0.0899999961
  87.  0.0899999961
  55.  0.0899999961
  76.  0.0899999961
  51.  0.0899999961
  49.  0.0899999961
  67.  0.0899999961
  76.  0.0899999961
  57.  0.0899999961
  48.  0.0899999961
  50.  0.0899999961
  73.  0.0899999961
  49.  0.0899999961
  46.  0.0899999961
  48.  0.0899999961
  49.  0.0899999961
  52.  0.0899999961
  55.  0.0899999961
  56.  0.0899999961
  61.  0.0899999961
  59.  0.0899999961
  54.  0.0899999961
  42.  0.0899999961
  58.  0.0899999961
  64.  0.0899999961
  64.  0.0899999961
  43.  0.0899999961
  64.  0.0899999961
  64.  0.0899999961
  58.  0.0899999961
  63.  0.0899999961
  45.  0.0899999961
  57.  0.0899999961
  55.  0.0899999961
  48.  0.0899999961
  53.  0.0899999961
  53.  0.0899999961
  55.  0.0899999961
  72.  0.0899999961
  55.  0.0899999961
  52.  0.0899999961
  47.  0.0899999961
  51.  0.0899999961
  69.  0.0899999961
  52.  0.0899999961
  47.  0.0899999961
  44.  0.0899999961
  55.  0.0899999961
  81.  0.0899999961
  57.  0.0899999961
  0.  0.0899999961
  59.  0.0899999961
  53.  0.0899999961
  50.  0.0899999961
  68.  0.0899999961
  50.  0.0899999961
  66.  0.0899999961
  74.  0.0899999961
  57.  0.0899999961
  61.  0.0899999961
  42.  0.0899999961
  61.  0.0899999961
  58.  0.0899999961
  73.  0.0899999961
  63.  0.0899999961
  58.  0.0899999961
  63.  0.0899999961
  47.  0.0899999961
  85.  0.0899999961
  77.  0.0899999961
  53.  0.0899999961
  87.  0.0899999961
  60.  0.0899999961
  57.  0.0899999961
  51.  0.0899999961
  56.  0.0899999961
  44.  0.0899999961
  71.  0.0899999961
