  61.  0.349999994
  0.  0.349999994
  43.  0.349999994
  47.  0.349999994
  41.  0.349999994
  36.  0.349999994
  0.  0.349999994
  0.  0.349999994
  46.  0.349999994
  66.  0.349999994
  36.  0.349999994
  45.  0.349999994
  44.  0.349999994
  45.  0.349999994
  82.  0.349999994
  40.  0.349999994
  49.  0.349999994
  0.  0.349999994
  46.  0.349999994
  47.  0.349999994
  81.  0.349999994
  42.  0.349999994
  61.  0.349999994
  0.  0.349999994
  47.  0.349999994
  32.  0.349999994
  50.  0.349999994
  42.  0.349999994
  33.  0.349999994
  28.  0.349999994
  47.  0.349999994
  43.  0.349999994
  57.  0.349999994
  0.  0.349999994
  49.  0.349999994
  32.  0.349999994
  90.  0.349999994
  0.  0.349999994
  33.  0.349999994
  50.  0.349999994
  47.  0.349999994
  61.  0.349999994
  0.  0.349999994
  50.  0.349999994
  0.  0.349999994
  0.  0.349999994
  45.  0.349999994
  34.  0.349999994
  49.  0.349999994
  29.  0.349999994
  54.  0.349999994
  31.  0.349999994
  34.  0.349999994
  38.  0.349999994
  0.  0.349999994
  39.  0.349999994
  70.  0.349999994
  23.  0.349999994
  43.  0.349999994
  44.  0.349999994
  0.  0.349999994
  58.  0.349999994
  0.  0.349999994
  0.  0.349999994
  45.  0.349999994
  36.  0.349999994
  0.  0.349999994
  76.  0.349999994
  73.  0.349999994
  47.  0.349999994
  0.  0.349999994
  36.  0.349999994
  70.  0.349999994
  35.  0.349999994
  0.  0.349999994
  47.  0.349999994
  0.  0.349999994
  47.  0.349999994
  40.  0.349999994
  40.  0.349999994
  52.  0.349999994
  37.  0.349999994
  29.  0.349999994
  69.  0.349999994
  38.  0.349999994
  0.  0.349999994
  42.  0.349999994
  46.  0.349999994
  61.  0.349999994
  37.  0.349999994
  51.  0.349999994
  0.  0.349999994
  50.  0.349999994
  85.  0.349999994
  41.  0.349999994
  47.  0.349999994
  39.  0.349999994
  38.  0.349999994
  75.  0.349999994
  41.  0.349999994
