  69.  0.00999999978
  61.  0.00999999978
  61.  0.00999999978
  81.  0.00999999978
  73.  0.00999999978
  60.  0.00999999978
  47.  0.00999999978
  87.  0.00999999978
  50.  0.00999999978
  59.  0.00999999978
  47.  0.00999999978
  70.  0.00999999978
  65.  0.00999999978
  51.  0.00999999978
  89.  0.00999999978
  70.  0.00999999978
  57.  0.00999999978
  85.  0.00999999978
  48.  0.00999999978
  56.  0.00999999978
  56.  0.00999999978
  69.  0.00999999978
  86.  0.00999999978
  49.  0.00999999978
  52.  0.00999999978
  59.  0.00999999978
  65.  0.00999999978
  72.  0.00999999978
  73.  0.00999999978
  61.  0.00999999978
  66.  0.00999999978
  60.  0.00999999978
  65.  0.00999999978
  51.  0.00999999978
  67.  0.00999999978
  49.  0.00999999978
  48.  0.00999999978
  61.  0.00999999978
  62.  0.00999999978
  60.  0.00999999978
  63.  0.00999999978
  67.  0.00999999978
  58.  0.00999999978
  58.  0.00999999978
  84.  0.00999999978
  48.  0.00999999978
  75.  0.00999999978
  68.  0.00999999978
  88.  0.00999999978
  56.  0.00999999978
  62.  0.00999999978
  61.  0.00999999978
  69.  0.00999999978
  63.  0.00999999978
  67.  0.00999999978
  72.  0.00999999978
  82.  0.00999999978
  63.  0.00999999978
  49.  0.00999999978
  62.  0.00999999978
  73.  0.00999999978
  53.  0.00999999978
  44.  0.00999999978
  68.  0.00999999978
  62.  0.00999999978
  54.  0.00999999978
  57.  0.00999999978
  59.  0.00999999978
  48.  0.00999999978
  47.  0.00999999978
  49.  0.00999999978
  58.  0.00999999978
  61.  0.00999999978
  51.  0.00999999978
  61.  0.00999999978
  70.  0.00999999978
  60.  0.00999999978
  70.  0.00999999978
  70.  0.00999999978
  51.  0.00999999978
  65.  0.00999999978
  77.  0.00999999978
  65.  0.00999999978
  52.  0.00999999978
  55.  0.00999999978
  80.  0.00999999978
  71.  0.00999999978
  58.  0.00999999978
  71.  0.00999999978
  69.  0.00999999978
  52.  0.00999999978
  47.  0.00999999978
  62.  0.00999999978
  51.  0.00999999978
  72.  0.00999999978
  54.  0.00999999978
  54.  0.00999999978
  61.  0.00999999978
  52.  0.00999999978
  54.  0.00999999978
