  35.  0.439999998
  50.  0.439999998
  40.  0.439999998
  0.  0.439999998
  0.  0.439999998
  0.  0.439999998
  48.  0.439999998
  0.  0.439999998
  0.  0.439999998
  29.  0.439999998
  45.  0.439999998
  49.  0.439999998
  0.  0.439999998
  49.  0.439999998
  42.  0.439999998
  42.  0.439999998
  0.  0.439999998
  53.  0.439999998
  44.  0.439999998
  37.  0.439999998
  48.  0.439999998
  54.  0.439999998
  0.  0.439999998
  35.  0.439999998
  41.  0.439999998
  0.  0.439999998
  38.  0.439999998
  45.  0.439999998
  0.  0.439999998
  40.  0.439999998
  45.  0.439999998
  45.  0.439999998
  24.  0.439999998
  0.  0.439999998
  0.  0.439999998
  43.  0.439999998
  0.  0.439999998
  47.  0.439999998
  0.  0.439999998
  60.  0.439999998
  55.  0.439999998
  0.  0.439999998
  0.  0.439999998
  38.  0.439999998
  31.  0.439999998
  53.  0.439999998
  61.  0.439999998
  52.  0.439999998
  47.  0.439999998
  0.  0.439999998
  0.  0.439999998
  44.  0.439999998
  43.  0.439999998
  0.  0.439999998
  30.  0.439999998
  80.  0.439999998
  0.  0.439999998
  0.  0.439999998
  0.  0.439999998
  0.  0.439999998
  33.  0.439999998
  0.  0.439999998
  0.  0.439999998
  0.  0.439999998
  0.  0.439999998
  34.  0.439999998
  0.  0.439999998
  74.  0.439999998
  39.  0.439999998
  40.  0.439999998
  47.  0.439999998
  0.  0.439999998
  46.  0.439999998
  77.  0.439999998
  0.  0.439999998
  0.  0.439999998
  0.  0.439999998
  40.  0.439999998
  41.  0.439999998
  54.  0.439999998
  0.  0.439999998
  41.  0.439999998
  48.  0.439999998
  90.  0.439999998
  100.  0.439999998
  45.  0.439999998
  45.  0.439999998
  39.  0.439999998
  39.  0.439999998
  42.  0.439999998
  55.  0.439999998
  32.  0.439999998
  33.  0.439999998
  0.  0.439999998
  0.  0.439999998
  40.  0.439999998
  0.  0.439999998
  91.  0.439999998
  47.  0.439999998
  43.  0.439999998
