  57.  0.0700000003
  58.  0.0700000003
  50.  0.0700000003
  59.  0.0700000003
  0.  0.0700000003
  60.  0.0700000003
  48.  0.0700000003
  45.  0.0700000003
  77.  0.0700000003
  49.  0.0700000003
  57.  0.0700000003
  66.  0.0700000003
  51.  0.0700000003
  65.  0.0700000003
  58.  0.0700000003
  58.  0.0700000003
  66.  0.0700000003
  48.  0.0700000003
  48.  0.0700000003
  64.  0.0700000003
  54.  0.0700000003
  69.  0.0700000003
  55.  0.0700000003
  51.  0.0700000003
  65.  0.0700000003
  74.  0.0700000003
  47.  0.0700000003
  55.  0.0700000003
  65.  0.0700000003
  67.  0.0700000003
  59.  0.0700000003
  48.  0.0700000003
  61.  0.0700000003
  85.  0.0700000003
  56.  0.0700000003
  65.  0.0700000003
  84.  0.0700000003
  55.  0.0700000003
  53.  0.0700000003
  46.  0.0700000003
  53.  0.0700000003
  69.  0.0700000003
  56.  0.0700000003
  69.  0.0700000003
  48.  0.0700000003
  62.  0.0700000003
  47.  0.0700000003
  49.  0.0700000003
  65.  0.0700000003
  63.  0.0700000003
  68.  0.0700000003
  73.  0.0700000003
  59.  0.0700000003
  54.  0.0700000003
  48.  0.0700000003
  73.  0.0700000003
  44.  0.0700000003
  49.  0.0700000003
  72.  0.0700000003
  48.  0.0700000003
  57.  0.0700000003
  67.  0.0700000003
  74.  0.0700000003
  47.  0.0700000003
  0.  0.0700000003
  69.  0.0700000003
  47.  0.0700000003
  49.  0.0700000003
  65.  0.0700000003
  66.  0.0700000003
  55.  0.0700000003
  54.  0.0700000003
  53.  0.0700000003
  56.  0.0700000003
  71.  0.0700000003
  62.  0.0700000003
  58.  0.0700000003
  56.  0.0700000003
  53.  0.0700000003
  56.  0.0700000003
  47.  0.0700000003
  48.  0.0700000003
  93.  0.0700000003
  57.  0.0700000003
  76.  0.0700000003
  52.  0.0700000003
  75.  0.0700000003
  49.  0.0700000003
  53.  0.0700000003
  47.  0.0700000003
  67.  0.0700000003
  85.  0.0700000003
  49.  0.0700000003
  81.  0.0700000003
  45.  0.0700000003
  64.  0.0700000003
  76.  0.0700000003
  55.  0.0700000003
  52.  0.0700000003
  98.  0.0700000003
