  53.  0.0299999993
  54.  0.0299999993
  61.  0.0299999993
  69.  0.0299999993
  58.  0.0299999993
  48.  0.0299999993
  86.  0.0299999993
  44.  0.0299999993
  57.  0.0299999993
  65.  0.0299999993
  64.  0.0299999993
  57.  0.0299999993
  49.  0.0299999993
  93.  0.0299999993
  71.  0.0299999993
  62.  0.0299999993
  62.  0.0299999993
  51.  0.0299999993
  66.  0.0299999993
  53.  0.0299999993
  78.  0.0299999993
  60.  0.0299999993
  65.  0.0299999993
  51.  0.0299999993
  54.  0.0299999993
  57.  0.0299999993
  64.  0.0299999993
  64.  0.0299999993
  66.  0.0299999993
  60.  0.0299999993
  78.  0.0299999993
  55.  0.0299999993
  68.  0.0299999993
  64.  0.0299999993
  50.  0.0299999993
  78.  0.0299999993
  66.  0.0299999993
  55.  0.0299999993
  60.  0.0299999993
  57.  0.0299999993
  48.  0.0299999993
  65.  0.0299999993
  51.  0.0299999993
  59.  0.0299999993
  53.  0.0299999993
  51.  0.0299999993
  61.  0.0299999993
  64.  0.0299999993
  73.  0.0299999993
  46.  0.0299999993
  58.  0.0299999993
  66.  0.0299999993
  59.  0.0299999993
  61.  0.0299999993
  52.  0.0299999993
  55.  0.0299999993
  76.  0.0299999993
  55.  0.0299999993
  51.  0.0299999993
  55.  0.0299999993
  56.  0.0299999993
  51.  0.0299999993
  63.  0.0299999993
  67.  0.0299999993
  55.  0.0299999993
  62.  0.0299999993
  0.  0.0299999993
  60.  0.0299999993
  56.  0.0299999993
  61.  0.0299999993
  56.  0.0299999993
  69.  0.0299999993
  50.  0.0299999993
  49.  0.0299999993
  54.  0.0299999993
  52.  0.0299999993
  48.  0.0299999993
  82.  0.0299999993
  52.  0.0299999993
  59.  0.0299999993
  65.  0.0299999993
  52.  0.0299999993
  61.  0.0299999993
  72.  0.0299999993
  49.  0.0299999993
  66.  0.0299999993
  55.  0.0299999993
  66.  0.0299999993
  60.  0.0299999993
  44.  0.0299999993
  47.  0.0299999993
  57.  0.0299999993
  48.  0.0299999993
  72.  0.0299999993
  45.  0.0299999993
  62.  0.0299999993
  58.  0.0299999993
  59.  0.0299999993
  69.  0.0299999993
  66.  0.0299999993
