  0.  0.459999979
  0.  0.459999979
  39.  0.459999979
  38.  0.459999979
  0.  0.459999979
  78.  0.459999979
  0.  0.459999979
  0.  0.459999979
  48.  0.459999979
  37.  0.459999979
  0.  0.459999979
  38.  0.459999979
  41.  0.459999979
  33.  0.459999979
  60.  0.459999979
  0.  0.459999979
  80.  0.459999979
  31.  0.459999979
  37.  0.459999979
  69.  0.459999979
  0.  0.459999979
  48.  0.459999979
  62.  0.459999979
  28.  0.459999979
  48.  0.459999979
  62.  0.459999979
  43.  0.459999979
  81.  0.459999979
  0.  0.459999979
  64.  0.459999979
  29.  0.459999979
  0.  0.459999979
  0.  0.459999979
  40.  0.459999979
  33.  0.459999979
  0.  0.459999979
  46.  0.459999979
  0.  0.459999979
  29.  0.459999979
  89.  0.459999979
  44.  0.459999979
  0.  0.459999979
  0.  0.459999979
  0.  0.459999979
  52.  0.459999979
  28.  0.459999979
  0.  0.459999979
  38.  0.459999979
  69.  0.459999979
  0.  0.459999979
  43.  0.459999979
  0.  0.459999979
  0.  0.459999979
  0.  0.459999979
  30.  0.459999979
  54.  0.459999979
  28.  0.459999979
  0.  0.459999979
  89.  0.459999979
  39.  0.459999979
  38.  0.459999979
  51.  0.459999979
  37.  0.459999979
  38.  0.459999979
  46.  0.459999979
  57.  0.459999979
  59.  0.459999979
  89.  0.459999979
  73.  0.459999979
  32.  0.459999979
  0.  0.459999979
  41.  0.459999979
  43.  0.459999979
  50.  0.459999979
  64.  0.459999979
  0.  0.459999979
  44.  0.459999979
  0.  0.459999979
  63.  0.459999979
  47.  0.459999979
  76.  0.459999979
  63.  0.459999979
  0.  0.459999979
  57.  0.459999979
  35.  0.459999979
  0.  0.459999979
  39.  0.459999979
  52.  0.459999979
  0.  0.459999979
  21.  0.459999979
  82.  0.459999979
  51.  0.459999979
  0.  0.459999979
  0.  0.459999979
  0.  0.459999979
  65.  0.459999979
  40.  0.459999979
  38.  0.459999979
  41.  0.459999979
  53.  0.459999979
