  0.  0.479999989
  45.  0.479999989
  53.  0.479999989
  48.  0.479999989
  0.  0.479999989
  0.  0.479999989
  67.  0.479999989
  0.  0.479999989
  0.  0.479999989
  43.  0.479999989
  44.  0.479999989
  39.  0.479999989
  51.  0.479999989
  42.  0.479999989
  0.  0.479999989
  0.  0.479999989
  60.  0.479999989
  0.  0.479999989
  0.  0.479999989
  49.  0.479999989
  43.  0.479999989
  0.  0.479999989
  30.  0.479999989
  53.  0.479999989
  0.  0.479999989
  0.  0.479999989
  76.  0.479999989
  46.  0.479999989
  0.  0.479999989
  44.  0.479999989
  43.  0.479999989
  0.  0.479999989
  41.  0.479999989
  54.  0.479999989
  0.  0.479999989
  35.  0.479999989
  0.  0.479999989
  0.  0.479999989
  58.  0.479999989
  36.  0.479999989
  0.  0.479999989
  0.  0.479999989
  36.  0.479999989
  0.  0.479999989
  0.  0.479999989
  0.  0.479999989
  29.  0.479999989
  31.  0.479999989
  32.  0.479999989
  48.  0.479999989
  40.  0.479999989
  39.  0.479999989
  0.  0.479999989
  0.  0.479999989
  42.  0.479999989
  47.  0.479999989
  41.  0.479999989
  37.  0.479999989
  30.  0.479999989
  60.  0.479999989
  62.  0.479999989
  29.  0.479999989
  37.  0.479999989
  38.  0.479999989
  53.  0.479999989
  0.  0.479999989
  47.  0.479999989
  26.  0.479999989
  53.  0.479999989
  0.  0.479999989
  50.  0.479999989
  0.  0.479999989
  29.  0.479999989
  47.  0.479999989
  43.  0.479999989
  36.  0.479999989
  0.  0.479999989
  49.  0.479999989
  41.  0.479999989
  48.  0.479999989
  51.  0.479999989
  36.  0.479999989
  37.  0.479999989
  62.  0.479999989
  0.  0.479999989
  0.  0.479999989
  47.  0.479999989
  0.  0.479999989
  66.  0.479999989
  38.  0.479999989
  51.  0.479999989
  0.  0.479999989
  0.  0.479999989
  36.  0.479999989
  38.  0.479999989
  0.  0.479999989
  0.  0.479999989
  38.  0.479999989
  24.  0.479999989
  55.  0.479999989
