  47.  0.329999983
  56.  0.329999983
  42.  0.329999983
  36.  0.329999983
  65.  0.329999983
  70.  0.329999983
  39.  0.329999983
  0.  0.329999983
  43.  0.329999983
  0.  0.329999983
  37.  0.329999983
  46.  0.329999983
  0.  0.329999983
  80.  0.329999983
  34.  0.329999983
  62.  0.329999983
  21.  0.329999983
  51.  0.329999983
  41.  0.329999983
  40.  0.329999983
  51.  0.329999983
  48.  0.329999983
  38.  0.329999983
  39.  0.329999983
  79.  0.329999983
  31.  0.329999983
  0.  0.329999983
  0.  0.329999983
  65.  0.329999983
  50.  0.329999983
  46.  0.329999983
  37.  0.329999983
  48.  0.329999983
  48.  0.329999983
  72.  0.329999983
  44.  0.329999983
  64.  0.329999983
  53.  0.329999983
  42.  0.329999983
  49.  0.329999983
  41.  0.329999983
  37.  0.329999983
  73.  0.329999983
  0.  0.329999983
  62.  0.329999983
  36.  0.329999983
  55.  0.329999983
  63.  0.329999983
  61.  0.329999983
  0.  0.329999983
  0.  0.329999983
  0.  0.329999983
  36.  0.329999983
  47.  0.329999983
  0.  0.329999983
  42.  0.329999983
  0.  0.329999983
  41.  0.329999983
  54.  0.329999983
  0.  0.329999983
  40.  0.329999983
  55.  0.329999983
  66.  0.329999983
  37.  0.329999983
  49.  0.329999983
  24.  0.329999983
  49.  0.329999983
  39.  0.329999983
  50.  0.329999983
  56.  0.329999983
  39.  0.329999983
  69.  0.329999983
  87.  0.329999983
  0.  0.329999983
  0.  0.329999983
  80.  0.329999983
  34.  0.329999983
  51.  0.329999983
  87.  0.329999983
  45.  0.329999983
  50.  0.329999983
  47.  0.329999983
  52.  0.329999983
  42.  0.329999983
  69.  0.329999983
  45.  0.329999983
  64.  0.329999983
  80.  0.329999983
  44.  0.329999983
  73.  0.329999983
  40.  0.329999983
  45.  0.329999983
  45.  0.329999983
  48.  0.329999983
  0.  0.329999983
  60.  0.329999983
  0.  0.329999983
  55.  0.329999983
  64.  0.329999983
  53.  0.329999983
