  85.  0.149999991
  50.  0.149999991
  51.  0.149999991
  51.  0.149999991
  55.  0.149999991
  54.  0.149999991
  50.  0.149999991
  44.  0.149999991
  53.  0.149999991
  45.  0.149999991
  46.  0.149999991
  0.  0.149999991
  52.  0.149999991
  53.  0.149999991
  54.  0.149999991
  53.  0.149999991
  80.  0.149999991
  51.  0.149999991
  57.  0.149999991
  55.  0.149999991
  52.  0.149999991
  45.  0.149999991
  44.  0.149999991
  65.  0.149999991
  45.  0.149999991
  46.  0.149999991
  48.  0.149999991
  48.  0.149999991
  46.  0.149999991
  52.  0.149999991
  53.  0.149999991
  59.  0.149999991
  61.  0.149999991
  47.  0.149999991
  50.  0.149999991
  49.  0.149999991
  53.  0.149999991
  63.  0.149999991
  76.  0.149999991
  42.  0.149999991
  86.  0.149999991
  69.  0.149999991
  47.  0.149999991
  46.  0.149999991
  51.  0.149999991
  69.  0.149999991
  39.  0.149999991
  75.  0.149999991
  58.  0.149999991
  41.  0.149999991
  46.  0.149999991
  50.  0.149999991
  49.  0.149999991
  53.  0.149999991
  70.  0.149999991
  55.  0.149999991
  61.  0.149999991
  55.  0.149999991
  64.  0.149999991
  91.  0.149999991
  53.  0.149999991
  50.  0.149999991
  84.  0.149999991
  52.  0.149999991
  57.  0.149999991
  45.  0.149999991
  48.  0.149999991
  82.  0.149999991
  56.  0.149999991
  82.  0.149999991
  46.  0.149999991
  69.  0.149999991
  45.  0.149999991
  49.  0.149999991
  53.  0.149999991
  62.  0.149999991
  62.  0.149999991
  51.  0.149999991
  64.  0.149999991
  53.  0.149999991
  42.  0.149999991
  46.  0.149999991
  0.  0.149999991
  61.  0.149999991
  43.  0.149999991
  84.  0.149999991
  55.  0.149999991
  58.  0.149999991
  65.  0.149999991
  61.  0.149999991
  43.  0.149999991
  65.  0.149999991
  49.  0.149999991
  75.  0.149999991
  53.  0.149999991
  54.  0.149999991
  43.  0.149999991
  82.  0.149999991
  48.  0.149999991
  51.  0.149999991
