  45.  0.310000002
  55.  0.310000002
  30.  0.310000002
  37.  0.310000002
  46.  0.310000002
  0.  0.310000002
  78.  0.310000002
  41.  0.310000002
  56.  0.310000002
  34.  0.310000002
  53.  0.310000002
  58.  0.310000002
  0.  0.310000002
  0.  0.310000002
  65.  0.310000002
  0.  0.310000002
  0.  0.310000002
  41.  0.310000002
  31.  0.310000002
  43.  0.310000002
  36.  0.310000002
  66.  0.310000002
  46.  0.310000002
  62.  0.310000002
  36.  0.310000002
  63.  0.310000002
  49.  0.310000002
  42.  0.310000002
  38.  0.310000002
  58.  0.310000002
  0.  0.310000002
  53.  0.310000002
  100.  0.310000002
  49.  0.310000002
  47.  0.310000002
  57.  0.310000002
  54.  0.310000002
  44.  0.310000002
  0.  0.310000002
  89.  0.310000002
  44.  0.310000002
  52.  0.310000002
  64.  0.310000002
  62.  0.310000002
  37.  0.310000002
  58.  0.310000002
  41.  0.310000002
  79.  0.310000002
  71.  0.310000002
  49.  0.310000002
  41.  0.310000002
  0.  0.310000002
  39.  0.310000002
  55.  0.310000002
  39.  0.310000002
  53.  0.310000002
  38.  0.310000002
  33.  0.310000002
  0.  0.310000002
  49.  0.310000002
  99.  0.310000002
  81.  0.310000002
  54.  0.310000002
  91.  0.310000002
  0.  0.310000002
  67.  0.310000002
  46.  0.310000002
  50.  0.310000002
  42.  0.310000002
  70.  0.310000002
  29.  0.310000002
  62.  0.310000002
  42.  0.310000002
  42.  0.310000002
  55.  0.310000002
  58.  0.310000002
  37.  0.310000002
  84.  0.310000002
  91.  0.310000002
  0.  0.310000002
  25.  0.310000002
  0.  0.310000002
  77.  0.310000002
  70.  0.310000002
  0.  0.310000002
  37.  0.310000002
  0.  0.310000002
  41.  0.310000002
  41.  0.310000002
  46.  0.310000002
  49.  0.310000002
  82.  0.310000002
  42.  0.310000002
  55.  0.310000002
  38.  0.310000002
  49.  0.310000002
  0.  0.310000002
  46.  0.310000002
  35.  0.310000002
  79.  0.310000002
