  31.  0.389999986
  0.  0.389999986
  0.  0.389999986
  0.  0.389999986
  0.  0.389999986
  68.  0.389999986
  50.  0.389999986
  35.  0.389999986
  45.  0.389999986
  0.  0.389999986
  74.  0.389999986
  51.  0.389999986
  0.  0.389999986
  0.  0.389999986
  38.  0.389999986
  30.  0.389999986
  28.  0.389999986
  50.  0.389999986
  96.  0.389999986
  50.  0.389999986
  41.  0.389999986
  43.  0.389999986
  0.  0.389999986
  44.  0.389999986
  30.  0.389999986
  46.  0.389999986
  69.  0.389999986
  32.  0.389999986
  48.  0.389999986
  56.  0.389999986
  63.  0.389999986
  41.  0.389999986
  48.  0.389999986
  43.  0.389999986
  51.  0.389999986
  76.  0.389999986
  44.  0.389999986
  88.  0.389999986
  0.  0.389999986
  45.  0.389999986
  0.  0.389999986
  34.  0.389999986
  0.  0.389999986
  27.  0.389999986
  60.  0.389999986
  0.  0.389999986
  0.  0.389999986
  42.  0.389999986
  0.  0.389999986
  0.  0.389999986
  32.  0.389999986
  43.  0.389999986
  73.  0.389999986
  44.  0.389999986
  45.  0.389999986
  50.  0.389999986
  35.  0.389999986
  0.  0.389999986
  0.  0.389999986
  46.  0.389999986
  0.  0.389999986
  0.  0.389999986
  51.  0.389999986
  89.  0.389999986
  0.  0.389999986
  23.  0.389999986
  86.  0.389999986
  97.  0.389999986
  45.  0.389999986
  40.  0.389999986
  53.  0.389999986
  44.  0.389999986
  52.  0.389999986
  0.  0.389999986
  48.  0.389999986
  38.  0.389999986
  0.  0.389999986
  43.  0.389999986
  48.  0.389999986
  46.  0.389999986
  50.  0.389999986
  46.  0.389999986
  36.  0.389999986
  0.  0.389999986
  96.  0.389999986
  97.  0.389999986
  73.  0.389999986
  45.  0.389999986
  38.  0.389999986
  39.  0.389999986
  0.  0.389999986
  100.  0.389999986
  93.  0.389999986
  0.  0.389999986
  78.  0.389999986
  65.  0.389999986
  0.  0.389999986
  43.  0.389999986
  47.  0.389999986
  42.  0.389999986
