  42.  0.280000001
  45.  0.280000001
  0.  0.280000001
  0.  0.280000001
  0.  0.280000001
  69.  0.280000001
  40.  0.280000001
  41.  0.280000001
  53.  0.280000001
  0.  0.280000001
  42.  0.280000001
  46.  0.280000001
  50.  0.280000001
  57.  0.280000001
  73.  0.280000001
  42.  0.280000001
  36.  0.280000001
  40.  0.280000001
  0.  0.280000001
  66.  0.280000001
  47.  0.280000001
  35.  0.280000001
  62.  0.280000001
  45.  0.280000001
  51.  0.280000001
  44.  0.280000001
  41.  0.280000001
  0.  0.280000001
  40.  0.280000001
  0.  0.280000001
  0.  0.280000001
  0.  0.280000001
  47.  0.280000001
  65.  0.280000001
  0.  0.280000001
  86.  0.280000001
  44.  0.280000001
  71.  0.280000001
  52.  0.280000001
  60.  0.280000001
  48.  0.280000001
  48.  0.280000001
  93.  0.280000001
  41.  0.280000001
  39.  0.280000001
  41.  0.280000001
  33.  0.280000001
  43.  0.280000001
  52.  0.280000001
  26.  0.280000001
  44.  0.280000001
  0.  0.280000001
  35.  0.280000001
  42.  0.280000001
  42.  0.280000001
  67.  0.280000001
  45.  0.280000001
  64.  0.280000001
  55.  0.280000001
  42.  0.280000001
  0.  0.280000001
  86.  0.280000001
  68.  0.280000001
  47.  0.280000001
  54.  0.280000001
  56.  0.280000001
  78.  0.280000001
  41.  0.280000001
  64.  0.280000001
  52.  0.280000001
  44.  0.280000001
  38.  0.280000001
  48.  0.280000001
  53.  0.280000001
  54.  0.280000001
  42.  0.280000001
  50.  0.280000001
  43.  0.280000001
  36.  0.280000001
  0.  0.280000001
  54.  0.280000001
  0.  0.280000001
  48.  0.280000001
  76.  0.280000001
  58.  0.280000001
  48.  0.280000001
  50.  0.280000001
  47.  0.280000001
  0.  0.280000001
  46.  0.280000001
  35.  0.280000001
  43.  0.280000001
  56.  0.280000001
  40.  0.280000001
  31.  0.280000001
  63.  0.280000001
  56.  0.280000001
  32.  0.280000001
  76.  0.280000001
  36.  0.280000001
