  37.  0.199999988
  88.  0.199999988
  57.  0.199999988
  49.  0.199999988
  57.  0.199999988
  62.  0.199999988
  55.  0.199999988
  48.  0.199999988
  69.  0.199999988
  63.  0.199999988
  63.  0.199999988
  50.  0.199999988
  75.  0.199999988
  44.  0.199999988
  0.  0.199999988
  53.  0.199999988
  0.  0.199999988
  84.  0.199999988
  43.  0.199999988
  55.  0.199999988
  51.  0.199999988
  65.  0.199999988
  35.  0.199999988
  53.  0.199999988
  70.  0.199999988
  50.  0.199999988
  40.  0.199999988
  54.  0.199999988
  49.  0.199999988
  60.  0.199999988
  48.  0.199999988
  76.  0.199999988
  46.  0.199999988
  59.  0.199999988
  65.  0.199999988
  46.  0.199999988
  52.  0.199999988
  49.  0.199999988
  42.  0.199999988
  77.  0.199999988
  69.  0.199999988
  57.  0.199999988
  73.  0.199999988
  49.  0.199999988
  0.  0.199999988
  0.  0.199999988
  51.  0.199999988
  65.  0.199999988
  71.  0.199999988
  39.  0.199999988
  46.  0.199999988
  50.  0.199999988
  47.  0.199999988
  64.  0.199999988
  41.  0.199999988
  60.  0.199999988
  70.  0.199999988
  49.  0.199999988
  81.  0.199999988
  44.  0.199999988
  77.  0.199999988
  42.  0.199999988
  51.  0.199999988
  55.  0.199999988
  46.  0.199999988
  0.  0.199999988
  42.  0.199999988
  44.  0.199999988
  0.  0.199999988
  55.  0.199999988
  70.  0.199999988
  49.  0.199999988
  39.  0.199999988
  57.  0.199999988
  0.  0.199999988
  35.  0.199999988
  40.  0.199999988
  72.  0.199999988
  46.  0.199999988
  60.  0.199999988
  45.  0.199999988
  52.  0.199999988
  57.  0.199999988
  57.  0.199999988
  48.  0.199999988
  46.  0.199999988
  56.  0.199999988
  49.  0.199999988
  75.  0.199999988
  62.  0.199999988
  43.  0.199999988
  39.  0.199999988
  85.  0.199999988
  50.  0.199999988
  60.  0.199999988
  44.  0.199999988
  59.  0.199999988
  99.  0.199999988
  59.  0.199999988
  43.  0.199999988
