  63.  0.359999985
  36.  0.359999985
  0.  0.359999985
  36.  0.359999985
  90.  0.359999985
  0.  0.359999985
  37.  0.359999985
  38.  0.359999985
  46.  0.359999985
  0.  0.359999985
  75.  0.359999985
  0.  0.359999985
  0.  0.359999985
  41.  0.359999985
  58.  0.359999985
  37.  0.359999985
  74.  0.359999985
  46.  0.359999985
  38.  0.359999985
  48.  0.359999985
  62.  0.359999985
  40.  0.359999985
  40.  0.359999985
  47.  0.359999985
  39.  0.359999985
  60.  0.359999985
  41.  0.359999985
  0.  0.359999985
  0.  0.359999985
  0.  0.359999985
  0.  0.359999985
  0.  0.359999985
  46.  0.359999985
  73.  0.359999985
  79.  0.359999985
  42.  0.359999985
  46.  0.359999985
  34.  0.359999985
  37.  0.359999985
  53.  0.359999985
  0.  0.359999985
  50.  0.359999985
  0.  0.359999985
  45.  0.359999985
  50.  0.359999985
  0.  0.359999985
  39.  0.359999985
  45.  0.359999985
  47.  0.359999985
  0.  0.359999985
  77.  0.359999985
  0.  0.359999985
  90.  0.359999985
  31.  0.359999985
  33.  0.359999985
  42.  0.359999985
  58.  0.359999985
  62.  0.359999985
  48.  0.359999985
  66.  0.359999985
  0.  0.359999985
  41.  0.359999985
  50.  0.359999985
  85.  0.359999985
  61.  0.359999985
  0.  0.359999985
  41.  0.359999985
  0.  0.359999985
  40.  0.359999985
  38.  0.359999985
  68.  0.359999985
  46.  0.359999985
  58.  0.359999985
  52.  0.359999985
  36.  0.359999985
  34.  0.359999985
  41.  0.359999985
  36.  0.359999985
  41.  0.359999985
  40.  0.359999985
  74.  0.359999985
  54.  0.359999985
  53.  0.359999985
  73.  0.359999985
  55.  0.359999985
  45.  0.359999985
  32.  0.359999985
  43.  0.359999985
  35.  0.359999985
  0.  0.359999985
  95.  0.359999985
  38.  0.359999985
  44.  0.359999985
  59.  0.359999985
  53.  0.359999985
  53.  0.359999985
  47.  0.359999985
  51.  0.359999985
  41.  0.359999985
  37.  0.359999985
