  53.  0.170000002
  44.  0.170000002
  0.  0.170000002
  60.  0.170000002
  59.  0.170000002
  49.  0.170000002
  45.  0.170000002
  41.  0.170000002
  57.  0.170000002
  63.  0.170000002
  37.  0.170000002
  54.  0.170000002
  47.  0.170000002
  94.  0.170000002
  47.  0.170000002
  92.  0.170000002
  61.  0.170000002
  52.  0.170000002
  43.  0.170000002
  53.  0.170000002
  49.  0.170000002
  79.  0.170000002
  50.  0.170000002
  51.  0.170000002
  57.  0.170000002
  45.  0.170000002
  71.  0.170000002
  57.  0.170000002
  57.  0.170000002
  44.  0.170000002
  81.  0.170000002
  46.  0.170000002
  52.  0.170000002
  43.  0.170000002
  43.  0.170000002
  48.  0.170000002
  43.  0.170000002
  64.  0.170000002
  40.  0.170000002
  55.  0.170000002
  43.  0.170000002
  55.  0.170000002
  62.  0.170000002
  51.  0.170000002
  62.  0.170000002
  0.  0.170000002
  0.  0.170000002
  40.  0.170000002
  49.  0.170000002
  49.  0.170000002
  51.  0.170000002
  57.  0.170000002
  57.  0.170000002
  58.  0.170000002
  41.  0.170000002
  61.  0.170000002
  55.  0.170000002
  64.  0.170000002
  58.  0.170000002
  60.  0.170000002
  48.  0.170000002
  45.  0.170000002
  46.  0.170000002
  62.  0.170000002
  49.  0.170000002
  32.  0.170000002
  45.  0.170000002
  71.  0.170000002
  46.  0.170000002
  43.  0.170000002
  66.  0.170000002
  59.  0.170000002
  51.  0.170000002
  59.  0.170000002
  49.  0.170000002
  45.  0.170000002
  44.  0.170000002
  54.  0.170000002
  40.  0.170000002
  59.  0.170000002
  71.  0.170000002
  43.  0.170000002
  45.  0.170000002
  61.  0.170000002
  48.  0.170000002
  43.  0.170000002
  45.  0.170000002
  64.  0.170000002
  46.  0.170000002
  62.  0.170000002
  49.  0.170000002
  52.  0.170000002
  63.  0.170000002
  40.  0.170000002
  54.  0.170000002
  51.  0.170000002
  38.  0.170000002
  47.  0.170000002
  56.  0.170000002
  55.  0.170000002
