  0.  0.370000005
  51.  0.370000005
  46.  0.370000005
  68.  0.370000005
  80.  0.370000005
  0.  0.370000005
  0.  0.370000005
  42.  0.370000005
  37.  0.370000005
  44.  0.370000005
  44.  0.370000005
  0.  0.370000005
  34.  0.370000005
  0.  0.370000005
  77.  0.370000005
  39.  0.370000005
  0.  0.370000005
  48.  0.370000005
  55.  0.370000005
  43.  0.370000005
  46.  0.370000005
  49.  0.370000005
  36.  0.370000005
  0.  0.370000005
  0.  0.370000005
  45.  0.370000005
  37.  0.370000005
  42.  0.370000005
  82.  0.370000005
  63.  0.370000005
  61.  0.370000005
  35.  0.370000005
  31.  0.370000005
  46.  0.370000005
  47.  0.370000005
  91.  0.370000005
  41.  0.370000005
  43.  0.370000005
  39.  0.370000005
  44.  0.370000005
  49.  0.370000005
  33.  0.370000005
  85.  0.370000005
  44.  0.370000005
  48.  0.370000005
  60.  0.370000005
  38.  0.370000005
  0.  0.370000005
  47.  0.370000005
  0.  0.370000005
  36.  0.370000005
  44.  0.370000005
  42.  0.370000005
  52.  0.370000005
  51.  0.370000005
  45.  0.370000005
  42.  0.370000005
  0.  0.370000005
  0.  0.370000005
  43.  0.370000005
  39.  0.370000005
  39.  0.370000005
  0.  0.370000005
  41.  0.370000005
  48.  0.370000005
  59.  0.370000005
  45.  0.370000005
  63.  0.370000005
  45.  0.370000005
  32.  0.370000005
  45.  0.370000005
  42.  0.370000005
  73.  0.370000005
  0.  0.370000005
  0.  0.370000005
  47.  0.370000005
  96.  0.370000005
  65.  0.370000005
  47.  0.370000005
  64.  0.370000005
  36.  0.370000005
  78.  0.370000005
  44.  0.370000005
  0.  0.370000005
  89.  0.370000005
  49.  0.370000005
  0.  0.370000005
  29.  0.370000005
  0.  0.370000005
  42.  0.370000005
  37.  0.370000005
  0.  0.370000005
  58.  0.370000005
  43.  0.370000005
  38.  0.370000005
  36.  0.370000005
  42.  0.370000005
  49.  0.370000005
  59.  0.370000005
  38.  0.370000005
