  48.  0.239999995
  86.  0.239999995
  63.  0.239999995
  87.  0.239999995
  49.  0.239999995
  52.  0.239999995
  0.  0.239999995
  0.  0.239999995
  69.  0.239999995
  47.  0.239999995
  49.  0.239999995
  32.  0.239999995
  61.  0.239999995
  58.  0.239999995
  44.  0.239999995
  42.  0.239999995
  51.  0.239999995
  48.  0.239999995
  44.  0.239999995
  68.  0.239999995
  46.  0.239999995
  48.  0.239999995
  0.  0.239999995
  48.  0.239999995
  83.  0.239999995
  44.  0.239999995
  38.  0.239999995
  39.  0.239999995
  37.  0.239999995
  58.  0.239999995
  47.  0.239999995
  39.  0.239999995
  54.  0.239999995
  50.  0.239999995
  54.  0.239999995
  50.  0.239999995
  40.  0.239999995
  49.  0.239999995
  45.  0.239999995
  63.  0.239999995
  84.  0.239999995
  76.  0.239999995
  61.  0.239999995
  57.  0.239999995
  87.  0.239999995
  45.  0.239999995
  43.  0.239999995
  85.  0.239999995
  43.  0.239999995
  49.  0.239999995
  0.  0.239999995
  39.  0.239999995
  71.  0.239999995
  40.  0.239999995
  56.  0.239999995
  45.  0.239999995
  56.  0.239999995
  39.  0.239999995
  55.  0.239999995
  55.  0.239999995
  39.  0.239999995
  39.  0.239999995
  33.  0.239999995
  45.  0.239999995
  57.  0.239999995
  57.  0.239999995
  74.  0.239999995
  49.  0.239999995
  56.  0.239999995
  62.  0.239999995
  44.  0.239999995
  0.  0.239999995
  56.  0.239999995
  39.  0.239999995
  52.  0.239999995
  48.  0.239999995
  60.  0.239999995
  50.  0.239999995
  70.  0.239999995
  63.  0.239999995
  53.  0.239999995
  80.  0.239999995
  68.  0.239999995
  58.  0.239999995
  42.  0.239999995
  44.  0.239999995
  45.  0.239999995
  49.  0.239999995
  69.  0.239999995
  44.  0.239999995
  47.  0.239999995
  58.  0.239999995
  49.  0.239999995
  52.  0.239999995
  39.  0.239999995
  45.  0.239999995
  43.  0.239999995
  46.  0.239999995
  49.  0.239999995
  55.  0.239999995
