  40.  0.25
  57.  0.25
  66.  0.25
  68.  0.25
  85.  0.25
  49.  0.25
  48.  0.25
  66.  0.25
  0.  0.25
  45.  0.25
  69.  0.25
  83.  0.25
  47.  0.25
  44.  0.25
  42.  0.25
  66.  0.25
  39.  0.25
  76.  0.25
  51.  0.25
  40.  0.25
  63.  0.25
  48.  0.25
  0.  0.25
  0.  0.25
  53.  0.25
  60.  0.25
  47.  0.25
  51.  0.25
  62.  0.25
  44.  0.25
  43.  0.25
  63.  0.25
  44.  0.25
  41.  0.25
  57.  0.25
  57.  0.25
  0.  0.25
  67.  0.25
  41.  0.25
  38.  0.25
  49.  0.25
  49.  0.25
  45.  0.25
  41.  0.25
  0.  0.25
  75.  0.25
  39.  0.25
  58.  0.25
  43.  0.25
  45.  0.25
  47.  0.25
  0.  0.25
  40.  0.25
  0.  0.25
  46.  0.25
  57.  0.25
  42.  0.25
  43.  0.25
  48.  0.25
  39.  0.25
  55.  0.25
  57.  0.25
  39.  0.25
  46.  0.25
  67.  0.25
  40.  0.25
  46.  0.25
  0.  0.25
  44.  0.25
  45.  0.25
  0.  0.25
  0.  0.25
  38.  0.25
  39.  0.25
  53.  0.25
  35.  0.25
  42.  0.25
  48.  0.25
  47.  0.25
  41.  0.25
  35.  0.25
  49.  0.25
  55.  0.25
  49.  0.25
  94.  0.25
  53.  0.25
  57.  0.25
  50.  0.25
  64.  0.25
  63.  0.25
  0.  0.25
  56.  0.25
  42.  0.25
  47.  0.25
  66.  0.25
  61.  0.25
  56.  0.25
  53.  0.25
  40.  0.25
  74.  0.25
