  48.  0.229999989
  73.  0.229999989
  39.  0.229999989
  0.  0.229999989
  55.  0.229999989
  36.  0.229999989
  69.  0.229999989
  52.  0.229999989
  75.  0.229999989
  0.  0.229999989
  51.  0.229999989
  46.  0.229999989
  45.  0.229999989
  0.  0.229999989
  49.  0.229999989
  46.  0.229999989
  38.  0.229999989
  44.  0.229999989
  74.  0.229999989
  60.  0.229999989
  53.  0.229999989
  54.  0.229999989
  54.  0.229999989
  44.  0.229999989
  45.  0.229999989
  0.  0.229999989
  73.  0.229999989
  49.  0.229999989
  49.  0.229999989
  64.  0.229999989
  55.  0.229999989
  0.  0.229999989
  56.  0.229999989
  45.  0.229999989
  45.  0.229999989
  38.  0.229999989
  88.  0.229999989
  60.  0.229999989
  0.  0.229999989
  52.  0.229999989
  40.  0.229999989
  41.  0.229999989
  69.  0.229999989
  39.  0.229999989
  35.  0.229999989
  51.  0.229999989
  55.  0.229999989
  52.  0.229999989
  0.  0.229999989
  61.  0.229999989
  64.  0.229999989
  74.  0.229999989
  55.  0.229999989
  43.  0.229999989
  47.  0.229999989
  71.  0.229999989
  81.  0.229999989
  51.  0.229999989
  45.  0.229999989
  73.  0.229999989
  87.  0.229999989
  85.  0.229999989
  47.  0.229999989
  46.  0.229999989
  0.  0.229999989
  52.  0.229999989
  58.  0.229999989
  37.  0.229999989
  45.  0.229999989
  43.  0.229999989
  55.  0.229999989
  40.  0.229999989
  77.  0.229999989
  43.  0.229999989
  53.  0.229999989
  62.  0.229999989
  45.  0.229999989
  59.  0.229999989
  49.  0.229999989
  0.  0.229999989
  49.  0.229999989
  0.  0.229999989
  43.  0.229999989
  0.  0.229999989
  66.  0.229999989
  40.  0.229999989
  37.  0.229999989
  0.  0.229999989
  50.  0.229999989
  42.  0.229999989
  0.  0.229999989
  91.  0.229999989
  58.  0.229999989
  46.  0.229999989
  75.  0.229999989
  42.  0.229999989
  89.  0.229999989
  44.  0.229999989
  0.  0.229999989
  78.  0.229999989
