  43.  0.449999988
  21.  0.449999988
  34.  0.449999988
  22.  0.449999988
  37.  0.449999988
  0.  0.449999988
  0.  0.449999988
  0.  0.449999988
  44.  0.449999988
  41.  0.449999988
  0.  0.449999988
  74.  0.449999988
  35.  0.449999988
  79.  0.449999988
  0.  0.449999988
  0.  0.449999988
  45.  0.449999988
  38.  0.449999988
  53.  0.449999988
  63.  0.449999988
  0.  0.449999988
  23.  0.449999988
  42.  0.449999988
  39.  0.449999988
  0.  0.449999988
  32.  0.449999988
  47.  0.449999988
  0.  0.449999988
  33.  0.449999988
  0.  0.449999988
  30.  0.449999988
  52.  0.449999988
  0.  0.449999988
  0.  0.449999988
  41.  0.449999988
  0.  0.449999988
  0.  0.449999988
  30.  0.449999988
  53.  0.449999988
  34.  0.449999988
  35.  0.449999988
  75.  0.449999988
  0.  0.449999988
  0.  0.449999988
  70.  0.449999988
  39.  0.449999988
  34.  0.449999988
  58.  0.449999988
  48.  0.449999988
  33.  0.449999988
  51.  0.449999988
  82.  0.449999988
  47.  0.449999988
  28.  0.449999988
  0.  0.449999988
  44.  0.449999988
  41.  0.449999988
  0.  0.449999988
  0.  0.449999988
  38.  0.449999988
  0.  0.449999988
  48.  0.449999988
  37.  0.449999988
  47.  0.449999988
  0.  0.449999988
  32.  0.449999988
  0.  0.449999988
  0.  0.449999988
  47.  0.449999988
  41.  0.449999988
  46.  0.449999988
  28.  0.449999988
  35.  0.449999988
  0.  0.449999988
  54.  0.449999988
  0.  0.449999988
  0.  0.449999988
  61.  0.449999988
  27.  0.449999988
  53.  0.449999988
  46.  0.449999988
  74.  0.449999988
  0.  0.449999988
  0.  0.449999988
  32.  0.449999988
  42.  0.449999988
  39.  0.449999988
  44.  0.449999988
  0.  0.449999988
  36.  0.449999988
  46.  0.449999988
  76.  0.449999988
  47.  0.449999988
  47.  0.449999988
  0.  0.449999988
  43.  0.449999988
  40.  0.449999988
  0.  0.449999988
  0.  0.449999988
  0.  0.449999988
