  32.  0.340000004
  0.  0.340000004
  39.  0.340000004
  52.  0.340000004
  51.  0.340000004
  41.  0.340000004
  40.  0.340000004
  0.  0.340000004
  45.  0.340000004
  48.  0.340000004
  0.  0.340000004
  43.  0.340000004
  54.  0.340000004
  67.  0.340000004
  65.  0.340000004
  51.  0.340000004
  48.  0.340000004
  47.  0.340000004
  61.  0.340000004
  36.  0.340000004
  98.  0.340000004
  50.  0.340000004
  47.  0.340000004
  0.  0.340000004
  68.  0.340000004
  0.  0.340000004
  77.  0.340000004
  43.  0.340000004
  56.  0.340000004
  67.  0.340000004
  0.  0.340000004
  31.  0.340000004
  53.  0.340000004
  0.  0.340000004
  37.  0.340000004
  30.  0.340000004
  60.  0.340000004
  51.  0.340000004
  45.  0.340000004
  38.  0.340000004
  65.  0.340000004
  49.  0.340000004
  55.  0.340000004
  58.  0.340000004
  47.  0.340000004
  59.  0.340000004
  0.  0.340000004
  45.  0.340000004
  50.  0.340000004
  59.  0.340000004
  84.  0.340000004
  54.  0.340000004
  62.  0.340000004
  40.  0.340000004
  44.  0.340000004
  37.  0.340000004
  0.  0.340000004
  87.  0.340000004
  0.  0.340000004
  33.  0.340000004
  30.  0.340000004
  42.  0.340000004
  42.  0.340000004
  84.  0.340000004
  42.  0.340000004
  31.  0.340000004
  51.  0.340000004
  0.  0.340000004
  54.  0.340000004
  52.  0.340000004
  45.  0.340000004
  37.  0.340000004
  84.  0.340000004
  45.  0.340000004
  67.  0.340000004
  81.  0.340000004
  49.  0.340000004
  43.  0.340000004
  64.  0.340000004
  44.  0.340000004
  0.  0.340000004
  0.  0.340000004
  54.  0.340000004
  55.  0.340000004
  0.  0.340000004
  46.  0.340000004
  57.  0.340000004
  50.  0.340000004
  47.  0.340000004
  42.  0.340000004
  59.  0.340000004
  72.  0.340000004
  42.  0.340000004
  0.  0.340000004
  49.  0.340000004
  35.  0.340000004
  56.  0.340000004
  35.  0.340000004
  0.  0.340000004
  47.  0.340000004
