  61.  0.109999999
  45.  0.109999999
  75.  0.109999999
  41.  0.109999999
  0.  0.109999999
  0.  0.109999999
  76.  0.109999999
  52.  0.109999999
  96.  0.109999999
  64.  0.109999999
  76.  0.109999999
  43.  0.109999999
  45.  0.109999999
  62.  0.109999999
  54.  0.109999999
  50.  0.109999999
  62.  0.109999999
  44.  0.109999999
  58.  0.109999999
  40.  0.109999999
  53.  0.109999999
  60.  0.109999999
  60.  0.109999999
  0.  0.109999999
  53.  0.109999999
  75.  0.109999999
  58.  0.109999999
  46.  0.109999999
  60.  0.109999999
  55.  0.109999999
  62.  0.109999999
  57.  0.109999999
  98.  0.109999999
  58.  0.109999999
  97.  0.109999999
  37.  0.109999999
  77.  0.109999999
  61.  0.109999999
  53.  0.109999999
  49.  0.109999999
  55.  0.109999999
  56.  0.109999999
  64.  0.109999999
  56.  0.109999999
  44.  0.109999999
  48.  0.109999999
  46.  0.109999999
  44.  0.109999999
  59.  0.109999999
  49.  0.109999999
  52.  0.109999999
  83.  0.109999999
  55.  0.109999999
  53.  0.109999999
  48.  0.109999999
  52.  0.109999999
  47.  0.109999999
  38.  0.109999999
  58.  0.109999999
  53.  0.109999999
  56.  0.109999999
  61.  0.109999999
  49.  0.109999999
  54.  0.109999999
  50.  0.109999999
  45.  0.109999999
  55.  0.109999999
  49.  0.109999999
  53.  0.109999999
  47.  0.109999999
  0.  0.109999999
  71.  0.109999999
  49.  0.109999999
  74.  0.109999999
  71.  0.109999999
  57.  0.109999999
  52.  0.109999999
  55.  0.109999999
  96.  0.109999999
  57.  0.109999999
  53.  0.109999999
  46.  0.109999999
  50.  0.109999999
  56.  0.109999999
  47.  0.109999999
  51.  0.109999999
  67.  0.109999999
  63.  0.109999999
  52.  0.109999999
  63.  0.109999999
  70.  0.109999999
  64.  0.109999999
  55.  0.109999999
  65.  0.109999999
  56.  0.109999999
  54.  0.109999999
  54.  0.109999999
  52.  0.109999999
  46.  0.109999999
  47.  0.109999999
