  55.  0.140000001
  49.  0.140000001
  51.  0.140000001
  56.  0.140000001
  58.  0.140000001
  56.  0.140000001
  60.  0.140000001
  40.  0.140000001
  57.  0.140000001
  70.  0.140000001
  46.  0.140000001
  62.  0.140000001
  55.  0.140000001
  64.  0.140000001
  53.  0.140000001
  53.  0.140000001
  62.  0.140000001
  48.  0.140000001
  58.  0.140000001
  71.  0.140000001
  48.  0.140000001
  51.  0.140000001
  57.  0.140000001
  66.  0.140000001
  68.  0.140000001
  52.  0.140000001
  72.  0.140000001
  39.  0.140000001
  58.  0.140000001
  38.  0.140000001
  54.  0.140000001
  69.  0.140000001
  65.  0.140000001
  54.  0.140000001
  56.  0.140000001
  58.  0.140000001
  50.  0.140000001
  49.  0.140000001
  45.  0.140000001
  53.  0.140000001
  42.  0.140000001
  50.  0.140000001
  55.  0.140000001
  84.  0.140000001
  56.  0.140000001
  42.  0.140000001
  46.  0.140000001
  55.  0.140000001
  62.  0.140000001
  0.  0.140000001
  41.  0.140000001
  47.  0.140000001
  54.  0.140000001
  47.  0.140000001
  37.  0.140000001
  73.  0.140000001
  57.  0.140000001
  67.  0.140000001
  44.  0.140000001
  54.  0.140000001
  42.  0.140000001
  70.  0.140000001
  60.  0.140000001
  45.  0.140000001
  69.  0.140000001
  47.  0.140000001
  60.  0.140000001
  42.  0.140000001
  62.  0.140000001
  57.  0.140000001
  48.  0.140000001
  58.  0.140000001
  94.  0.140000001
  46.  0.140000001
  64.  0.140000001
  46.  0.140000001
  56.  0.140000001
  58.  0.140000001
  66.  0.140000001
  92.  0.140000001
  50.  0.140000001
  81.  0.140000001
  45.  0.140000001
  57.  0.140000001
  50.  0.140000001
  54.  0.140000001
  48.  0.140000001
  44.  0.140000001
  46.  0.140000001
  61.  0.140000001
  98.  0.140000001
  49.  0.140000001
  48.  0.140000001
  53.  0.140000001
  44.  0.140000001
  52.  0.140000001
  58.  0.140000001
  91.  0.140000001
  51.  0.140000001
  49.  0.140000001
