  64.  0.289999992
  91.  0.289999992
  36.  0.289999992
  55.  0.289999992
  0.  0.289999992
  35.  0.289999992
  29.  0.289999992
  0.  0.289999992
  70.  0.289999992
  42.  0.289999992
  63.  0.289999992
  39.  0.289999992
  63.  0.289999992
  51.  0.289999992
  0.  0.289999992
  89.  0.289999992
  62.  0.289999992
  70.  0.289999992
  47.  0.289999992
  69.  0.289999992
  0.  0.289999992
  41.  0.289999992
  62.  0.289999992
  53.  0.289999992
  43.  0.289999992
  69.  0.289999992
  0.  0.289999992
  42.  0.289999992
  0.  0.289999992
  43.  0.289999992
  54.  0.289999992
  45.  0.289999992
  51.  0.289999992
  84.  0.289999992
  44.  0.289999992
  0.  0.289999992
  44.  0.289999992
  62.  0.289999992
  51.  0.289999992
  0.  0.289999992
  44.  0.289999992
  70.  0.289999992
  0.  0.289999992
  49.  0.289999992
  47.  0.289999992
  66.  0.289999992
  0.  0.289999992
  41.  0.289999992
  0.  0.289999992
  0.  0.289999992
  77.  0.289999992
  0.  0.289999992
  0.  0.289999992
  45.  0.289999992
  75.  0.289999992
  39.  0.289999992
  80.  0.289999992
  35.  0.289999992
  58.  0.289999992
  42.  0.289999992
  47.  0.289999992
  69.  0.289999992
  95.  0.289999992
  38.  0.289999992
  52.  0.289999992
  63.  0.289999992
  41.  0.289999992
  57.  0.289999992
  50.  0.289999992
  40.  0.289999992
  46.  0.289999992
  49.  0.289999992
  42.  0.289999992
  74.  0.289999992
  38.  0.289999992
  48.  0.289999992
  87.  0.289999992
  45.  0.289999992
  57.  0.289999992
  39.  0.289999992
  26.  0.289999992
  39.  0.289999992
  50.  0.289999992
  58.  0.289999992
  47.  0.289999992
  45.  0.289999992
  36.  0.289999992
  62.  0.289999992
  54.  0.289999992
  41.  0.289999992
  0.  0.289999992
  0.  0.289999992
  61.  0.289999992
  46.  0.289999992
  31.  0.289999992
  0.  0.289999992
  38.  0.289999992
  0.  0.289999992
  97.  0.289999992
  0.  0.289999992
