  45.  0.419999987
  54.  0.419999987
  0.  0.419999987
  44.  0.419999987
  0.  0.419999987
  0.  0.419999987
  0.  0.419999987
  0.  0.419999987
  42.  0.419999987
  41.  0.419999987
  45.  0.419999987
  41.  0.419999987
  46.  0.419999987
  40.  0.419999987
  0.  0.419999987
  20.  0.419999987
  45.  0.419999987
  31.  0.419999987
  0.  0.419999987
  53.  0.419999987
  87.  0.419999987
  60.  0.419999987
  50.  0.419999987
  47.  0.419999987
  44.  0.419999987
  58.  0.419999987
  0.  0.419999987
  36.  0.419999987
  0.  0.419999987
  0.  0.419999987
  58.  0.419999987
  0.  0.419999987
  0.  0.419999987
  0.  0.419999987
  42.  0.419999987
  74.  0.419999987
  52.  0.419999987
  38.  0.419999987
  38.  0.419999987
  34.  0.419999987
  0.  0.419999987
  0.  0.419999987
  35.  0.419999987
  0.  0.419999987
  36.  0.419999987
  0.  0.419999987
  50.  0.419999987
  56.  0.419999987
  36.  0.419999987
  35.  0.419999987
  0.  0.419999987
  64.  0.419999987
  0.  0.419999987
  33.  0.419999987
  62.  0.419999987
  29.  0.419999987
  41.  0.419999987
  0.  0.419999987
  42.  0.419999987
  0.  0.419999987
  0.  0.419999987
  34.  0.419999987
  86.  0.419999987
  54.  0.419999987
  47.  0.419999987
  45.  0.419999987
  0.  0.419999987
  33.  0.419999987
  0.  0.419999987
  0.  0.419999987
  36.  0.419999987
  36.  0.419999987
  74.  0.419999987
  0.  0.419999987
  38.  0.419999987
  52.  0.419999987
  40.  0.419999987
  40.  0.419999987
  62.  0.419999987
  38.  0.419999987
  38.  0.419999987
  38.  0.419999987
  33.  0.419999987
  75.  0.419999987
  30.  0.419999987
  39.  0.419999987
  39.  0.419999987
  0.  0.419999987
  0.  0.419999987
  39.  0.419999987
  0.  0.419999987
  38.  0.419999987
  33.  0.419999987
  58.  0.419999987
  0.  0.419999987
  0.  0.419999987
  48.  0.419999987
  29.  0.419999987
  49.  0.419999987
  0.  0.419999987
