  64.  0.409999996
  59.  0.409999996
  34.  0.409999996
  44.  0.409999996
  65.  0.409999996
  59.  0.409999996
  52.  0.409999996
  0.  0.409999996
  46.  0.409999996
  0.  0.409999996
  33.  0.409999996
  37.  0.409999996
  38.  0.409999996
  37.  0.409999996
  0.  0.409999996
  50.  0.409999996
  55.  0.409999996
  0.  0.409999996
  40.  0.409999996
  58.  0.409999996
  66.  0.409999996
  30.  0.409999996
  45.  0.409999996
  0.  0.409999996
  34.  0.409999996
  38.  0.409999996
  0.  0.409999996
  28.  0.409999996
  0.  0.409999996
  42.  0.409999996
  0.  0.409999996
  64.  0.409999996
  32.  0.409999996
  0.  0.409999996
  0.  0.409999996
  40.  0.409999996
  58.  0.409999996
  54.  0.409999996
  45.  0.409999996
  46.  0.409999996
  31.  0.409999996
  62.  0.409999996
  0.  0.409999996
  47.  0.409999996
  0.  0.409999996
  35.  0.409999996
  0.  0.409999996
  53.  0.409999996
  73.  0.409999996
  46.  0.409999996
  32.  0.409999996
  46.  0.409999996
  45.  0.409999996
  39.  0.409999996
  32.  0.409999996
  0.  0.409999996
  40.  0.409999996
  0.  0.409999996
  0.  0.409999996
  46.  0.409999996
  44.  0.409999996
  42.  0.409999996
  0.  0.409999996
  45.  0.409999996
  49.  0.409999996
  33.  0.409999996
  91.  0.409999996
  0.  0.409999996
  92.  0.409999996
  34.  0.409999996
  65.  0.409999996
  37.  0.409999996
  0.  0.409999996
  52.  0.409999996
  0.  0.409999996
  34.  0.409999996
  0.  0.409999996
  0.  0.409999996
  61.  0.409999996
  89.  0.409999996
  63.  0.409999996
  60.  0.409999996
  44.  0.409999996
  80.  0.409999996
  58.  0.409999996
  45.  0.409999996
  39.  0.409999996
  0.  0.409999996
  34.  0.409999996
  36.  0.409999996
  0.  0.409999996
  0.  0.409999996
  68.  0.409999996
  68.  0.409999996
  41.  0.409999996
  38.  0.409999996
  28.  0.409999996
  36.  0.409999996
  0.  0.409999996
  0.  0.409999996
