  56.  0.129999995
  48.  0.129999995
  52.  0.129999995
  74.  0.129999995
  67.  0.129999995
  59.  0.129999995
  48.  0.129999995
  45.  0.129999995
  51.  0.129999995
  65.  0.129999995
  45.  0.129999995
  91.  0.129999995
  54.  0.129999995
  73.  0.129999995
  49.  0.129999995
  65.  0.129999995
  52.  0.129999995
  48.  0.129999995
  46.  0.129999995
  66.  0.129999995
  57.  0.129999995
  52.  0.129999995
  71.  0.129999995
  47.  0.129999995
  29.  0.129999995
  50.  0.129999995
  56.  0.129999995
  67.  0.129999995
  51.  0.129999995
  52.  0.129999995
  0.  0.129999995
  52.  0.129999995
  89.  0.129999995
  47.  0.129999995
  58.  0.129999995
  41.  0.129999995
  0.  0.129999995
  51.  0.129999995
  43.  0.129999995
  63.  0.129999995
  43.  0.129999995
  56.  0.129999995
  44.  0.129999995
  54.  0.129999995
  53.  0.129999995
  53.  0.129999995
  51.  0.129999995
  54.  0.129999995
  52.  0.129999995
  63.  0.129999995
  57.  0.129999995
  54.  0.129999995
  88.  0.129999995
  60.  0.129999995
  51.  0.129999995
  41.  0.129999995
  56.  0.129999995
  64.  0.129999995
  49.  0.129999995
  57.  0.129999995
  71.  0.129999995
  79.  0.129999995
  63.  0.129999995
  60.  0.129999995
  52.  0.129999995
  47.  0.129999995
  44.  0.129999995
  78.  0.129999995
  42.  0.129999995
  75.  0.129999995
  57.  0.129999995
  60.  0.129999995
  47.  0.129999995
  50.  0.129999995
  62.  0.129999995
  49.  0.129999995
  48.  0.129999995
  50.  0.129999995
  40.  0.129999995
  84.  0.129999995
  49.  0.129999995
  46.  0.129999995
  52.  0.129999995
  54.  0.129999995
  52.  0.129999995
  48.  0.129999995
  56.  0.129999995
  51.  0.129999995
  71.  0.129999995
  51.  0.129999995
  52.  0.129999995
  46.  0.129999995
  65.  0.129999995
  61.  0.129999995
  48.  0.129999995
  69.  0.129999995
  56.  0.129999995
  54.  0.129999995
  50.  0.129999995
  60.  0.129999995
