   0.010000     0.416686      0.0       0.000000
   0.020000     0.866596      0.0       0.000000
   0.030000     1.379709      0.0       0.000000
   0.040000     1.979757      0.0       0.000000
   0.050000     2.681767      0.0       0.000000
   0.060000     3.490264      0.0       0.000000
   0.070000     4.398387      0.0       0.000000
   0.080000     5.387880      0.0       0.000000
   0.090000     6.430068      0.0       0.000000
   0.100000     7.487741      0.0       0.000000
   0.110000     8.517635      0.0       0.000000
   0.120000     9.473645      0.0       0.000000
   0.130000    10.310225      0.0       0.000000
   0.140000    10.985810      0.0       0.000000
   0.150000    11.466063      0.0       0.000000
   0.160000    11.726641      0.0       0.000000
   0.170000    11.755277      0.0       0.000000
   0.180000    11.552854      0.0       0.000000
   0.190000    11.133752      0.0       0.000000
   0.200000    10.525067      0.0       0.000000
   0.210000     9.764925      0.0       0.000000
   0.220000     8.899928      0.0       0.000000
   0.230000     7.982111      0.0       0.000000
   0.240000     7.065370      0.0       0.000000
   0.250000     6.201791      0.0       0.000000
   0.260000     5.438151      0.0       0.000000
   0.270000     4.812706      0.0       0.000000
   0.280000     4.352749      0.0       0.000000
   0.290000     4.072814      0.0       0.000000
   0.300000     3.973923      0.0       0.000000
   0.310000     4.043762      0.0       0.000000
   0.320000     4.257786      0.0       0.000000
   0.330000     4.581259      0.0       0.000000
   0.340000     4.971941      0.0       0.000000
   0.350000     5.383287      0.0       0.000000
   0.360000     5.767920      0.0       0.000000
   0.370000     6.081121      0.0       0.000000
   0.380000     6.284017      0.0       0.000000
   0.390000     6.346321      0.0       0.000000
   0.400000     6.248406      0.0       0.000000
   0.410000     5.982494      0.0       0.000000
   0.420000     5.553061      0.0       0.000000
   0.430000     4.976210      0.0       0.000000
   0.440000     4.278329      0.0       0.000000
   0.450000     3.493944      0.0       0.000000
   0.460000     2.663056      0.0       0.000000
   0.470000     1.828128      0.0       0.000000
   0.480000     1.030985      0.0       0.000000
   0.490000     0.309837      0.0       0.000000
   0.500000    -0.303385      0.0       0.000000
   0.510000    -0.785099      0.0       0.000000
   0.520000    -1.121519      0.0       0.000000
   0.530000    -1.309317      0.0       0.000000
   0.540000    -1.355457      0.0       0.000000
   0.550000    -1.276360      0.0       0.000000
   0.560000    -1.096299      0.0       0.000000
   0.570000    -0.845320      0.0       0.000000
   0.580000    -0.556797      0.0       0.000000
   0.590000    -0.264833      0.0       0.000000
   0.600000    -0.001673      0.0       0.000000
   0.610000     0.204603      0.0       0.000000
   0.620000     0.331998      0.0       0.000000
   0.630000     0.365999      0.0       0.000000
   0.640000     0.300316      0.0       0.000000
   0.650000     0.136986      0.0       0.000000
   0.660000    -0.114193      0.0       0.000000
   0.670000    -0.436750      0.0       0.000000
   0.680000    -0.809138      0.0       0.000000
   0.690000    -1.206668      0.0       0.000000
   0.700000    -1.603535      0.0       0.000000
   0.710000    -1.974914      0.0       0.000000
   0.720000    -2.298820      0.0       0.000000
   0.730000    -2.557694      0.0       0.000000
   0.740000    -2.739537      0.0       0.000000
   0.750000    -2.838567      0.0       0.000000
   0.760000    -2.855344      0.0       0.000000
   0.770000    -2.796361      0.0       0.000000
   0.780000    -2.673194      0.0       0.000000
   0.790000    -2.501272      0.0       0.000000
   0.800000    -2.298423      0.0       0.000000
   0.810000    -2.083271      0.0       0.000000
   0.820000    -1.873669      0.0       0.000000
   0.830000    -1.685292      0.0       0.000000
   0.840000    -1.530483      0.0       0.000000
   0.850000    -1.417462      0.0       0.000000
   0.860000    -1.349913      0.0       0.000000
   0.870000    -1.327021      0.0       0.000000
   0.880000    -1.343905      0.0       0.000000
   0.890000    -1.392347      0.0       0.000000
   0.900000    -1.461850      0.0       0.000000
   0.910000    -1.540794      0.0       0.000000
   0.920000    -1.617675      0.0       0.000000
   0.930000    -1.682247      0.0       0.000000
   0.940000    -1.726516      0.0       0.000000
   0.950000    -1.745436      0.0       0.000000
   0.960000    -1.737350      0.0       0.000000
   0.970000    -1.704002      0.0       0.000000
   0.980000    -1.650278      0.0       0.000000
   0.990000    -1.583612      0.0       0.000000
   1.000000    -1.513110      0.0       0.000000
   1.010000    -1.448579      0.0       0.000000
   1.020000    -1.399440      0.0       0.000000
   1.030000    -1.373704      0.0       0.000000
   1.040000    -1.377069      0.0       0.000000
   1.050000    -1.412261      0.0       0.000000
   1.060000    -1.478637      0.0       0.000000
   1.070000    -1.572136      0.0       0.000000
   1.080000    -1.685547      0.0       0.000000
   1.090000    -1.809083      0.0       0.000000
   1.100000    -1.931233      0.0       0.000000
   1.110000    -2.039791      0.0       0.000000
   1.120000    -2.122967      0.0       0.000000
   1.130000    -2.170525      0.0       0.000000
   1.140000    -2.174758      0.0       0.000000
   1.150000    -2.131326      0.0       0.000000
   1.160000    -2.039771      0.0       0.000000
   1.170000    -1.903735      0.0       0.000000
   1.180000    -1.730810      0.0       0.000000
   1.190000    -1.532037      0.0       0.000000
   1.200000    -1.321117      0.0       0.000000
   1.210000    -1.113360      0.0       0.000000
   1.220000    -0.924468      0.0       0.000000
   1.230000    -0.769273      0.0       0.000000
   1.240000    -0.660487      0.0       0.000000
   1.250000    -0.607636      0.0       0.000000
   1.260000    -0.616222      0.0       0.000000
   1.270000    -0.687170      0.0       0.000000
   1.280000    -0.816662      0.0       0.000000
   1.290000    -0.996365      0.0       0.000000
   1.300000    -1.213980      0.0       0.000000
   1.310000    -1.454167      0.0       0.000000
   1.320000    -1.699686      0.0       0.000000
   1.330000    -1.932724      0.0       0.000000
   1.340000    -2.136279      0.0       0.000000
   1.350000    -2.295493      0.0       0.000000
   1.360000    -2.398829      0.0       0.000000
   1.370000    -2.439026      0.0       0.000000
   1.380000    -2.413660      0.0       0.000000
   1.390000    -2.325434      0.0       0.000000
   1.400000    -2.181971      0.0       0.000000
   1.410000    -1.995298      0.0       0.000000
   1.420000    -1.780969      0.0       0.000000
   1.430000    -1.556896      0.0       0.000000
   1.440000    -1.342041      0.0       0.000000
   1.450000    -1.154974      0.0       0.000000
   1.460000    -1.012505      0.0       0.000000
   1.470000    -0.928453      0.0       0.000000
   1.480000    -0.912592      0.0       0.000000
   1.490000    -0.969969      0.0       0.000000
   1.500000    -1.100533      0.0       0.000000
   1.510000    -1.299185      0.0       0.000000
   1.520000    -1.556147      0.0       0.000000
   1.530000    -1.857749      0.0       0.000000
   1.540000    -2.187408      0.0       0.000000
   1.550000    -2.526888      0.0       0.000000
   1.560000    -2.857597      0.0       0.000000
   1.570000    -3.161916      0.0       0.000000
   1.580000    -3.424437      0.0       0.000000
   1.590000    -3.632994      0.0       0.000000
   1.600000    -3.779418      0.0       0.000000
   1.610000    -3.860011      0.0       0.000000
   1.620000    -3.875684      0.0       0.000000
   1.630000    -3.831678      0.0       0.000000
   1.640000    -3.737086      0.0       0.000000
   1.650000    -3.603982      0.0       0.000000
   1.660000    -3.446485      0.0       0.000000
   1.670000    -3.279596      0.0       0.000000
   1.680000    -3.118082      0.0       0.000000
   1.690000    -2.975379      0.0       0.000000
   1.700000    -2.862664      0.0       0.000000
   1.710000    -2.788150      0.0       0.000000
   1.720000    -2.756555      0.0       0.000000
   1.730000    -2.768977      0.0       0.000000
   1.740000    -2.822952      0.0       0.000000
   1.750000    -2.912821      0.0       0.000000
   1.760000    -3.030324      0.0       0.000000
   1.770000    -3.165365      0.0       0.000000
   1.780000    -3.306879      0.0       0.000000
   1.790000    -3.443702      0.0       0.000000
   1.800000    -3.565480      0.0       0.000000
   1.810000    -3.663384      0.0       0.000000
   1.820000    -3.730728      0.0       0.000000
   1.830000    -3.763352      0.0       0.000000
   1.840000    -3.759835      0.0       0.000000
   1.850000    -3.721405      0.0       0.000000
   1.860000    -3.651720      0.0       0.000000
   1.870000    -3.556459      0.0       0.000000
   1.880000    -3.442722      0.0       0.000000
   1.890000    -3.318421      0.0       0.000000
   1.900000    -3.191599      0.0       0.000000
   1.910000    -3.069810      0.0       0.000000
   1.920000    -2.959552      0.0       0.000000
   1.930000    -2.865836      0.0       0.000000
   1.940000    -2.791876      0.0       0.000000
   1.950000    -2.739002      0.0       0.000000
   1.960000    -2.706650      0.0       0.000000
   1.970000    -2.692581      0.0       0.000000
   1.980000    -2.693184      0.0       0.000000
   1.990000    -2.703867      0.0       0.000000
   2.000000    -2.719529      0.0       0.000000
   2.010000    -2.735050      0.0       0.000000
   2.020000    -2.745725      0.0       0.000000
   2.030000    -2.747664      0.0       0.000000
   2.040000    -2.738112      0.0       0.000000
   2.050000    -2.715681      0.0       0.000000
   2.060000    -2.680401      0.0       0.000000
   2.070000    -2.633754      0.0       0.000000
   2.080000    -2.578551      0.0       0.000000
   2.090000    -2.518716      0.0       0.000000
   2.100000    -2.459023      0.0       0.000000
   2.110000    -2.404790      0.0       0.000000
   2.120000    -2.361507      0.0       0.000000
   2.130000    -2.334475      0.0       0.000000
   2.140000    -2.328488      0.0       0.000000
   2.150000    -2.347447      0.0       0.000000
   2.160000    -2.394074      0.0       0.000000
   2.170000    -2.469627      0.0       0.000000
   2.180000    -2.573638      0.0       0.000000
   2.190000    -2.703674      0.0       0.000000
   2.200000    -2.855181      0.0       0.000000
   2.210000    -3.021286      0.0       0.000000
   2.220000    -3.192725      0.0       0.000000
   2.230000    -3.357804      0.0       0.000000
   2.240000    -3.502352      0.0       0.000000
   2.250000    -3.609937      0.0       0.000000
   2.260000    -3.662010      0.0       0.000000
   2.270000    -3.638326      0.0       0.000000
   2.280000    -3.517462      0.0       0.000000
   2.290000    -3.277438      0.0       0.000000
   2.300000    -2.896632      0.0       0.000000
   2.310000    -2.354669      0.0       0.000000
   2.320000    -1.633597      0.0       0.000000
   2.330000    -0.718993      0.0       0.000000
   2.340000     0.398786      0.0       0.000000
   2.350000     1.723508      0.0       0.000000
   2.360000     3.251975      0.0       0.000000
   2.370000     4.973232      0.0       0.000000
   2.380000     6.868021      0.0       0.000000
   2.390000     8.908484      0.0       0.000000
   2.400000    11.058455      0.0       0.000000
   2.410000    13.274054      0.0       0.000000
   2.420000    15.504694      0.0       0.000000
   2.430000    17.694647      0.0       0.000000
   2.440000    19.785040      0.0       0.000000
   2.450000    21.715776      0.0       0.000000
   2.460000    23.428410      0.0       0.000000
   2.470000    24.868299      0.0       0.000000
   2.480000    25.987415      0.0       0.000000
   2.490000    26.746510      0.0       0.000000
   2.500000    27.117275      0.0       0.000000
   2.510000    27.083723      0.0       0.000000
   2.520000    26.643515      0.0       0.000000
   2.530000    25.808172      0.0       0.000000
   2.540000    24.602922      0.0       0.000000
   2.550000    23.065720      0.0       0.000000
   2.560000    21.245579      0.0       0.000000
   2.570000    19.200645      0.0       0.000000
   2.580000    16.995325      0.0       0.000000
   2.590000    14.697603      0.0       0.000000
   2.600000    12.375683      0.0       0.000000
   2.610000    10.095186      0.0       0.000000
   2.620000     7.916100      0.0       0.000000
   2.630000     5.890316      0.0       0.000000
   2.640000     4.059599      0.0       0.000000
   2.650000     2.454150      0.0       0.000000
   2.660000     1.091848      0.0       0.000000
   2.670000    -0.021795      0.0       0.000000
   2.680000    -0.892978      0.0       0.000000
   2.690000    -1.538393      0.0       0.000000
   2.700000    -1.983360      0.0       0.000000
   2.710000    -2.259772      0.0       0.000000
   2.720000    -2.403520      0.0       0.000000
   2.730000    -2.452069      0.0       0.000000
   2.740000    -2.442029      0.0       0.000000
   2.750000    -2.406968      0.0       0.000000
   2.760000    -2.375535      0.0       0.000000
   2.770000    -2.370217      0.0       0.000000
   2.780000    -2.406447      0.0       0.000000
   2.790000    -2.492406      0.0       0.000000
   2.800000    -2.629287      0.0       0.000000
   2.810000    -2.812093      0.0       0.000000
   2.820000    -3.030844      0.0       0.000000
   2.830000    -3.271996      0.0       0.000000
   2.840000    -3.520127      0.0       0.000000
   2.850000    -3.759537      0.0       0.000000
   2.860000    -3.975884      0.0       0.000000
   2.870000    -4.157373      0.0       0.000000
   2.880000    -4.295866      0.0       0.000000
   2.890000    -4.387431      0.0       0.000000
   2.900000    -4.432617      0.0       0.000000
   2.910000    -4.436167      0.0       0.000000
   2.920000    -4.406501      0.0       0.000000
   2.930000    -4.354807      0.0       0.000000
   2.940000    -4.293952      0.0       0.000000
   2.950000    -4.237274      0.0       0.000000
   2.960000    -4.197342      0.0       0.000000
   2.970000    -4.184888      0.0       0.000000
   2.980000    -4.207856      0.0       0.000000
   2.990000    -4.270786      0.0       0.000000
   3.000000    -4.374453      0.0       0.000000
   3.010000    -4.515935      0.0       0.000000
   3.020000    -4.688913      0.0       0.000000
   3.030000    -4.884344      0.0       0.000000
   3.040000    -5.091284      0.0       0.000000
   3.050000    -5.297916      0.0       0.000000
   3.060000    -5.492630      0.0       0.000000
   3.070000    -5.664978      0.0       0.000000
   3.080000    -5.806612      0.0       0.000000
   3.090000    -5.911953      0.0       0.000000
   3.100000    -5.978586      0.0       0.000000
   3.110000    -6.007346      0.0       0.000000
   3.120000    -6.002151      0.0       0.000000
   3.130000    -5.969522      0.0       0.000000
   3.140000    -5.917858      0.0       0.000000
   3.150000    -5.856499      0.0       0.000000
   3.160000    -5.794845      0.0       0.000000
   3.170000    -5.741272      0.0       0.000000
   3.180000    -5.702366      0.0       0.000000
   3.190000    -5.682118      0.0       0.000000
   3.200000    -5.681462      0.0       0.000000
   3.210000    -5.698113      0.0       0.000000
   3.220000    -5.726619      0.0       0.000000
   3.230000    -5.758802      0.0       0.000000
   3.240000    -5.784384      0.0       0.000000
   3.250000    -5.791798      0.0       0.000000
   3.260000    -5.769254      0.0       0.000000
   3.270000    -5.705660      0.0       0.000000
   3.280000    -5.591664      0.0       0.000000
   3.290000    -5.420430      0.0       0.000000
   3.300000    -5.188336      0.0       0.000000
   3.310000    -4.895247      0.0       0.000000
   3.320000    -4.544650      0.0       0.000000
   3.330000    -4.143357      0.0       0.000000
   3.340000    -3.701030      0.0       0.000000
   3.350000    -3.229365      0.0       0.000000
   3.360000    -2.741185      0.0       0.000000
   3.370000    -2.249420      0.0       0.000000
   3.380000    -1.766060      0.0       0.000000
   3.390000    -1.301256      0.0       0.000000
   3.400000    -0.862569      0.0       0.000000
   3.410000    -0.454487      0.0       0.000000
   3.420000    -0.078199      0.0       0.000000
   3.430000     0.268225      0.0       0.000000
   3.440000     0.589427      0.0       0.000000
   3.450000     0.892047      0.0       0.000000
   3.460000     1.183726      0.0       0.000000
   3.470000     1.472078      0.0       0.000000
   3.480000     1.763565      0.0       0.000000
   3.490000     2.062440      0.0       0.000000
   3.500000     2.369851      0.0       0.000000
   3.510000     2.683201      0.0       0.000000
   3.520000     2.995851      0.0       0.000000
   3.530000     3.297184      0.0       0.000000
   3.540000     3.573016      0.0       0.000000
   3.550000     3.806412      0.0       0.000000
   3.560000     3.978833      0.0       0.000000
   3.570000     4.071432      0.0       0.000000
   3.580000     4.066607      0.0       0.000000
   3.590000     3.949460      0.0       0.000000
   3.600000     3.709248      0.0       0.000000
   3.610000     3.340557      0.0       0.000000
   3.620000     2.844131      0.0       0.000000
   3.630000     2.227386      0.0       0.000000
   3.640000     1.504381      0.0       0.000000
   3.650000     0.695317      0.0       0.000000
   3.660000    -0.174351      0.0       0.000000
   3.670000    -1.075290      0.0       0.000000
   3.680000    -1.975918      0.0       0.000000
   3.690000    -2.844269      0.0       0.000000
   3.700000    -3.649968      0.0       0.000000
   3.710000    -4.366003      0.0       0.000000
   3.720000    -4.970469      0.0       0.000000
   3.730000    -5.447830      0.0       0.000000
   3.740000    -5.789887      0.0       0.000000
   3.750000    -5.996190      0.0       0.000000
   3.760000    -6.073881      0.0       0.000000
   3.770000    -6.037083      0.0       0.000000
   3.780000    -5.905794      0.0       0.000000
   3.790000    -5.704412      0.0       0.000000
   3.800000    -5.459908      0.0       0.000000
   3.810000    -5.199961      0.0       0.000000
   3.820000    -4.950973      0.0       0.000000
   3.830000    -4.736331      0.0       0.000000
   3.840000    -4.574851      0.0       0.000000
   3.850000    -4.479645      0.0       0.000000
   3.860000    -4.457476      0.0       0.000000
   3.870000    -4.508539      0.0       0.000000
   3.880000    -4.626823      0.0       0.000000
   3.890000    -4.800907      0.0       0.000000
   3.900000    -5.015170      0.0       0.000000
   3.910000    -5.251259      0.0       0.000000
   3.920000    -5.489804      0.0       0.000000
   3.930000    -5.712042      0.0       0.000000
   3.940000    -5.901464      0.0       0.000000
   3.950000    -6.045032      0.0       0.000000
   3.960000    -6.134269      0.0       0.000000
   3.970000    -6.165710      0.0       0.000000
   3.980000    -6.141000      0.0       0.000000
   3.990000    -6.066407      0.0       0.000000
   4.000000    -5.951955      0.0       0.000000
   4.010000    -5.810205      0.0       0.000000
   4.020000    -5.654621      0.0       0.000000
   4.030000    -5.497956      0.0       0.000000
   4.040000    -5.350556      0.0       0.000000
   4.050000    -5.218814      0.0       0.000000
   4.060000    -5.103939      0.0       0.000000
   4.070000    -5.001104      0.0       0.000000
   4.080000    -4.899070      0.0       0.000000
   4.090000    -4.780424      0.0       0.000000
   4.100000    -4.622242      0.0       0.000000
   4.110000    -4.397381      0.0       0.000000
   4.120000    -4.076159      0.0       0.000000
   4.130000    -3.628333      0.0       0.000000
   4.140000    -3.025441      0.0       0.000000
   4.150000    -2.242846      0.0       0.000000
   4.160000    -1.262123      0.0       0.000000
   4.170000    -0.072683      0.0       0.000000
   4.180000     1.326528      0.0       0.000000
   4.190000     2.926453      0.0       0.000000
   4.200000     4.707114      0.0       0.000000
   4.210000     6.638528      0.0       0.000000
   4.220000     8.680962      0.0       0.000000
   4.230000    10.787210      0.0       0.000000
   4.240000    12.903807      0.0       0.000000
   4.250000    14.974170      0.0       0.000000
   4.260000    16.940502      0.0       0.000000
   4.270000    18.747068      0.0       0.000000
   4.280000    20.342197      0.0       0.000000
   4.290000    21.681116      0.0       0.000000
   4.300000    22.727369      0.0       0.000000
   4.310000    23.454840      0.0       0.000000
   4.320000    23.848011      0.0       0.000000
   4.330000    23.902885      0.0       0.000000
   4.340000    23.626242      0.0       0.000000
   4.350000    23.035147      0.0       0.000000
   4.360000    22.155443      0.0       0.000000
   4.370000    21.020386      0.0       0.000000
   4.380000    19.668522      0.0       0.000000
   4.390000    18.141844      0.0       0.000000
   4.400000    16.483730      0.0       0.000000
   4.410000    14.737260      0.0       0.000000
   4.420000    12.943257      0.0       0.000000
   4.430000    11.139473      0.0       0.000000
   4.440000     9.358870      0.0       0.000000
   4.450000     7.629853      0.0       0.000000
   4.460000     5.975163      0.0       0.000000
   4.470000     4.412658      0.0       0.000000
   4.480000     2.954962      0.0       0.000000
   4.490000     1.610612      0.0       0.000000
   4.500000     0.384120      0.0       0.000000
   4.510000    -0.722803      0.0       0.000000
   4.520000    -1.711051      0.0       0.000000
   4.530000    -2.583078      0.0       0.000000
   4.540000    -3.342764      0.0       0.000000
   4.550000    -3.994766      0.0       0.000000
   4.560000    -4.544549      0.0       0.000000
   4.570000    -4.997992      0.0       0.000000
   4.580000    -5.361736      0.0       0.000000
   4.590000    -5.642919      0.0       0.000000
   4.600000    -5.849494      0.0       0.000000
   4.610000    -5.990087      0.0       0.000000
   4.620000    -6.074135      0.0       0.000000
   4.630000    -6.111751      0.0       0.000000
   4.640000    -6.113392      0.0       0.000000
   4.650000    -6.089677      0.0       0.000000
   4.660000    -6.050855      0.0       0.000000
   4.670000    -6.006364      0.0       0.000000
   4.680000    -5.964306      0.0       0.000000
   4.690000    -5.930794      0.0       0.000000
   4.700000    -5.909715      0.0       0.000000
   4.710000    -5.902150      0.0       0.000000
   4.720000    -5.906363      0.0       0.000000
   4.730000    -5.917693      0.0       0.000000
   4.740000    -5.928790      0.0       0.000000
   4.750000    -5.929963      0.0       0.000000
   4.760000    -5.909801      0.0       0.000000
   4.770000    -5.855844      0.0       0.000000
   4.780000    -5.755519      0.0       0.000000
   4.790000    -5.596917      0.0       0.000000
   4.800000    -5.369763      0.0       0.000000
   4.810000    -5.066154      0.0       0.000000
   4.820000    -4.681288      0.0       0.000000
   4.830000    -4.213853      0.0       0.000000
   4.840000    -3.666447      0.0       0.000000
   4.850000    -3.045427      0.0       0.000000
   4.860000    -2.360916      0.0       0.000000
   4.870000    -1.626120      0.0       0.000000
   4.880000    -0.856939      0.0       0.000000
   4.890000    -0.071104      0.0       0.000000
   4.900000     0.712763      0.0       0.000000
   4.910000     1.475819      0.0       0.000000
   4.920000     2.200102      0.0       0.000000
   4.930000     2.868984      0.0       0.000000
   4.940000     3.468076      0.0       0.000000
   4.950000     3.985395      0.0       0.000000
   4.960000     4.411839      0.0       0.000000
   4.970000     4.741068      0.0       0.000000
   4.980000     4.969464      0.0       0.000000
   4.990000     5.095809      0.0       0.000000
   5.000000     5.121007      0.0       0.000000
   5.010000     5.047499      0.0       0.000000
   5.020000     4.878926      0.0       0.000000
   5.030000     4.619718      0.0       0.000000
   5.040000     4.274688      0.0       0.000000
   5.050000     3.848940      0.0       0.000000
   5.060000     3.347626      0.0       0.000000
   5.070000     2.776209      0.0       0.000000
   5.080000     2.140350      0.0       0.000000
   5.090000     1.446433      0.0       0.000000
   5.100000     0.701537      0.0       0.000000
   5.110000    -0.085933      0.0       0.000000
   5.120000    -0.906340      0.0       0.000000
   5.130000    -1.748427      0.0       0.000000
   5.140000    -2.599340      0.0       0.000000
   5.150000    -3.445023      0.0       0.000000
   5.160000    -4.270130      0.0       0.000000
   5.170000    -5.058915      0.0       0.000000
   5.180000    -5.795474      0.0       0.000000
   5.190000    -6.464892      0.0       0.000000
   5.200000    -7.053615      0.0       0.000000
   5.210000    -7.550529      0.0       0.000000
   5.220000    -7.947425      0.0       0.000000
   5.230000    -8.239733      0.0       0.000000
   5.240000    -8.426687      0.0       0.000000
   5.250000    -8.511571      0.0       0.000000
   5.260000    -8.501433      0.0       0.000000
   5.270000    -8.406693      0.0       0.000000
   5.280000    -8.240396      0.0       0.000000
   5.290000    -8.017257      0.0       0.000000
   5.300000    -7.752601      0.0       0.000000
   5.310000    -7.461118      0.0       0.000000
   5.320000    -7.155716      0.0       0.000000
   5.330000    -6.846375      0.0       0.000000
   5.340000    -6.539263      0.0       0.000000
   5.350000    -6.236036      0.0       0.000000
   5.360000    -5.933581      0.0       0.000000
   5.370000    -5.623951      0.0       0.000000
   5.380000    -5.294949      0.0       0.000000
   5.390000    -4.930772      0.0       0.000000
   5.400000    -4.513197      0.0       0.000000
   5.410000    -4.023065      0.0       0.000000
   5.420000    -3.441722      0.0       0.000000
   5.430000    -2.752810      0.0       0.000000
   5.440000    -1.943737      0.0       0.000000
   5.450000    -1.007319      0.0       0.000000
   5.460000     0.057315      0.0       0.000000
   5.470000     1.243512      0.0       0.000000
   5.480000     2.537180      0.0       0.000000
   5.490000     3.916322      0.0       0.000000
   5.500000     5.352191      0.0       0.000000
   5.510000     6.809739      0.0       0.000000
   5.520000     8.249614      0.0       0.000000
   5.530000     9.629443      0.0       0.000000
   5.540000    10.906308      0.0       0.000000
   5.550000    12.038423      0.0       0.000000
   5.560000    12.987624      0.0       0.000000
   5.570000    13.720966      0.0       0.000000
   5.580000    14.212745      0.0       0.000000
   5.590000    14.445488      0.0       0.000000
   5.600000    14.411068      0.0       0.000000
   5.610000    14.110912      0.0       0.000000
   5.620000    13.555966      0.0       0.000000
   5.630000    12.766023      0.0       0.000000
   5.640000    11.768464      0.0       0.000000
   5.650000    10.597103      0.0       0.000000
   5.660000     9.290284      0.0       0.000000
   5.670000     7.888693      0.0       0.000000
   5.680000     6.433887      0.0       0.000000
   5.690000     4.965871      0.0       0.000000
   5.700000     3.521809      0.0       0.000000
   5.710000     2.134108      0.0       0.000000
   5.720000     0.829755      0.0       0.000000
   5.730000    -0.370986      0.0       0.000000
   5.740000    -1.454246      0.0       0.000000
   5.750000    -2.413170      0.0       0.000000
   5.760000    -3.246868      0.0       0.000000
   5.770000    -3.960152      0.0       0.000000
   5.780000    -4.562000      0.0       0.000000
   5.790000    -5.064889      0.0       0.000000
   5.800000    -5.483114      0.0       0.000000
   5.810000    -5.831779      0.0       0.000000
   5.820000    -6.125464      0.0       0.000000
   5.830000    -6.377348      0.0       0.000000
   5.840000    -6.598269      0.0       0.000000
   5.850000    -6.796290      0.0       0.000000
   5.860000    -6.976298      0.0       0.000000
   5.870000    -7.140077      0.0       0.000000
   5.880000    -7.286437      0.0       0.000000
   5.890000    -7.411719      0.0       0.000000
   5.900000    -7.510289      0.0       0.000000
   5.910000    -7.575299      0.0       0.000000
   5.920000    -7.599435      0.0       0.000000
   5.930000    -7.575655      0.0       0.000000
   5.940000    -7.497850      0.0       0.000000
   5.950000    -7.361511      0.0       0.000000
   5.960000    -7.164126      0.0       0.000000
   5.970000    -6.905629      0.0       0.000000
   5.980000    -6.588370      0.0       0.000000
   5.990000    -6.217356      0.0       0.000000
   6.000000    -5.799877      0.0       0.000000
   6.010000    -5.345435      0.0       0.000000
   6.020000    -4.865170      0.0       0.000000
   6.030000    -4.371588      0.0       0.000000
   6.040000    -3.877891      0.0       0.000000
   6.050000    -3.397578      0.0       0.000000
   6.060000    -2.943841      0.0       0.000000
   6.070000    -2.529138      0.0       0.000000
   6.080000    -2.164675      0.0       0.000000
   6.090000    -1.860192      0.0       0.000000
   6.100000    -1.623494      0.0       0.000000
   6.110000    -1.460421      0.0       0.000000
   6.120000    -1.374560      0.0       0.000000
   6.130000    -1.367416      0.0       0.000000
   6.140000    -1.438252      0.0       0.000000
   6.150000    -1.584364      0.0       0.000000
   6.160000    -1.801212      0.0       0.000000
   6.170000    -2.082680      0.0       0.000000
   6.180000    -2.421313      0.0       0.000000
   6.190000    -2.808723      0.0       0.000000
   6.200000    -3.235759      0.0       0.000000
   6.210000    -3.692996      0.0       0.000000
   6.220000    -4.170883      0.0       0.000000
   6.230000    -4.660113      0.0       0.000000
   6.240000    -5.151687      0.0       0.000000
   6.250000    -5.637243      0.0       0.000000
   6.260000    -6.108889      0.0       0.000000
   6.270000    -6.559438      0.0       0.000000
   6.280000    -6.982017      0.0       0.000000
   6.290000    -7.370181      0.0       0.000000
   6.300000    -7.717449      0.0       0.000000
   6.310000    -8.017170      0.0       0.000000
   6.320000    -8.262165      0.0       0.000000
   6.330000    -8.444384      0.0       0.000000
   6.340000    -8.554794      0.0       0.000000
   6.350000    -8.583089      0.0       0.000000
   6.360000    -8.517815      0.0       0.000000
   6.370000    -8.346123      0.0       0.000000
   6.380000    -8.054393      0.0       0.000000
   6.390000    -7.628366      0.0       0.000000
   6.400000    -7.053938      0.0       0.000000
   6.410000    -6.317672      0.0       0.000000
   6.420000    -5.407899      0.0       0.000000
   6.430000    -4.315479      0.0       0.000000
   6.440000    -3.034779      0.0       0.000000
   6.450000    -1.564916      0.0       0.000000
   6.460000     0.089907      0.0       0.000000
   6.470000     1.919061      0.0       0.000000
   6.480000     3.905648      0.0       0.000000
   6.490000     6.025644      0.0       0.000000
   6.500000     8.248759      0.0       0.000000
   6.510000    10.538049      0.0       0.000000
   6.520000    12.851608      0.0       0.000000
   6.530000    15.142875      0.0       0.000000
   6.540000    17.362852      0.0       0.000000
   6.550000    19.461058      0.0       0.000000
   6.560000    21.388065      0.0       0.000000
   6.570000    23.096661      0.0       0.000000
   6.580000    24.544552      0.0       0.000000
   6.590000    25.695429      0.0       0.000000
   6.600000    26.520876      0.0       0.000000
   6.610000    27.001490      0.0       0.000000
   6.620000    27.127630      0.0       0.000000
   6.630000    26.899921      0.0       0.000000
   6.640000    26.329071      0.0       0.000000
   6.650000    25.435560      0.0       0.000000
   6.660000    24.248224      0.0       0.000000
   6.670000    22.803539      0.0       0.000000
   6.680000    21.143509      0.0       0.000000
   6.690000    19.313753      0.0       0.000000
   6.700000    17.362026      0.0       0.000000
   6.710000    15.335629      0.0       0.000000
   6.720000    13.280211      0.0       0.000000
   6.730000    11.237450      0.0       0.000000
   6.740000     9.244393      0.0       0.000000
   6.750000     7.331761      0.0       0.000000
   6.760000     5.523997      0.0       0.000000
   6.770000     3.838438      0.0       0.000000
   6.780000     2.286075      0.0       0.000000
   6.790000     0.871430      0.0       0.000000
   6.800000    -0.405919      0.0       0.000000
   6.810000    -1.551072      0.0       0.000000
   6.820000    -2.572002      0.0       0.000000
   6.830000    -3.478897      0.0       0.000000
   6.840000    -4.282654      0.0       0.000000
   6.850000    -4.994172      0.0       0.000000
   6.860000    -5.623258      0.0       0.000000
   6.870000    -6.178244      0.0       0.000000
   6.880000    -6.665511      0.0       0.000000
   6.890000    -7.089480      0.0       0.000000
   6.900000    -7.452732      0.0       0.000000
   6.910000    -7.756376      0.0       0.000000
   6.920000    -8.000455      0.0       0.000000
   6.930000    -8.184631      0.0       0.000000
   6.940000    -8.308805      0.0       0.000000
   6.950000    -8.373589      0.0       0.000000
   6.960000    -8.380926      0.0       0.000000
   6.970000    -8.334349      0.0       0.000000
   6.980000    -8.239200      0.0       0.000000
   6.990000    -8.102658      0.0       0.000000
   7.000000    -7.933535      0.0       0.000000
   7.010000    -7.742000      0.0       0.000000
   7.020000    -7.539025      0.0       0.000000
   7.030000    -7.335979      0.0       0.000000
   7.040000    -7.143873      0.0       0.000000
   7.050000    -6.972909      0.0       0.000000
   7.060000    -6.831871      0.0       0.000000
   7.070000    -6.727740      0.0       0.000000
   7.080000    -6.665323      0.0       0.000000
   7.090000    -6.647148      0.0       0.000000
   7.100000    -6.673409      0.0       0.000000
   7.110000    -6.742039      0.0       0.000000
   7.120000    -6.849066      0.0       0.000000
   7.130000    -6.988805      0.0       0.000000
   7.140000    -7.154342      0.0       0.000000
   7.150000    -7.337892      0.0       0.000000
   7.160000    -7.531179      0.0       0.000000
   7.170000    -7.725781      0.0       0.000000
   7.180000    -7.913349      0.0       0.000000
   7.190000    -8.085857      0.0       0.000000
   7.200000    -8.235556      0.0       0.000000
   7.210000    -8.355036      0.0       0.000000
   7.220000    -8.437108      0.0       0.000000
   7.230000    -8.474671      0.0       0.000000
   7.240000    -8.460612      0.0       0.000000
   7.250000    -8.387643      0.0       0.000000
   7.260000    -8.248308      0.0       0.000000
   7.270000    -8.034949      0.0       0.000000
   7.280000    -7.739900      0.0       0.000000
   7.290000    -7.355726      0.0       0.000000
   7.300000    -6.875594      0.0       0.000000
   7.310000    -6.293738      0.0       0.000000
   7.320000    -5.606003      0.0       0.000000
   7.330000    -4.810321      0.0       0.000000
   7.340000    -3.907512      0.0       0.000000
   7.350000    -2.901442      0.0       0.000000
   7.360000    -1.799807      0.0       0.000000
   7.370000    -0.613898      0.0       0.000000
   7.380000     0.640800      0.0       0.000000
   7.390000     1.945287      0.0       0.000000
   7.400000     3.276902      0.0       0.000000
   7.410000     4.610367      0.0       0.000000
   7.420000     5.918149      0.0       0.000000
   7.430000     7.171758      0.0       0.000000
   7.440000     8.342381      0.0       0.000000
   7.450000     9.402250      0.0       0.000000
   7.460000    10.325699      0.0       0.000000
   7.470000    11.089944      0.0       0.000000
   7.480000    11.676319      0.0       0.000000
   7.490000    12.070732      0.0       0.000000
   7.500000    12.264264      0.0       0.000000
   7.510000    12.253523      0.0       0.000000
   7.520000    12.040544      0.0       0.000000
   7.530000    11.632824      0.0       0.000000
   7.540000    11.042687      0.0       0.000000
   7.550000    10.286932      0.0       0.000000
   7.560000     9.385902      0.0       0.000000
   7.570000     8.362917      0.0       0.000000
   7.580000     7.243149      0.0       0.000000
   7.590000     6.053154      0.0       0.000000
   7.600000     4.819572      0.0       0.000000
   7.610000     3.568954      0.0       0.000000
   7.620000     2.326633      0.0       0.000000
   7.630000     1.116688      0.0       0.000000
   7.640000    -0.038908      0.0       0.000000
   7.650000    -1.120082      0.0       0.000000
   7.660000    -2.109312      0.0       0.000000
   7.670000    -2.991342      0.0       0.000000
   7.680000    -3.753570      0.0       0.000000
   7.690000    -4.385778      0.0       0.000000
   7.700000    -4.880400      0.0       0.000000
   7.710000    -5.232511      0.0       0.000000
   7.720000    -5.439777      0.0       0.000000
   7.730000    -5.502610      0.0       0.000000
   7.740000    -5.424230      0.0       0.000000
   7.750000    -5.210717      0.0       0.000000
   7.760000    -4.871054      0.0       0.000000
   7.770000    -4.417074      0.0       0.000000
   7.780000    -3.863466      0.0       0.000000
   7.790000    -3.227377      0.0       0.000000
   7.800000    -2.528398      0.0       0.000000
   7.810000    -1.787840      0.0       0.000000
   7.820000    -1.028494      0.0       0.000000
   7.830000    -0.273681      0.0       0.000000
   7.840000     0.453149      0.0       0.000000
   7.850000     1.129477      0.0       0.000000
   7.860000     1.734221      0.0       0.000000
   7.870000     2.248746      0.0       0.000000
   7.880000     2.657266      0.0       0.000000
   7.890000     2.947687      0.0       0.000000
   7.900000     3.111767      0.0       0.000000
   7.910000     3.145575      0.0       0.000000
   7.920000     3.049354      0.0       0.000000
   7.930000     2.827579      0.0       0.000000
   7.940000     2.488528      0.0       0.000000
   7.950000     2.043906      0.0       0.000000
   7.960000     1.508139      0.0       0.000000
   7.970000     0.897853      0.0       0.000000
   7.980000     0.231050      0.0       0.000000
   7.990000    -0.473509      0.0       0.000000
   8.000000    -1.197124      0.0       0.000000
   8.010000    -1.921537      0.0       0.000000
   8.020000    -2.629505      0.0       0.000000
   8.030000    -3.305414      0.0       0.000000
   8.040000    -3.935038      0.0       0.000000
   8.050000    -4.506026      0.0       0.000000
   8.059999    -5.007804      0.0       0.000000
   8.070000    -5.431660      0.0       0.000000
   8.080000    -5.770395      0.0       0.000000
   8.090000    -6.018416      0.0       0.000000
   8.099999    -6.171605      0.0       0.000000
   8.110000    -6.227264      0.0       0.000000
   8.120000    -6.184112      0.0       0.000000
   8.130000    -6.042352      0.0       0.000000
   8.139999    -5.803896      0.0       0.000000
   8.150000    -5.472437      0.0       0.000000
   8.160000    -5.053779      0.0       0.000000
   8.170000    -4.555985      0.0       0.000000
   8.179999    -3.989611      0.0       0.000000
   8.190000    -3.367573      0.0       0.000000
   8.200000    -2.705420      0.0       0.000000
   8.210000    -2.020989      0.0       0.000000
   8.220000    -1.334051      0.0       0.000000
   8.230000    -0.665872      0.0       0.000000
   8.240000    -0.038323      0.0       0.000000
   8.250000     0.526612      0.0       0.000000
   8.260000     1.008009      0.0       0.000000
   8.270000     1.386806      0.0       0.000000
   8.280000     1.647022      0.0       0.000000
   8.290000     1.776332      0.0       0.000000
   8.300000     1.767040      0.0       0.000000
   8.309999     1.616638      0.0       0.000000
   8.320000     1.328026      0.0       0.000000
   8.330000     0.909752      0.0       0.000000
   8.340000     0.375658      0.0       0.000000
   8.349999    -0.255498      0.0       0.000000
   8.360000    -0.961074      0.0       0.000000
   8.370000    -1.715216      0.0       0.000000
   8.380000    -2.490174      0.0       0.000000
   8.389999    -3.257567      0.0       0.000000
   8.400000    -3.989825      0.0       0.000000
   8.410000    -4.661150      0.0       0.000000
   8.420000    -5.248824      0.0       0.000000
   8.429999    -5.734086      0.0       0.000000
   8.440000    -6.103034      0.0       0.000000
   8.450000    -6.346714      0.0       0.000000
   8.460000    -6.461484      0.0       0.000000
   8.470000    -6.448863      0.0       0.000000
   8.480000    -6.315076      0.0       0.000000
   8.490000    -6.070410      0.0       0.000000
   8.500000    -5.728499      0.0       0.000000
   8.510000    -5.305421      0.0       0.000000
   8.520000    -4.818707      0.0       0.000000
   8.530000    -4.286476      0.0       0.000000
   8.540000    -3.726676      0.0       0.000000
   8.550000    -3.156375      0.0       0.000000
   8.559999    -2.591238      0.0       0.000000
   8.570000    -2.045087      0.0       0.000000
   8.580000    -1.529930      0.0       0.000000
   8.590000    -1.055888      0.0       0.000000
   8.599999    -0.631305      0.0       0.000000
   8.610000    -0.262787      0.0       0.000000
   8.620000     0.044229      0.0       0.000000
   8.630000     0.285511      0.0       0.000000
   8.639999     0.457776      0.0       0.000000
   8.650000     0.558685      0.0       0.000000
   8.660000     0.586832      0.0       0.000000
   8.670000     0.541911      0.0       0.000000
   8.679999     0.425137      0.0       0.000000
   8.690000     0.239457      0.0       0.000000
   8.700000    -0.009839      0.0       0.000000
   8.710000    -0.314807      0.0       0.000000
   8.720000    -0.664396      0.0       0.000000
   8.730000    -1.044139      0.0       0.000000
   8.740000    -1.436277      0.0       0.000000
   8.750000    -1.819607      0.0       0.000000
   8.760000    -2.169952      0.0       0.000000
   8.770000    -2.460824      0.0       0.000000
   8.780000    -2.664346      0.0       0.000000
   8.790000    -2.752228      0.0       0.000000
   8.800000    -2.697128      0.0       0.000000
   8.809999    -2.474034      0.0       0.000000
   8.820000    -2.061698      0.0       0.000000
   8.830000    -1.443928      0.0       0.000000
   8.840000    -0.610971      0.0       0.000000
   8.849999     0.439598      0.0       0.000000
   8.860000     1.702423      0.0       0.000000
   8.870000     3.163586      0.0       0.000000
   8.880000     4.800961      0.0       0.000000
   8.889999     6.584508      0.0       0.000000
   8.900000     8.477804      0.0       0.000000
   8.910000    10.438316      0.0       0.000000
   8.920000    12.419477      0.0       0.000000
   8.929999    14.372289      0.0       0.000000
   8.940000    16.247728      0.0       0.000000
   8.950000    17.997751      0.0       0.000000
   8.960000    19.577633      0.0       0.000000
   8.970000    20.947681      0.0       0.000000
   8.980000    22.074301      0.0       0.000000
   8.990000    22.931664      0.0       0.000000
   9.000000    23.501692      0.0       0.000000
   9.010000    23.774878      0.0       0.000000
   9.020000    23.750015      0.0       0.000000
   9.030000    23.433933      0.0       0.000000
   9.040000    22.840693      0.0       0.000000
   9.050000    21.990499      0.0       0.000000
   9.059999    20.908920      0.0       0.000000
   9.070000    19.624916      0.0       0.000000
   9.080000    18.170286      0.0       0.000000
   9.090000    16.578066      0.0       0.000000
   9.099999    14.881498      0.0       0.000000
   9.110000    13.112498      0.0       0.000000
   9.120000    11.301741      0.0       0.000000
   9.130000     9.477365      0.0       0.000000
   9.139999     7.664957      0.0       0.000000
   9.150000     5.886480      0.0       0.000000
   9.160000     4.161402      0.0       0.000000
   9.170000     2.505799      0.0       0.000000
   9.179999     0.932979      0.0       0.000000
   9.190000    -0.547037      0.0       0.000000
   9.200000    -1.926416      0.0       0.000000
   9.210000    -3.199884      0.0       0.000000
   9.220000    -4.364499      0.0       0.000000
   9.230000    -5.419271      0.0       0.000000
   9.240000    -6.365564      0.0       0.000000
   9.250000    -7.206329      0.0       0.000000
   9.260000    -7.946320      0.0       0.000000
   9.270000    -8.591902      0.0       0.000000
   9.280000    -9.151034      0.0       0.000000
   9.290000    -9.632578      0.0       0.000000
   9.300000   -10.046385      0.0       0.000000
   9.309999   -10.402549      0.0       0.000000
   9.320000   -10.711312      0.0       0.000000
   9.330000   -10.982195      0.0       0.000000
   9.340000   -11.223562      0.0       0.000000
   9.349999   -11.442103      0.0       0.000000
   9.360000   -11.642389      0.0       0.000000
   9.370000   -11.826370      0.0       0.000000
   9.380000   -11.993084      0.0       0.000000
   9.389999   -12.138640      0.0       0.000000
   9.400000   -12.256230      0.0       0.000000
   9.410000   -12.336352      0.0       0.000000
   9.420000   -12.367296      0.0       0.000000
   9.429999   -12.335764      0.0       0.000000
   9.440000   -12.227638      0.0       0.000000
   9.450000   -12.028913      0.0       0.000000
   9.460000   -11.726491      0.0       0.000000
   9.469999   -11.309379      0.0       0.000000
   9.480000   -10.769219      0.0       0.000000
   9.490000   -10.101351      0.0       0.000000
   9.500000    -9.305316      0.0       0.000000
   9.510000    -8.385118      0.0       0.000000
   9.520000    -7.349732      0.0       0.000000
   9.530000    -6.212322      0.0       0.000000
   9.540000    -4.990687      0.0       0.000000
   9.550000    -3.706221      0.0       0.000000
   9.559999    -2.383414      0.0       0.000000
   9.570000    -1.048370      0.0       0.000000
   9.580000     0.271333      0.0       0.000000
   9.590000     1.548283      0.0       0.000000
   9.599999     2.755974      0.0       0.000000
   9.610000     3.870200      0.0       0.000000
   9.620000     4.869220      0.0       0.000000
   9.630000     5.734808      0.0       0.000000
   9.639999     6.452631      0.0       0.000000
   9.650000     7.012784      0.0       0.000000
   9.660000     7.409338      0.0       0.000000
   9.670000     7.640716      0.0       0.000000
   9.679999     7.709288      0.0       0.000000
   9.690000     7.620924      0.0       0.000000
   9.700000     7.384541      0.0       0.000000
   9.710000     7.011820      0.0       0.000000
   9.719999     6.516328      0.0       0.000000
   9.730000     5.913124      0.0       0.000000
   9.740000     5.218322      0.0       0.000000
   9.750000     4.448671      0.0       0.000000
   9.760000     3.621017      0.0       0.000000
   9.770000     2.752216      0.0       0.000000
   9.780000     1.858424      0.0       0.000000
   9.790000     0.955386      0.0       0.000000
   9.800000     0.057959      0.0       0.000000
   9.809999    -0.820066      0.0       0.000000
   9.820000    -1.666336      0.0       0.000000
   9.830000    -2.469753      0.0       0.000000
   9.840000    -3.220962      0.0       0.000000
   9.849999    -3.912394      0.0       0.000000
   9.860000    -4.538736      0.0       0.000000
   9.870000    -5.096686      0.0       0.000000
   9.880000    -5.585308      0.0       0.000000
   9.889999    -6.005996      0.0       0.000000
   9.900000    -6.362490      0.0       0.000000
   9.910000    -6.660592      0.0       0.000000
   9.920000    -6.907862      0.0       0.000000
   9.929999    -7.113379      0.0       0.000000
   9.940000    -7.287008      0.0       0.000000
   9.950000    -7.438991      0.0       0.000000
   9.960000    -7.579135      0.0       0.000000
   9.969999    -7.716171      0.0       0.000000
   9.980000    -7.857170      0.0       0.000000
   9.990000    -8.006826      0.0       0.000000
  10.000000    -8.167002      0.0       0.000000
  10.010000    -8.336495      0.0       0.000000
  10.020000    -8.510729      0.0       0.000000
  10.030000    -8.682003      0.0       0.000000
  10.040000    -8.839637      0.0       0.000000
  10.050000    -8.970535      0.0       0.000000
  10.059999    -9.059864      0.0       0.000000
  10.070000    -9.091874      0.0       0.000000
  10.080000    -9.050913      0.0       0.000000
  10.090000    -8.922298      0.0       0.000000
  10.099999    -8.693452      0.0       0.000000
  10.110000    -8.354694      0.0       0.000000
  10.120000    -7.900099      0.0       0.000000
  10.130000    -7.327997      0.0       0.000000
  10.139999    -6.641510      0.0       0.000000
  10.150000    -5.848311      0.0       0.000000
  10.160000    -4.960836      0.0       0.000000
  10.170000    -3.995709      0.0       0.000000
  10.179999    -2.973172      0.0       0.000000
  10.190000    -1.915899      0.0       0.000000
  10.200000    -0.848609      0.0       0.000000
  10.210000     0.203475      0.0       0.000000
  10.219999     1.215312      0.0       0.000000
  10.230000     2.163665      0.0       0.000000
  10.240000     3.027360      0.0       0.000000
  10.250000     3.788409      0.0       0.000000
  10.260000     4.432634      0.0       0.000000
  10.270000     4.949866      0.0       0.000000
  10.280000     5.334422      0.0       0.000000
  10.290000     5.584656      0.0       0.000000
  10.300000     5.702990      0.0       0.000000
  10.309999     5.695466      0.0       0.000000
  10.320000     5.571214      0.0       0.000000
  10.330000     5.341794      0.0       0.000000
  10.340000     5.020706      0.0       0.000000
  10.349999     4.622631      0.0       0.000000
  10.360000     4.162873      0.0       0.000000
  10.370000     3.656940      0.0       0.000000
  10.380000     3.119965      0.0       0.000000
  10.389999     2.566535      0.0       0.000000
  10.400000     2.010132      0.0       0.000000
  10.410000     1.463369      0.0       0.000000
  10.420000     0.937514      0.0       0.000000
  10.429999     0.442657      0.0       0.000000
  10.440000    -0.012627      0.0       0.000000
  10.450000    -0.421052      0.0       0.000000
  10.460000    -0.776794      0.0       0.000000
  10.469999    -1.075629      0.0       0.000000
  10.480000    -1.315055      0.0       0.000000
  10.490000    -1.494205      0.0       0.000000
  10.500000    -1.614091      0.0       0.000000
  10.510000    -1.677597      0.0       0.000000
  10.520000    -1.689524      0.0       0.000000
  10.530000    -1.656395      0.0       0.000000
  10.540000    -1.586306      0.0       0.000000
  10.550000    -1.488654      0.0       0.000000
  10.559999    -1.373687      0.0       0.000000
  10.570000    -1.251852      0.0       0.000000
  10.580000    -1.133423      0.0       0.000000
  10.590000    -1.027502      0.0       0.000000
  10.599999    -0.941584      0.0       0.000000
  10.610000    -0.880688      0.0       0.000000
  10.620000    -0.846885      0.0       0.000000
  10.630000    -0.838805      0.0       0.000000
  10.639999    -0.851309      0.0       0.000000
  10.650000    -0.875558      0.0       0.000000
  10.660000    -0.899098      0.0       0.000000
  10.670000    -0.906413      0.0       0.000000
  10.679999    -0.879575      0.0       0.000000
  10.690000    -0.799201      0.0       0.000000
  10.700000    -0.645623      0.0       0.000000
  10.710000    -0.400061      0.0       0.000000
  10.719999    -0.046047      0.0       0.000000
  10.730000     0.429590      0.0       0.000000
  10.740000     1.035241      0.0       0.000000
  10.750000     1.773785      0.0       0.000000
  10.760000     2.641870      0.0       0.000000
  10.770000     3.629452      0.0       0.000000
  10.780000     4.720168      0.0       0.000000
  10.790000     5.891259      0.0       0.000000
  10.800000     7.114562      0.0       0.000000
  10.809999     8.357538      0.0       0.000000
  10.820000     9.585027      0.0       0.000000
  10.830000    10.760141      0.0       0.000000
  10.840000    11.846518      0.0       0.000000
  10.849999    12.809674      0.0       0.000000
  10.860000    13.619222      0.0       0.000000
  10.870000    14.249511      0.0       0.000000
  10.880000    14.681435      0.0       0.000000
  10.889999    14.903022      0.0       0.000000
  10.900000    14.910027      0.0       0.000000
  10.910000    14.705940      0.0       0.000000
  10.920000    14.301664      0.0       0.000000
  10.929999    13.714837      0.0       0.000000
  10.940000    12.968652      0.0       0.000000
  10.950000    12.090712      0.0       0.000000
  10.960000    11.111574      0.0       0.000000
  10.969999    10.063153      0.0       0.000000
  10.980000     8.976796      0.0       0.000000
  10.990000     7.882510      0.0       0.000000
  11.000000     6.807178      0.0       0.000000
  11.010000     5.773699      0.0       0.000000
  11.020000     4.800323      0.0       0.000000
  11.030000     3.899867      0.0       0.000000
  11.040000     3.080180      0.0       0.000000
  11.050000     2.343977      0.0       0.000000
  11.059999     1.689523      0.0       0.000000
  11.070000     1.111025      0.0       0.000000
  11.080000     0.600066      0.0       0.000000
  11.090000     0.146106      0.0       0.000000
  11.099999    -0.262171      0.0       0.000000
  11.110000    -0.636248      0.0       0.000000
  11.120000    -0.986459      0.0       0.000000
  11.130000    -1.321617      0.0       0.000000
  11.139999    -1.648183      0.0       0.000000
  11.150000    -1.970208      0.0       0.000000
  11.160000    -2.288894      0.0       0.000000
  11.170000    -2.602766      0.0       0.000000
  11.179999    -2.907916      0.0       0.000000
  11.190000    -3.198338      0.0       0.000000
  11.200000    -3.466443      0.0       0.000000
  11.210000    -3.703507      0.0       0.000000
  11.219999    -3.900356      0.0       0.000000
  11.230000    -4.048035      0.0       0.000000
  11.240000    -4.138111      0.0       0.000000
  11.250000    -4.163409      0.0       0.000000
  11.259999    -4.118303      0.0       0.000000
  11.270000    -3.999132      0.0       0.000000
  11.280000    -3.804292      0.0       0.000000
  11.290000    -3.534657      0.0       0.000000
  11.300000    -3.193258      0.0       0.000000
  11.309999    -2.785681      0.0       0.000000
  11.320000    -2.319483      0.0       0.000000
  11.330000    -1.804522      0.0       0.000000
  11.340000    -1.252401      0.0       0.000000
  11.349999    -0.676350      0.0       0.000000
  11.360000    -0.090705      0.0       0.000000
  11.370000     0.489216      0.0       0.000000
  11.380000     1.047672      0.0       0.000000
  11.389999     1.568896      0.0       0.000000
  11.400000     2.037718      0.0       0.000000
  11.410000     2.439881      0.0       0.000000
  11.420000     2.762570      0.0       0.000000
  11.429999     2.995003      0.0       0.000000
  11.440000     3.128838      0.0       0.000000
  11.450000     3.158542      0.0       0.000000
  11.460000     3.081731      0.0       0.000000
  11.469999     2.899391      0.0       0.000000
  11.480000     2.615853      0.0       0.000000
  11.490000     2.238858      0.0       0.000000
  11.500000     1.779314      0.0       0.000000
  11.509999     1.250811      0.0       0.000000
  11.520000     0.669055      0.0       0.000000
  11.530000     0.051402      0.0       0.000000
  11.540000    -0.584016      0.0       0.000000
  11.550000    -1.219147      0.0       0.000000
  11.559999    -1.836765      0.0       0.000000
  11.570000    -2.421516      0.0       0.000000
  11.580000    -2.960257      0.0       0.000000
  11.590000    -3.442955      0.0       0.000000
  11.599999    -3.862904      0.0       0.000000
  11.610000    -4.217174      0.0       0.000000
  11.620000    -4.506367      0.0       0.000000
  11.630000    -4.734467      0.0       0.000000
  11.639999    -4.908367      0.0       0.000000
  11.650000    -5.037364      0.0       0.000000
  11.660000    -5.132077      0.0       0.000000
  11.670000    -5.203815      0.0       0.000000
  11.679999    -5.263532      0.0       0.000000
  11.690000    -5.320880      0.0       0.000000
  11.700000    -5.383475      0.0       0.000000
  11.710000    -5.456215      0.0       0.000000
  11.719999    -5.540768      0.0       0.000000
  11.730000    -5.635394      0.0       0.000000
  11.740000    -5.734961      0.0       0.000000
  11.750000    -5.831247      0.0       0.000000
  11.759999    -5.913440      0.0       0.000000
  11.770000    -5.969031      0.0       0.000000
  11.780000    -5.984517      0.0       0.000000
  11.790000    -5.946654      0.0       0.000000
  11.800000    -5.843290      0.0       0.000000
  11.809999    -5.664528      0.0       0.000000
  11.820000    -5.403542      0.0       0.000000
  11.830000    -5.057319      0.0       0.000000
  11.840000    -4.627156      0.0       0.000000
  11.849999    -4.118903      0.0       0.000000
  11.860000    -3.542750      0.0       0.000000
  11.870000    -2.913087      0.0       0.000000
  11.880000    -2.247867      0.0       0.000000
  11.889999    -1.567603      0.0       0.000000
  11.900000    -0.894389      0.0       0.000000
  11.910000    -0.251066      0.0       0.000000
  11.920000     0.340233      0.0       0.000000
  11.929999     0.858987      0.0       0.000000
  11.940000     1.287539      0.0       0.000000
  11.950000     1.611556      0.0       0.000000
  11.960000     1.820862      0.0       0.000000
  11.969999     1.909779      0.0       0.000000
  11.980000     1.877129      0.0       0.000000
  11.990000     1.726070      0.0       0.000000
  12.000000     1.463707      0.0       0.000000
  12.009999     1.100482      0.0       0.000000
  12.020000     0.649159      0.0       0.000000
  12.030000     0.124344      0.0       0.000000
  12.040000    -0.458757      0.0       0.000000
  12.050000    -1.085009      0.0       0.000000
  12.059999    -1.740211      0.0       0.000000
  12.070000    -2.411810      0.0       0.000000
  12.080000    -3.089106      0.0       0.000000
  12.090000    -3.763645      0.0       0.000000
  12.099999    -4.429224      0.0       0.000000
  12.110000    -5.081836      0.0       0.000000
  12.120000    -5.719051      0.0       0.000000
  12.130000    -6.339687      0.0       0.000000
  12.139999    -6.943210      0.0       0.000000
  12.150000    -7.529122      0.0       0.000000
  12.160000    -8.096235      0.0       0.000000
  12.170000    -8.642141      0.0       0.000000
  12.179999    -9.162822      0.0       0.000000
  12.190000    -9.652428      0.0       0.000000
  12.200000   -10.102888      0.0       0.000000
  12.210000   -10.504189      0.0       0.000000
  12.219999   -10.844542      0.0       0.000000
  12.230000   -11.110897      0.0       0.000000
  12.240000   -11.289433      0.0       0.000000
  12.250000   -11.366139      0.0       0.000000
  12.259999   -11.327785      0.0       0.000000
  12.270000   -11.162515      0.0       0.000000
  12.280000   -10.860696      0.0       0.000000
  12.290000   -10.415607      0.0       0.000000
  12.300000    -9.823857      0.0       0.000000
  12.309999    -9.086050      0.0       0.000000
  12.320000    -8.206696      0.0       0.000000
  12.330000    -7.194692      0.0       0.000000
  12.340000    -6.062943      0.0       0.000000
  12.349999    -4.828252      0.0       0.000000
  12.360000    -3.510504      0.0       0.000000
  12.370000    -2.132642      0.0       0.000000
  12.380000    -0.719553      0.0       0.000000
  12.389999     0.702348      0.0       0.000000
  12.400000     2.106679      0.0       0.000000
  12.410000     3.466867      0.0       0.000000
  12.420000     4.757636      0.0       0.000000
  12.429999     5.955370      0.0       0.000000
  12.440000     7.039352      0.0       0.000000
  12.450000     7.991539      0.0       0.000000
  12.460000     8.797438      0.0       0.000000
  12.469999     9.446217      0.0       0.000000
  12.480000     9.931204      0.0       0.000000
  12.490000    10.249432      0.0       0.000000
  12.500000    10.401868      0.0       0.000000
  12.509999    10.393109      0.0       0.000000
  12.520000    10.231100      0.0       0.000000
  12.530000     9.926689      0.0       0.000000
  12.540000     9.493206      0.0       0.000000
  12.550000     8.945883      0.0       0.000000
  12.559999     8.301503      0.0       0.000000
  12.570000     7.577438      0.0       0.000000
  12.580000     6.791633      0.0       0.000000
  12.590000     5.961828      0.0       0.000000
  12.599999     5.105192      0.0       0.000000
  12.610000     4.237707      0.0       0.000000
  12.620000     3.374410      0.0       0.000000
  12.630000     2.528734      0.0       0.000000
  12.639999     1.712723      0.0       0.000000
  12.650000     0.936524      0.0       0.000000
  12.660000     0.209226      0.0       0.000000
  12.670000    -0.461561      0.0       0.000000
  12.679999    -1.069307      0.0       0.000000
  12.690000    -1.608415      0.0       0.000000
  12.700000    -2.073730      0.0       0.000000
  12.710000    -2.460478      0.0       0.000000
  12.719999    -2.763950      0.0       0.000000
  12.730000    -2.979516      0.0       0.000000
  12.740000    -3.102283      0.0       0.000000
  12.750000    -3.127278      0.0       0.000000
  12.759999    -3.049544      0.0       0.000000
  12.770000    -2.864300      0.0       0.000000
  12.780000    -2.567266      0.0       0.000000
  12.790000    -2.155014      0.0       0.000000
  12.799999    -1.625575      0.0       0.000000
  12.809999    -0.978528      0.0       0.000000
  12.820000    -0.215825      0.0       0.000000
  12.830000     0.658082      0.0       0.000000
  12.840000     1.635707      0.0       0.000000
  12.849999     2.706487      0.0       0.000000
  12.860000     3.856855      0.0       0.000000
  12.870000     5.069966      0.0       0.000000
  12.880000     6.326296      0.0       0.000000
  12.889999     7.603780      0.0       0.000000
  12.900000     8.879091      0.0       0.000000
  12.910000    10.127455      0.0       0.000000
  12.920000    11.324107      0.0       0.000000
  12.929999    12.444911      0.0       0.000000
  12.940000    13.467708      0.0       0.000000
  12.950000    14.372580      0.0       0.000000
  12.960000    15.142941      0.0       0.000000
  12.969999    15.766180      0.0       0.000000
  12.980000    16.234243      0.0       0.000000
  12.990000    16.543629      0.0       0.000000
  13.000000    16.695591      0.0       0.000000
  13.009999    16.696020      0.0       0.000000
  13.020000    16.554926      0.0       0.000000
  13.030000    16.285933      0.0       0.000000
  13.040000    15.905401      0.0       0.000000
  13.049999    15.431831      0.0       0.000000
  13.059999    14.884551      0.0       0.000000
  13.070000    14.283060      0.0       0.000000
  13.080000    13.646033      0.0       0.000000
  13.090000    12.990452      0.0       0.000000
  13.099999    12.331042      0.0       0.000000
  13.110000    11.679467      0.0       0.000000
  13.120000    11.044428      0.0       0.000000
  13.130000    10.431233      0.0       0.000000
  13.139999     9.842041      0.0       0.000000
  13.150000     9.275887      0.0       0.000000
  13.160000     8.729472      0.0       0.000000
  13.170000     8.197382      0.0       0.000000
  13.179999     7.672954      0.0       0.000000
  13.190000     7.148637      0.0       0.000000
  13.200000     6.616989      0.0       0.000000
  13.210000     6.071084      0.0       0.000000
  13.219999     5.505099      0.0       0.000000
  13.230000     4.914544      0.0       0.000000
  13.240000     4.296844      0.0       0.000000
  13.250000     3.651220      0.0       0.000000
  13.259999     2.978806      0.0       0.000000
  13.270000     2.282246      0.0       0.000000
  13.280000     1.565871      0.0       0.000000
  13.290000     0.835017      0.0       0.000000
  13.299999     0.095868      0.0       0.000000
  13.309999    -0.645361      0.0       0.000000
  13.320000    -1.382289      0.0       0.000000
  13.330000    -2.109072      0.0       0.000000
  13.340000    -2.820712      0.0       0.000000
  13.349999    -3.513066      0.0       0.000000
  13.360000    -4.183444      0.0       0.000000
  13.370000    -4.830114      0.0       0.000000
  13.380000    -5.452664      0.0       0.000000
  13.389999    -6.051703      0.0       0.000000
  13.400000    -6.628987      0.0       0.000000
  13.410000    -7.186779      0.0       0.000000
  13.420000    -7.727992      0.0       0.000000
  13.429999    -8.255679      0.0       0.000000
  13.440000    -8.773127      0.0       0.000000
  13.450000    -9.283272      0.0       0.000000
  13.460000    -9.788731      0.0       0.000000
  13.469999   -10.291615      0.0       0.000000
  13.480000   -10.793473      0.0       0.000000
  13.490000   -11.295133      0.0       0.000000
  13.500000   -11.796669      0.0       0.000000
  13.509999   -12.297313      0.0       0.000000
  13.520000   -12.795731      0.0       0.000000
  13.530000   -13.289639      0.0       0.000000
  13.540000   -13.776035      0.0       0.000000
  13.549999   -14.250998      0.0       0.000000
  13.559999   -14.710049      0.0       0.000000
  13.570000   -15.147728      0.0       0.000000
  13.580000   -15.557745      0.0       0.000000
  13.590000   -15.933101      0.0       0.000000
  13.599999   -16.265915      0.0       0.000000
  13.610000   -16.547688      0.0       0.000000
  13.620000   -16.769211      0.0       0.000000
  13.630000   -16.920815      0.0       0.000000
  13.639999   -16.992567      0.0       0.000000
  13.650000   -16.974487      0.0       0.000000
  13.660000   -16.856905      0.0       0.000000
  13.670000   -16.630751      0.0       0.000000
  13.679999   -16.287973      0.0       0.000000
  13.690000   -15.821914      0.0       0.000000
  13.700000   -15.227714      0.0       0.000000
  13.710000   -14.502726      0.0       0.000000
  13.719999   -13.646852      0.0       0.000000
  13.730000   -12.662621      0.0       0.000000
  13.740000   -11.555697      0.0       0.000000
  13.750000   -10.334891      0.0       0.000000
  13.759999    -9.012090      0.0       0.000000
  13.770000    -7.601972      0.0       0.000000
  13.780000    -6.122278      0.0       0.000000
  13.790000    -4.593101      0.0       0.000000
  13.799999    -3.036753      0.0       0.000000
  13.809999    -1.476688      0.0       0.000000
  13.820000     0.062312      0.0       0.000000
  13.830000     1.555033      0.0       0.000000
  13.840000     2.976718      0.0       0.000000
  13.849999     4.303231      0.0       0.000000
  13.860000     5.512395      0.0       0.000000
  13.870000     6.583567      0.0       0.000000
  13.880000     7.499065      0.0       0.000000
  13.889999     8.243886      0.0       0.000000
  13.900000     8.806845      0.0       0.000000
  13.910000     9.180177      0.0       0.000000
  13.920000     9.359921      0.0       0.000000
  13.929999     9.346220      0.0       0.000000
  13.940000     9.142979      0.0       0.000000
  13.950000     8.757932      0.0       0.000000
  13.960000     8.202456      0.0       0.000000
  13.969999     7.491242      0.0       0.000000
  13.980000     6.641747      0.0       0.000000
  13.990000     5.674170      0.0       0.000000
  14.000000     4.610690      0.0       0.000000
  14.009999     3.475147      0.0       0.000000
  14.020000     2.292062      0.0       0.000000
  14.030000     1.086751      0.0       0.000000
  14.040000    -0.115650      0.0       0.000000
  14.049999    -1.290563      0.0       0.000000
  14.059999    -2.414824      0.0       0.000000
  14.070000    -3.466611      0.0       0.000000
  14.080000    -4.426161      0.0       0.000000
  14.090000    -5.276177      0.0       0.000000
  14.099999    -6.001934      0.0       0.000000
  14.110000    -6.591814      0.0       0.000000
  14.120000    -7.036991      0.0       0.000000
  14.130000    -7.331845      0.0       0.000000
  14.139999    -7.473789      0.0       0.000000
  14.150000    -7.463285      0.0       0.000000
  14.160000    -7.303555      0.0       0.000000
  14.170000    -7.000444      0.0       0.000000
  14.179999    -6.562267      0.0       0.000000
  14.190000    -5.999254      0.0       0.000000
  14.200000    -5.323561      0.0       0.000000
  14.210000    -4.548839      0.0       0.000000
  14.219999    -3.689941      0.0       0.000000
  14.230000    -2.762390      0.0       0.000000
  14.240000    -1.782530      0.0       0.000000
  14.250000    -0.766958      0.0       0.000000
  14.259999     0.267469      0.0       0.000000
  14.270000     1.304484      0.0       0.000000
  14.280000     2.327744      0.0       0.000000
  14.290000     3.321659      0.0       0.000000
  14.299999     4.271377      0.0       0.000000
  14.309999     5.163217      0.0       0.000000
  14.320000     5.984540      0.0       0.000000
  14.330000     6.724125      0.0       0.000000
  14.340000     7.372443      0.0       0.000000
  14.349999     7.921682      0.0       0.000000
  14.360000     8.366276      0.0       0.000000
  14.370000     8.702539      0.0       0.000000
  14.380000     8.929181      0.0       0.000000
  14.389999     9.047195      0.0       0.000000
  14.400000     9.059986      0.0       0.000000
  14.410000     8.973116      0.0       0.000000
  14.420000     8.794331      0.0       0.000000
  14.429999     8.533169      0.0       0.000000
  14.440000     8.200717      0.0       0.000000
  14.450000     7.809284      0.0       0.000000
  14.460000     7.371891      0.0       0.000000
  14.469999     6.901860      0.0       0.000000
  14.480000     6.412175      0.0       0.000000
  14.490000     5.915172      0.0       0.000000
  14.500000     5.422012      0.0       0.000000
  14.509999     4.942369      0.0       0.000000
  14.520000     4.483875      0.0       0.000000
  14.530000     4.052278      0.0       0.000000
  14.540000     3.651091      0.0       0.000000
  14.549999     3.281778      0.0       0.000000
  14.559999     2.943635      0.0       0.000000
  14.570000     2.634420      0.0       0.000000
  14.580000     2.350416      0.0       0.000000
  14.589999     2.086897      0.0       0.000000
  14.599999     1.838582      0.0       0.000000
  14.610000     1.600150      0.0       0.000000
  14.620000     1.366620      0.0       0.000000
  14.630000     1.133659      0.0       0.000000
  14.639999     0.898002      0.0       0.000000
  14.650000     0.657593      0.0       0.000000
  14.660000     0.411605      0.0       0.000000
  14.670000     0.160544      0.0       0.000000
  14.679999    -0.093919      0.0       0.000000
  14.690000    -0.349330      0.0       0.000000
  14.700000    -0.602495      0.0       0.000000
  14.710000    -0.850184      0.0       0.000000
  14.719999    -1.089004      0.0       0.000000
  14.730000    -1.316317      0.0       0.000000
  14.740000    -1.530127      0.0       0.000000
  14.750000    -1.729487      0.0       0.000000
  14.759999    -1.914612      0.0       0.000000
  14.770000    -2.086896      0.0       0.000000
  14.780000    -2.248752      0.0       0.000000
  14.790000    -2.403475      0.0       0.000000
  14.799999    -2.554811      0.0       0.000000
  14.809999    -2.706773      0.0       0.000000
  14.820000    -2.862889      0.0       0.000000
  14.830000    -3.026035      0.0       0.000000
  14.839999    -3.197701      0.0       0.000000
  14.849999    -3.377913      0.0       0.000000
  14.860000    -3.564569      0.0       0.000000
  14.870000    -3.753659      0.0       0.000000
  14.880000    -3.938803      0.0       0.000000
  14.889999    -4.111670      0.0       0.000000
  14.900000    -4.262043      0.0       0.000000
  14.910000    -4.378292      0.0       0.000000
  14.920000    -4.447745      0.0       0.000000
  14.929999    -4.457484      0.0       0.000000
  14.940000    -4.394729      0.0       0.000000
  14.950000    -4.247852      0.0       0.000000
  14.960000    -4.006541      0.0       0.000000
  14.969999    -3.662839      0.0       0.000000
  14.980000    -3.211309      0.0       0.000000
  14.990000    -2.649549      0.0       0.000000
  15.000000    -1.978473      0.0       0.000000
  15.009999    -1.202213      0.0       0.000000
  15.020000    -0.328073      0.0       0.000000
  15.030000     0.633519      0.0       0.000000
  15.040000     1.669559      0.0       0.000000
  15.049999     2.764686      0.0       0.000000
  15.059999     3.902120      0.0       0.000000
  15.070000     5.063825      0.0       0.000000
  15.080000     6.230998      0.0       0.000000
  15.089999     7.384915      0.0       0.000000
  15.099999     8.507593      0.0       0.000000
  15.110000     9.581571      0.0       0.000000
  15.120000    10.590754      0.0       0.000000
  15.130000    11.520578      0.0       0.000000
  15.139999    12.358013      0.0       0.000000
  15.150000    13.092047      0.0       0.000000
  15.160000    13.713274      0.0       0.000000
  15.170000    14.214108      0.0       0.000000
  15.179999    14.588662      0.0       0.000000
  15.190000    14.832832      0.0       0.000000
  15.200000    14.944060      0.0       0.000000
  15.210000    14.921384      0.0       0.000000
  15.219999    14.765411      0.0       0.000000
  15.230000    14.478288      0.0       0.000000
  15.240000    14.063738      0.0       0.000000
  15.250000    13.527223      0.0       0.000000
  15.259999    12.875816      0.0       0.000000
  15.270000    12.118241      0.0       0.000000
  15.280000    11.264971      0.0       0.000000
  15.290000    10.328157      0.0       0.000000
  15.299999     9.321492      0.0       0.000000
  15.309999     8.259871      0.0       0.000000
  15.320000     7.159450      0.0       0.000000
  15.330000     6.037074      0.0       0.000000
  15.339999     4.910101      0.0       0.000000
  15.349999     3.795533      0.0       0.000000
  15.360000     2.709895      0.0       0.000000
  15.370000     1.668864      0.0       0.000000
  15.380000     0.686359      0.0       0.000000
  15.389999    -0.225561      0.0       0.000000
  15.400000    -1.057449      0.0       0.000000
  15.410000    -1.802350      0.0       0.000000
  15.420000    -2.455968      0.0       0.000000
  15.429999    -3.017308      0.0       0.000000
  15.440000    -3.488125      0.0       0.000000
  15.450000    -3.872809      0.0       0.000000
  15.460000    -4.178211      0.0       0.000000
  15.469999    -4.413280      0.0       0.000000
  15.480000    -4.588567      0.0       0.000000
  15.490000    -4.715640      0.0       0.000000
  15.500000    -4.806735      0.0       0.000000
  15.509999    -4.874011      0.0       0.000000
  15.520000    -4.929253      0.0       0.000000
  15.530000    -4.983221      0.0       0.000000
  15.540000    -5.045562      0.0       0.000000
  15.549999    -5.124056      0.0       0.000000
  15.559999    -5.224843      0.0       0.000000
  15.570000    -5.352166      0.0       0.000000
  15.580000    -5.508303      0.0       0.000000
  15.589999    -5.693703      0.0       0.000000
  15.599999    -5.907236      0.0       0.000000
  15.610000    -6.146240      0.0       0.000000
  15.620000    -6.406882      0.0       0.000000
  15.630000    -6.684458      0.0       0.000000
  15.639999    -6.973667      0.0       0.000000
  15.650000    -7.268972      0.0       0.000000
  15.660000    -7.564695      0.0       0.000000
  15.670000    -7.855506      0.0       0.000000
  15.679999    -8.136388      0.0       0.000000
  15.690000    -8.402987      0.0       0.000000
  15.700000    -8.651572      0.0       0.000000
  15.710000    -8.879126      0.0       0.000000
  15.719999    -9.083439      0.0       0.000000
  15.730000    -9.263001      0.0       0.000000
  15.740000    -9.416950      0.0       0.000000
  15.750000    -9.545033      0.0       0.000000
  15.759999    -9.647467      0.0       0.000000
  15.770000    -9.724833      0.0       0.000000
  15.780000    -9.778021      0.0       0.000000
  15.790000    -9.808021      0.0       0.000000
  15.799999    -9.815904      0.0       0.000000
  15.809999    -9.802706      0.0       0.000000
  15.820000    -9.769338      0.0       0.000000
  15.830000    -9.716540      0.0       0.000000
  15.839999    -9.644973      0.0       0.000000
  15.849999    -9.555022      0.0       0.000000
  15.860000    -9.446953      0.0       0.000000
  15.870000    -9.320953      0.0       0.000000
  15.880000    -9.177197      0.0       0.000000
  15.889999    -9.015797      0.0       0.000000
  15.900000    -8.837128      0.0       0.000000
  15.910000    -8.641721      0.0       0.000000
  15.920000    -8.430536      0.0       0.000000
  15.929999    -8.204844      0.0       0.000000
  15.940000    -7.966404      0.0       0.000000
  15.950000    -7.717421      0.0       0.000000
  15.960000    -7.460712      0.0       0.000000
  15.969999    -7.199410      0.0       0.000000
  15.980000    -6.936961      0.0       0.000000
  15.990000    -6.677067      0.0       0.000000
  16.000000    -6.423329      0.0       0.000000
  16.010000    -6.179189      0.0       0.000000
  16.020000    -5.947580      0.0       0.000000
  16.029999    -5.730712      0.0       0.000000
  16.039999    -5.529684      0.0       0.000000
  16.049999    -5.344497      0.0       0.000000
  16.059999    -5.173715      0.0       0.000000
  16.070000    -5.014325      0.0       0.000000
  16.080000    -4.861755      0.0       0.000000
  16.090000    -4.709877      0.0       0.000000
  16.100000    -4.551112      0.0       0.000000
  16.109999    -4.376788      0.0       0.000000
  16.119999    -4.177161      0.0       0.000000
  16.129999    -3.942364      0.0       0.000000
  16.139999    -3.662205      0.0       0.000000
  16.150000    -3.327303      0.0       0.000000
  16.160000    -2.929218      0.0       0.000000
  16.170000    -2.461159      0.0       0.000000
  16.180000    -1.918411      0.0       0.000000
  16.190001    -1.298762      0.0       0.000000
  16.199999    -0.602948      0.0       0.000000
  16.209999     0.165672      0.0       0.000000
  16.219999     1.000346      0.0       0.000000
  16.230000     1.891460      0.0       0.000000
  16.240000     2.826565      0.0       0.000000
  16.250000     3.790987      0.0       0.000000
  16.260000     4.768088      0.0       0.000000
  16.270000     5.739853      0.0       0.000000
  16.279999     6.687519      0.0       0.000000
  16.289999     7.592726      0.0       0.000000
  16.299999     8.437376      0.0       0.000000
  16.309999     9.204710      0.0       0.000000
  16.320000     9.879932      0.0       0.000000
  16.330000    10.450504      0.0       0.000000
  16.340000    10.906682      0.0       0.000000
  16.350000    11.241652      0.0       0.000000
  16.359999    11.451488      0.0       0.000000
  16.369999    11.535766      0.0       0.000000
  16.379999    11.496551      0.0       0.000000
  16.389999    11.338925      0.0       0.000000
  16.400000    11.070337      0.0       0.000000
  16.410000    10.700359      0.0       0.000000
  16.420000    10.240412      0.0       0.000000
  16.430000     9.703185      0.0       0.000000
  16.440001     9.102497      0.0       0.000000
  16.449999     8.453033      0.0       0.000000
  16.459999     7.769446      0.0       0.000000
  16.469999     7.066986      0.0       0.000000
  16.480000     6.360748      0.0       0.000000
  16.490000     5.665618      0.0       0.000000
  16.500000     4.995981      0.0       0.000000
  16.510000     4.365817      0.0       0.000000
  16.520000     3.788212      0.0       0.000000
  16.529999     3.275532      0.0       0.000000
  16.539999     2.838709      0.0       0.000000
  16.549999     2.487524      0.0       0.000000
  16.559999     2.230045      0.0       0.000000
  16.570000     2.072311      0.0       0.000000
  16.580000     2.018244      0.0       0.000000
  16.590000     2.069056      0.0       0.000000
  16.600000     2.223295      0.0       0.000000
  16.609999     2.476338      0.0       0.000000
  16.619999     2.820745      0.0       0.000000
  16.629999     3.245663      0.0       0.000000
  16.639999     3.737455      0.0       0.000000
  16.650000     4.279649      0.0       0.000000
  16.660000     4.853383      0.0       0.000000
  16.670000     5.438038      0.0       0.000000
  16.680000     6.011719      0.0       0.000000
  16.690001     6.552013      0.0       0.000000
  16.699999     7.036764      0.0       0.000000
  16.709999     7.445125      0.0       0.000000
  16.719999     7.757965      0.0       0.000000
  16.730000     7.958770      0.0       0.000000
  16.740000     8.034450      0.0       0.000000
  16.750000     7.975666      0.0       0.000000
  16.760000     7.777352      0.0       0.000000
  16.770000     7.438869      0.0       0.000000
  16.779999     6.964172      0.0       0.000000
  16.789999     6.361175      0.0       0.000000
  16.799999     5.642078      0.0       0.000000
  16.809999     4.822527      0.0       0.000000
  16.820000     3.920995      0.0       0.000000
  16.830000     2.958273      0.0       0.000000
  16.840000     1.956466      0.0       0.000000
  16.850000     0.938462      0.0       0.000000
  16.859999    -0.072815      0.0       0.000000
  16.869999    -1.055795      0.0       0.000000
  16.879999    -1.989749      0.0       0.000000
  16.889999    -2.856159      0.0       0.000000
  16.900000    -3.638795      0.0       0.000000
  16.910000    -4.324296      0.0       0.000000
  16.920000    -4.902102      0.0       0.000000
  16.930000    -5.364708      0.0       0.000000
  16.940001    -5.707618      0.0       0.000000
  16.949999    -5.929236      0.0       0.000000
  16.959999    -6.030945      0.0       0.000000
  16.969999    -6.016534      0.0       0.000000
  16.980000    -5.892340      0.0       0.000000
  16.990000    -5.666817      0.0       0.000000
  17.000000    -5.350391      0.0       0.000000
  17.010000    -4.955229      0.0       0.000000
  17.020000    -4.494817      0.0       0.000000
  17.029999    -3.984016      0.0       0.000000
  17.039999    -3.438163      0.0       0.000000
  17.049999    -2.873475      0.0       0.000000
  17.059999    -2.306308      0.0       0.000000
  17.070000    -1.752729      0.0       0.000000
  17.080000    -1.228421      0.0       0.000000
  17.090000    -0.747930      0.0       0.000000
  17.100000    -0.324456      0.0       0.000000
  17.109999     0.030619      0.0       0.000000
  17.119999     0.308300      0.0       0.000000
  17.129999     0.502104      0.0       0.000000
  17.139999     0.608446      0.0       0.000000
  17.150000     0.626810      0.0       0.000000
  17.160000     0.559918      0.0       0.000000
  17.170000     0.413701      0.0       0.000000
  17.180000     0.197090      0.0       0.000000
  17.190001    -0.078319      0.0       0.000000
  17.199999    -0.398539      0.0       0.000000
  17.209999    -0.748019      0.0       0.000000
  17.219999    -1.109820      0.0       0.000000
  17.230000    -1.466704      0.0       0.000000
  17.240000    -1.801610      0.0       0.000000
  17.250000    -2.098367      0.0       0.000000
  17.260000    -2.342507      0.0       0.000000
  17.270000    -2.521669      0.0       0.000000
  17.279999    -2.626122      0.0       0.000000
  17.289999    -2.649171      0.0       0.000000
  17.299999    -2.587233      0.0       0.000000
  17.309999    -2.439982      0.0       0.000000
  17.320000    -2.210140      0.0       0.000000
  17.330000    -1.903358      0.0       0.000000
  17.340000    -1.527816      0.0       0.000000
  17.350000    -1.093730      0.0       0.000000
  17.359999    -0.613031      0.0       0.000000
  17.369999    -0.098377      0.0       0.000000
  17.379999     0.436631      0.0       0.000000
  17.389999     0.978586      0.0       0.000000
  17.400000     1.514339      0.0       0.000000
  17.410000     2.031526      0.0       0.000000
  17.420000     2.518703      0.0       0.000000
  17.430000     2.965719      0.0       0.000000
  17.440001     3.363647      0.0       0.000000
  17.449999     3.704834      0.0       0.000000
  17.459999     3.983163      0.0       0.000000
  17.469999     4.193593      0.0       0.000000
  17.480000     4.332266      0.0       0.000000
  17.490000     4.396609      0.0       0.000000
  17.500000     4.384952      0.0       0.000000
  17.510000     4.296809      0.0       0.000000
  17.520000     4.132734      0.0       0.000000
  17.529999     3.894349      0.0       0.000000
  17.539999     3.584402      0.0       0.000000
  17.549999     3.206820      0.0       0.000000
  17.559999     2.766866      0.0       0.000000
  17.570000     2.271010      0.0       0.000000
  17.580000     1.726950      0.0       0.000000
  17.590000     1.143674      0.0       0.000000
  17.600000     0.531077      0.0       0.000000
  17.609999    -0.099868      0.0       0.000000
  17.619999    -0.738096      0.0       0.000000
  17.629999    -1.371901      0.0       0.000000
  17.639999    -1.989909      0.0       0.000000
  17.650000    -2.581289      0.0       0.000000
  17.660000    -3.136295      0.0       0.000000
  17.670000    -3.646458      0.0       0.000000
  17.680000    -4.105045      0.0       0.000000
  17.690001    -4.507277      0.0       0.000000
  17.699999    -4.850382      0.0       0.000000
  17.709999    -5.133933      0.0       0.000000
  17.719999    -5.359190      0.0       0.000000
  17.730000    -5.529408      0.0       0.000000
  17.740000    -5.649343      0.0       0.000000
  17.750000    -5.724683      0.0       0.000000
  17.760000    -5.761857      0.0       0.000000
  17.770000    -5.767382      0.0       0.000000
  17.779999    -5.747445      0.0       0.000000
  17.789999    -5.707420      0.0       0.000000
  17.799999    -5.651587      0.0       0.000000
  17.809999    -5.582887      0.0       0.000000
  17.820000    -5.502741      0.0       0.000000
  17.830000    -5.411089      0.0       0.000000
  17.840000    -5.306487      0.0       0.000000
  17.850000    -5.186485      0.0       0.000000
  17.859999    -5.047907      0.0       0.000000
  17.869999    -4.887192      0.0       0.000000
  17.879999    -4.700956      0.0       0.000000
  17.889999    -4.486505      0.0       0.000000
  17.900000    -4.242076      0.0       0.000000
  17.910000    -3.967297      0.0       0.000000
  17.920000    -3.663467      0.0       0.000000
  17.930000    -3.333450      0.0       0.000000
  17.940001    -2.981931      0.0       0.000000
  17.949999    -2.615098      0.0       0.000000
  17.959999    -2.240236      0.0       0.000000
  17.969999    -1.865690      0.0       0.000000
  17.980000    -1.500068      0.0       0.000000
  17.990000    -1.152054      0.0       0.000000
  18.000000    -0.829626      0.0       0.000000
  18.010000    -0.539840      0.0       0.000000
  18.020000    -0.288349      0.0       0.000000
  18.029999    -0.079168      0.0       0.000000
  18.039999     0.085584      0.0       0.000000
  18.049999     0.205477      0.0       0.000000
  18.059999     0.281897      0.0       0.000000
  18.070000     0.317535      0.0       0.000000
  18.080000     0.316424      0.0       0.000000
  18.090000     0.283226      0.0       0.000000
  18.100000     0.222944      0.0       0.000000
  18.109999     0.140586      0.0       0.000000
  18.119999     0.040548      0.0       0.000000
  18.129999    -0.073452      0.0       0.000000
  18.139999    -0.198524      0.0       0.000000
  18.150000    -0.332928      0.0       0.000000
  18.160000    -0.475739      0.0       0.000000
  18.170000    -0.626902      0.0       0.000000
  18.180000    -0.786642      0.0       0.000000
  18.190001    -0.955525      0.0       0.000000
  18.199999    -1.133450      0.0       0.000000
  18.209999    -1.319867      0.0       0.000000
  18.219999    -1.512872      0.0       0.000000
  18.230000    -1.709110      0.0       0.000000
  18.240000    -1.903610      0.0       0.000000
  18.250000    -2.089546      0.0       0.000000
  18.260000    -2.258529      0.0       0.000000
  18.270000    -2.400585      0.0       0.000000
  18.279999    -2.504751      0.0       0.000000
  18.289999    -2.559563      0.0       0.000000
  18.299999    -2.553540      0.0       0.000000
  18.309999    -2.476074      0.0       0.000000
  18.320000    -2.317920      0.0       0.000000
  18.330000    -2.072054      0.0       0.000000
  18.340000    -1.734150      0.0       0.000000
  18.350000    -1.303168      0.0       0.000000
  18.359999    -0.781700      0.0       0.000000
  18.369999    -0.175764      0.0       0.000000
  18.379999     0.504704      0.0       0.000000
  18.389999     1.246333      0.0       0.000000
  18.400000     2.032816      0.0       0.000000
  18.410000     2.845459      0.0       0.000000
  18.420000     3.663633      0.0       0.000000
  18.430000     4.465935      0.0       0.000000
  18.440001     5.230835      0.0       0.000000
  18.449999     5.937359      0.0       0.000000
  18.459999     6.566495      0.0       0.000000
  18.469999     7.100981      0.0       0.000000
  18.480000     7.526470      0.0       0.000000
  18.490000     7.831942      0.0       0.000000
  18.500000     8.009829      0.0       0.000000
  18.510000     8.056144      0.0       0.000000
  18.520000     7.970654      0.0       0.000000
  18.529999     7.756426      0.0       0.000000
  18.539999     7.419693      0.0       0.000000
  18.549999     6.969635      0.0       0.000000
  18.559999     6.417585      0.0       0.000000
  18.570000     5.776924      0.0       0.000000
  18.580000     5.062423      0.0       0.000000
  18.590000     4.289884      0.0       0.000000
  18.600000     3.475596      0.0       0.000000
  18.609999     2.636275      0.0       0.000000
  18.619999     1.788050      0.0       0.000000
  18.629999     0.946986      0.0       0.000000
  18.639999     0.128455      0.0       0.000000
  18.650000    -0.653045      0.0       0.000000
  18.660000    -1.384189      0.0       0.000000
  18.670000    -2.052735      0.0       0.000000
  18.680000    -2.647926      0.0       0.000000
  18.690001    -3.160583      0.0       0.000000
  18.699999    -3.583197      0.0       0.000000
  18.709999    -3.910341      0.0       0.000000
  18.719999    -4.138543      0.0       0.000000
  18.730000    -4.266392      0.0       0.000000
  18.740000    -4.294920      0.0       0.000000
  18.750000    -4.227420      0.0       0.000000
  18.760000    -4.069428      0.0       0.000000
  18.770000    -3.828663      0.0       0.000000
  18.779999    -3.514820      0.0       0.000000
  18.789999    -3.139116      0.0       0.000000
  18.799999    -2.714308      0.0       0.000000
  18.809999    -2.253819      0.0       0.000000
  18.820000    -1.771566      0.0       0.000000
  18.830000    -1.281281      0.0       0.000000
  18.840000    -0.796090      0.0       0.000000
  18.850000    -0.327907      0.0       0.000000
  18.859999     0.112841      0.0       0.000000
  18.869999     0.517920      0.0       0.000000
  18.879999     0.881043      0.0       0.000000
  18.889999     1.198369      0.0       0.000000
  18.900000     1.468384      0.0       0.000000
  18.910000     1.691782      0.0       0.000000
  18.920000     1.871288      0.0       0.000000
  18.930000     2.011316      0.0       0.000000
  18.939999     2.117438      0.0       0.000000
  18.949999     2.196049      0.0       0.000000
  18.959999     2.253853      0.0       0.000000
  18.969999     2.297272      0.0       0.000000
  18.980000     2.332129      0.0       0.000000
  18.990000     2.363291      0.0       0.000000
  19.000000     2.394310      0.0       0.000000
  19.010000     2.427335      0.0       0.000000
  19.020000     2.463018      0.0       0.000000
  19.029999     2.500611      0.0       0.000000
  19.039999     2.537996      0.0       0.000000
  19.049999     2.572188      0.0       0.000000
  19.059999     2.599369      0.0       0.000000
  19.070000     2.615316      0.0       0.000000
  19.080000     2.615892      0.0       0.000000
  19.090000     2.597243      0.0       0.000000
  19.100000     2.556061      0.0       0.000000
  19.109999     2.489950      0.0       0.000000
  19.119999     2.397581      0.0       0.000000
  19.129999     2.278701      0.0       0.000000
  19.139999     2.134268      0.0       0.000000
  19.150000     1.966257      0.0       0.000000
  19.160000     1.777745      0.0       0.000000
  19.170000     1.572554      0.0       0.000000
  19.180000     1.355162      0.0       0.000000
  19.189999     1.130647      0.0       0.000000
  19.199999     0.904058      0.0       0.000000
  19.209999     0.680765      0.0       0.000000
  19.219999     0.466019      0.0       0.000000
  19.230000     0.264867      0.0       0.000000
  19.240000     0.082088      0.0       0.000000
  19.250000    -0.077848      0.0       0.000000
  19.260000    -0.210797      0.0       0.000000
  19.270000    -0.313029      0.0       0.000000
  19.279999    -0.381156      0.0       0.000000
  19.289999    -0.412337      0.0       0.000000
  19.299999    -0.404190      0.0       0.000000
  19.309999    -0.354858      0.0       0.000000
  19.320000    -0.263367      0.0       0.000000
  19.330000    -0.129453      0.0       0.000000
  19.340000     0.046060      0.0       0.000000
  19.350000     0.261096      0.0       0.000000
  19.359999     0.512271      0.0       0.000000
  19.369999     0.794803      0.0       0.000000
  19.379999     1.102281      0.0       0.000000
  19.389999     1.426735      0.0       0.000000
  19.400000     1.758850      0.0       0.000000
  19.410000     2.087971      0.0       0.000000
  19.420000     2.402514      0.0       0.000000
  19.430000     2.690233      0.0       0.000000
  19.439999     2.938810      0.0       0.000000
  19.449999     3.136423      0.0       0.000000
  19.459999     3.272033      0.0       0.000000
  19.469999     3.336265      0.0       0.000000
  19.480000     3.321819      0.0       0.000000
  19.490000     3.223974      0.0       0.000000
  19.500000     3.041010      0.0       0.000000
  19.510000     2.774431      0.0       0.000000
  19.520000     2.429152      0.0       0.000000
  19.529999     2.013435      0.0       0.000000
  19.539999     1.538493      0.0       0.000000
  19.549999     1.018498      0.0       0.000000
  19.559999     0.469745      0.0       0.000000
  19.570000    -0.089838      0.0       0.000000
  19.580000    -0.641557      0.0       0.000000
  19.590000    -1.166541      0.0       0.000000
  19.600000    -1.646760      0.0       0.000000
  19.609999    -2.065672      0.0       0.000000
  19.619999    -2.409027      0.0       0.000000
  19.629999    -2.665306      0.0       0.000000
  19.639999    -2.826287      0.0       0.000000
  19.650000    -2.887377      0.0       0.000000
  19.660000    -2.847710      0.0       0.000000
  19.670000    -2.710054      0.0       0.000000
  19.680000    -2.480748      0.0       0.000000
  19.689999    -2.169311      0.0       0.000000
  19.699999    -1.787849      0.0       0.000000
  19.709999    -1.350685      0.0       0.000000
  19.719999    -0.873788      0.0       0.000000
  19.730000    -0.373874      0.0       0.000000
  19.740000     0.131915      0.0       0.000000
  19.750000     0.626721      0.0       0.000000
  19.760000     1.094656      0.0       0.000000
  19.770000     1.520965      0.0       0.000000
  19.779999     1.892520      0.0       0.000000
  19.789999     2.198310      0.0       0.000000
  19.799999     2.429159      0.0       0.000000
  19.809999     2.578187      0.0       0.000000
  19.820000     2.640548      0.0       0.000000
  19.830000     2.613730      0.0       0.000000
  19.840000     2.497117      0.0       0.000000
  19.850000     2.291980      0.0       0.000000
  19.859999     2.001542      0.0       0.000000
  19.869999     1.630203      0.0       0.000000
  19.879999     1.184111      0.0       0.000000
  19.889999     0.670539      0.0       0.000000
  19.900000     0.097765      0.0       0.000000
  19.910000    -0.525030      0.0       0.000000
  19.920000    -1.188057      0.0       0.000000
  19.930000    -1.880918      0.0       0.000000
  19.939999    -2.592968      0.0       0.000000
  19.949999    -3.313827      0.0       0.000000
  19.959999    -4.032923      0.0       0.000000
  19.969999    -4.740253      0.0       0.000000
  19.980000    -5.426425      0.0       0.000000
  19.990000    -6.083051      0.0       0.000000
  20.000000    -6.702678      0.0       0.000000
