   0.010000     4.607999      0.0       0.012566
   0.020000     6.820289      0.0       0.025133
   0.030000     8.926793      0.0       0.037699
   0.040000    10.894789      0.0       0.050265
   0.050000    12.694292      0.0       0.062832
   0.060000    14.298309      0.0       0.075398
   0.070000    15.683344      0.0       0.087965
   0.080000    16.829697      0.0       0.100531
   0.090000    17.721884      0.0       0.113097
   0.100000    18.348900      0.0       0.125664
   0.110000    18.704254      0.0       0.138230
   0.120000    18.786345      0.0       0.150796
   0.130000    18.597773      0.0       0.163363
   0.140000    18.146233      0.0       0.175929
   0.150000    17.443417      0.0       0.188496
   0.160000    16.505325      0.0       0.201062
   0.170000    15.351540      0.0       0.213628
   0.180000    14.005154      0.0       0.226195
   0.190000    12.492054      0.0       0.238761
   0.200000    10.840627      0.0       0.251327
   0.210000     9.080885      0.0       0.263894
   0.220000     7.244295      0.0       0.276460
   0.230000     5.362813      0.0       0.289027
   0.240000     3.468500      0.0       0.301593
   0.250000     1.592842      0.0       0.314159
   0.260000    -0.233767      0.0       0.326726
   0.270000    -1.982621      0.0       0.339292
   0.280000    -3.627173      0.0       0.351858
   0.290000    -5.143465      0.0       0.364425
   0.300000    -6.510558      0.0       0.376991
   0.310000    -7.710832      0.0       0.389558
   0.320000    -8.730242      0.0       0.402124
   0.330000    -9.558503      0.0       0.414690
   0.340000   -10.189232      0.0       0.427257
   0.350000   -10.619718      0.0       0.439823
   0.360000   -10.851399      0.0       0.452389
   0.370000   -10.889277      0.0       0.464956
   0.380000   -10.741645      0.0       0.477522
   0.390000   -10.420399      0.0       0.490088
   0.400000    -9.940001      0.0       0.502655
   0.410000    -9.317684      0.0       0.515221
   0.420000    -8.572686      0.0       0.527788
   0.430000    -7.725979      0.0       0.540354
   0.440000    -6.799682      0.0       0.552920
   0.450000    -5.816673      0.0       0.565487
   0.460000    -4.800032      0.0       0.578053
   0.470000    -3.772625      0.0       0.590619
   0.480000    -2.756584      0.0       0.603186
   0.490000    -1.772928      0.0       0.615752
   0.500000    -0.841115      0.0       0.628319
   0.510000     0.021267      0.0       0.640885
   0.520000     0.798829      0.0       0.653451
   0.530000     1.478621      0.0       0.666018
   0.540000     2.050339      0.0       0.678584
   0.550000     2.506424      0.0       0.691150
   0.560000     2.842148      0.0       0.703717
   0.570000     3.055622      0.0       0.716283
   0.580000     3.147736      0.0       0.728850
   0.590000     3.122008      0.0       0.741416
   0.600000     2.984486      0.0       0.753982
   0.610000     2.743455      0.0       0.766549
   0.620000     2.409199      0.0       0.779115
   0.630000     1.993734      0.0       0.791681
   0.640000     1.510433      0.0       0.804248
   0.650000     0.973703      0.0       0.816814
   0.660000     0.398611      0.0       0.829380
   0.670000    -0.199471      0.0       0.841947
   0.680000    -0.805229      0.0       0.854513
   0.690000    -1.403765      0.0       0.867080
   0.700000    -1.980899      0.0       0.879646
   0.710000    -2.523530      0.0       0.892212
   0.720000    -3.019824      0.0       0.904779
   0.730000    -3.459516      0.0       0.917345
   0.740000    -3.834050      0.0       0.929911
   0.750000    -4.136770      0.0       0.942478
   0.760000    -4.362957      0.0       0.955044
   0.770000    -4.509933      0.0       0.967611
   0.780000    -4.577010      0.0       0.980177
   0.790000    -4.565485      0.0       0.992743
   0.800000    -4.478518      0.0       1.005310
   0.810000    -4.320987      0.0       1.017876
   0.820000    -4.099356      0.0       1.030442
   0.830000    -3.821424      0.0       1.043009
   0.840000    -3.496145      0.0       1.055575
   0.850000    -3.133325      0.0       1.068141
   0.860000    -2.743368      0.0       1.080708
   0.870000    -2.337050      0.0       1.093274
   0.880000    -1.925174      0.0       1.105841
   0.890000    -1.518366      0.0       1.118407
   0.900000    -1.126780      0.0       1.130973
   0.910000    -0.759854      0.0       1.143540
   0.920000    -0.426147      0.0       1.156106
   0.930000    -0.133103      0.0       1.168673
   0.940000     0.113083      0.0       1.181239
   0.950000     0.307583      0.0       1.193805
   0.960000     0.447028      0.0       1.206372
   0.970000     0.529543      0.0       1.218938
   0.980000     0.554759      0.0       1.231504
   0.990000     0.523783      0.0       1.244071
   1.000000     0.439124      0.0       1.256637
   1.010000     0.304613      0.0       1.269203
   1.020000     0.125240      0.0       1.281770
   1.030000    -0.092966      0.0       1.294336
   1.040000    -0.343140      0.0       1.306903
   1.050000    -0.617770      0.0       1.319469
   1.060000    -0.908885      0.0       1.332035
   1.070000    -1.208309      0.0       1.344602
   1.080000    -1.507823      0.0       1.357168
   1.090000    -1.799425      0.0       1.369735
   1.100000    -2.075478      0.0       1.382301
   1.110000    -2.328961      0.0       1.394867
   1.120000    -2.553527      0.0       1.407434
   1.130000    -2.743824      0.0       1.420000
   1.140000    -2.895396      0.0       1.432566
   1.150000    -3.004973      0.0       1.445133
   1.160000    -3.070378      0.0       1.457699
   1.170000    -3.090701      0.0       1.470265
   1.180000    -3.066110      0.0       1.482832
   1.190000    -2.998067      0.0       1.495398
   1.200000    -2.888999      0.0       1.507964
   1.210000    -2.742464      0.0       1.520531
   1.220000    -2.562823      0.0       1.533097
   1.230000    -2.355307      0.0       1.545664
   1.240000    -2.125672      0.0       1.558230
   1.250000    -1.880223      0.0       1.570796
   1.260000    -1.625504      0.0       1.583363
   1.270000    -1.368208      0.0       1.595929
   1.280000    -1.114950      0.0       1.608495
   1.290000    -0.872158      0.0       1.621062
   1.300000    -0.645837      0.0       1.633628
   1.310000    -0.441498      0.0       1.646195
   1.320000    -0.263971      0.0       1.658761
   1.330000    -0.117331      0.0       1.671327
   1.340000    -0.004787      0.0       1.683894
   1.350000     0.071375      0.0       1.696460
   1.360000     0.109830      0.0       1.709026
   1.370000     0.110234      0.0       1.721593
   1.380000     0.073209      0.0       1.734159
   1.390000     0.000308      0.0       1.746726
   1.400000    -0.106046      0.0       1.759292
   1.410000    -0.242635      0.0       1.771858
   1.420000    -0.405553      0.0       1.784425
   1.430000    -0.590321      0.0       1.796991
   1.440000    -0.792001      0.0       1.809557
   1.450000    -1.005369      0.0       1.822124
   1.460000    -1.225005      0.0       1.834690
   1.470000    -1.445489      0.0       1.847256
   1.480000    -1.661515      0.0       1.859823
   1.490000    -1.868038      0.0       1.872389
   1.500000    -2.060385      0.0       1.884956
   1.510000    -2.234395      0.0       1.897522
   1.520000    -2.386471      0.0       1.910088
   1.530000    -2.513756      0.0       1.922655
   1.540000    -2.614047      0.0       1.935221
   1.550000    -2.685999      0.0       1.947788
   1.560000    -2.728979      0.0       1.960354
   1.570000    -2.743241      0.0       1.972920
   1.580000    -2.729699      0.0       1.985487
   1.590000    -2.690097      0.0       1.998053
   1.600000    -2.626730      0.0       2.010619
   1.610000    -2.542571      0.0       2.023186
   1.620000    -2.440974      0.0       2.035752
   1.630000    -2.325759      0.0       2.048318
   1.640000    -2.200934      0.0       2.060885
   1.650000    -2.070706      0.0       2.073451
   1.660000    -1.939256      0.0       2.086018
   1.670000    -1.810696      0.0       2.098584
   1.680000    -1.688912      0.0       2.111150
   1.690000    -1.577482      0.0       2.123717
   1.700000    -1.479567      0.0       2.136283
   1.710000    -1.397832      0.0       2.148849
   1.720000    -1.334390      0.0       2.161416
   1.730000    -1.290765      0.0       2.173982
   1.740000    -1.267833      0.0       2.186549
   1.750000    -1.265838      0.0       2.199115
   1.760000    -1.284395      0.0       2.211681
   1.770000    -1.322539      0.0       2.224248
   1.780000    -1.378718      0.0       2.236814
   1.790000    -1.450925      0.0       2.249380
   1.800000    -1.536738      0.0       2.261947
   1.810000    -1.633434      0.0       2.274513
   1.820000    -1.738027      0.0       2.287080
   1.830000    -1.847467      0.0       2.299646
   1.840000    -1.958656      0.0       2.312212
   1.850000    -2.068656      0.0       2.324779
   1.860000    -2.174678      0.0       2.337345
   1.870000    -2.274264      0.0       2.349911
   1.880000    -2.365322      0.0       2.362478
   1.890000    -2.446268      0.0       2.375044
   1.900000    -2.515966      0.0       2.387610
   1.910000    -2.573904      0.0       2.400177
   1.920000    -2.620094      0.0       2.412743
   1.930000    -2.655173      0.0       2.425310
   1.940000    -2.680304      0.0       2.437876
   1.950000    -2.697182      0.0       2.450442
   1.960000    -2.707950      0.0       2.463009
   1.970000    -2.715153      0.0       2.475575
   1.980000    -2.721573      0.0       2.488141
   1.990000    -2.730246      0.0       2.500708
   2.000000    -2.744192      0.0       2.513274
   2.010000    -2.766397      0.0       2.525841
   2.020000    -2.799634      0.0       2.538407
   2.030000    -2.846358      0.0       2.550973
   2.040000    -2.908529      0.0       2.563540
   2.050000    -2.987567      0.0       2.576106
   2.060000    -3.084131      0.0       2.588672
   2.070000    -3.198172      0.0       2.601239
   2.080000    -3.328678      0.0       2.613805
   2.090000    -3.473794      0.0       2.626371
   2.100000    -3.630646      0.0       2.638938
   2.110000    -3.795453      0.0       2.651504
   2.120000    -3.963399      0.0       2.664071
   2.130000    -4.128876      0.0       2.676637
   2.140000    -4.285347      0.0       2.689203
   2.150000    -4.425647      0.0       2.701770
   2.160000    -4.541929      0.0       2.714336
   2.170000    -4.625967      0.0       2.726902
   2.180000    -4.669204      0.0       2.739469
   2.190000    -4.663068      0.0       2.752035
   2.200000    -4.599020      0.0       2.764602
   2.210000    -4.468945      0.0       2.777168
   2.220000    -4.265167      0.0       2.789734
   2.230000    -3.980870      0.0       2.802301
   2.240000    -3.610126      0.0       2.814867
   2.250000    -3.148246      0.0       2.827434
   2.260000    -2.591808      0.0       2.840000
   2.270000    -1.939000      0.0       2.852566
   2.280000    -1.189562      0.0       2.865133
   2.290000    -0.345069      0.0       2.877699
   2.300000     0.591122      0.0       2.890265
   2.310000     1.613763      0.0       2.902832
   2.320000     2.715746      0.0       2.915398
   2.330000     3.888115      0.0       2.927964
   2.340000     5.120158      0.0       2.940531
   2.350000     6.399549      0.0       2.953097
   2.360000     7.712415      0.0       2.965663
   2.370000     9.043675      0.0       2.978230
   2.380000    10.377088      0.0       2.990796
   2.390000    11.695649      0.0       3.003363
   2.400000    12.981679      0.0       3.015929
   2.410000    14.217486      0.0       3.028495
   2.420000    15.385172      0.0       3.041062
   2.430000    16.467461      0.0       3.053628
   2.440000    17.447435      0.0       3.066195
   2.450000    18.309641      0.0       3.078761
   2.460000    19.039537      0.0       3.091327
   2.470000    19.624483      0.0       3.103894
   2.480000    20.053226      0.0       3.116460
   2.490000    20.317236      0.0       3.129026
   2.500000    20.409748      0.0       3.141593
   2.510000    20.326830      0.0       3.154159
   2.520000    20.066620      0.0       3.166725
   2.530000    19.630478      0.0       3.179292
   2.540000    19.021847      0.0       3.191858
   2.550000    18.247267      0.0       3.204425
   2.560000    17.315500      0.0       3.216991
   2.570000    16.237974      0.0       3.229557
   2.580000    15.027950      0.0       3.242124
   2.590000    13.701344      0.0       3.254690
   2.600000    12.275233      0.0       3.267256
   2.610000    10.768611      0.0       3.279823
   2.620000     9.201378      0.0       3.292389
   2.630000     7.594530      0.0       3.304955
   2.640000     5.969302      0.0       3.317522
   2.650000     4.347184      0.0       3.330088
   2.660000     2.749299      0.0       3.342654
   2.670000     1.196231      0.0       3.355221
   2.680000    -0.292477      0.0       3.367787
   2.690000    -1.698590      0.0       3.380354
   2.700000    -3.005490      0.0       3.392920
   2.710000    -4.198499      0.0       3.405487
   2.720000    -5.265036      0.0       3.418053
   2.730000    -6.194940      0.0       3.430619
   2.740000    -6.980504      0.0       3.443186
   2.750000    -7.616699      0.0       3.455752
   2.760000    -8.101071      0.0       3.468318
   2.770000    -8.433989      0.0       3.480885
   2.780000    -8.618291      0.0       3.493451
   2.790000    -8.659496      0.0       3.506017
   2.800000    -8.565408      0.0       3.518584
   2.810000    -8.346143      0.0       3.531150
   2.820000    -8.013664      0.0       3.543717
   2.830000    -7.581785      0.0       3.556283
   2.840000    -7.065611      0.0       3.568849
   2.850000    -6.481436      0.0       3.581416
   2.860000    -5.846254      0.0       3.593982
   2.870000    -5.177508      0.0       3.606548
   2.880000    -4.492673      0.0       3.619115
   2.890000    -3.808954      0.0       3.631681
   2.900000    -3.142901      0.0       3.644248
   2.910000    -2.510184      0.0       3.656814
   2.920000    -1.925143      0.0       3.669380
   2.930000    -1.400679      0.0       3.681947
   2.940000    -0.947931      0.0       3.694513
   2.950000    -0.576100      0.0       3.707080
   2.960000    -0.292308      0.0       3.719646
   2.970000    -0.101493      0.0       3.732212
   2.980000    -0.006345      0.0       3.744779
   2.990000    -0.007295      0.0       3.757345
   3.000000    -0.102555      0.0       3.769911
   3.010000    -0.288200      0.0       3.782478
   3.020000    -0.558283      0.0       3.795044
   3.030000    -0.905017      0.0       3.807611
   3.040000    -1.318957      0.0       3.820177
   3.050000    -1.789264      0.0       3.832743
   3.060000    -2.303902      0.0       3.845309
   3.070000    -2.850023      0.0       3.857876
   3.080000    -3.414115      0.0       3.870442
   3.090000    -3.982466      0.0       3.883008
   3.100000    -4.541299      0.0       3.895575
   3.110000    -5.077258      0.0       3.908141
   3.120000    -5.577468      0.0       3.920708
   3.130000    -6.030040      0.0       3.933274
   3.140000    -6.424103      0.0       3.945840
   3.150000    -6.750220      0.0       3.958407
   3.160000    -7.000353      0.0       3.970973
   3.170000    -7.168250      0.0       3.983539
   3.180000    -7.249358      0.0       3.996106
   3.190000    -7.241024      0.0       4.008672
   3.200000    -7.142432      0.0       4.021238
   3.210000    -6.954707      0.0       4.033805
   3.220000    -6.680715      0.0       4.046371
   3.230000    -6.325133      0.0       4.058938
   3.240000    -5.894170      0.0       4.071504
   3.250000    -5.395578      0.0       4.084071
   3.260000    -4.838270      0.0       4.096637
   3.270000    -4.232320      0.0       4.109203
   3.280000    -3.588547      0.0       4.121770
   3.290000    -2.918409      0.0       4.134336
   3.300000    -2.233668      0.0       4.146903
   3.310000    -1.546176      0.0       4.159469
   3.320000    -0.867614      0.0       4.172035
   3.330000    -0.209253      0.0       4.184601
   3.340000     0.418280      0.0       4.197168
   3.350000     1.005207      0.0       4.209734
   3.360000     1.542795      0.0       4.222301
   3.370000     2.023497      0.0       4.234867
   3.380000     2.441104      0.0       4.247433
   3.390000     2.790832      0.0       4.260000
   3.400000     3.069378      0.0       4.272566
   3.410000     3.274990      0.0       4.285132
   3.420000     3.407408      0.0       4.297698
   3.430000     3.467863      0.0       4.310265
   3.440000     3.458972      0.0       4.322832
   3.450000     3.384714      0.0       4.335398
   3.460000     3.250178      0.0       4.347964
   3.470000     3.061527      0.0       4.360531
   3.480000     2.825761      0.0       4.373097
   3.490000     2.550543      0.0       4.385664
   3.500000     2.243993      0.0       4.398230
   3.510000     1.914491      0.0       4.410796
   3.520000     1.570471      0.0       4.423363
   3.530000     1.220199      0.0       4.435929
   3.540000     0.871597      0.0       4.448495
   3.550000     0.532041      0.0       4.461061
   3.560000     0.208201      0.0       4.473628
   3.570000    -0.094107      0.0       4.486195
   3.580000    -0.370046      0.0       4.498761
   3.590000    -0.615857      0.0       4.511327
   3.600000    -0.828927      0.0       4.523893
   3.610000    -1.007835      0.0       4.536460
   3.620000    -1.152341      0.0       4.549026
   3.630000    -1.263407      0.0       4.561593
   3.640000    -1.343105      0.0       4.574159
   3.650000    -1.394591      0.0       4.586725
   3.660000    -1.421926      0.0       4.599292
   3.670000    -1.430044      0.0       4.611858
   3.680000    -1.424515      0.0       4.624424
   3.690000    -1.411473      0.0       4.636991
   3.700000    -1.397348      0.0       4.649557
   3.710000    -1.388784      0.0       4.662124
   3.720000    -1.392341      0.0       4.674690
   3.730000    -1.414412      0.0       4.687256
   3.740000    -1.460956      0.0       4.699823
   3.750000    -1.537410      0.0       4.712389
   3.760000    -1.648422      0.0       4.724956
   3.770000    -1.797809      0.0       4.737522
   3.780000    -1.988351      0.0       4.750088
   3.790000    -2.221757      0.0       4.762655
   3.800000    -2.498515      0.0       4.775221
   3.810000    -2.817928      0.0       4.787787
   3.820000    -3.177974      0.0       4.800354
   3.830000    -3.575449      0.0       4.812920
   3.840000    -4.005858      0.0       4.825486
   3.850000    -4.463614      0.0       4.838053
   3.860000    -4.941978      0.0       4.850619
   3.870000    -5.433298      0.0       4.863185
   3.880000    -5.929072      0.0       4.875752
   3.890000    -6.420123      0.0       4.888318
   3.900000    -6.896736      0.0       4.900885
   3.910000    -7.348898      0.0       4.913451
   3.920000    -7.766398      0.0       4.926017
   3.930000    -8.139161      0.0       4.938584
   3.940000    -8.457260      0.0       4.951150
   3.950000    -8.711284      0.0       4.963717
   3.960000    -8.892382      0.0       4.976283
   3.970000    -8.992575      0.0       4.988849
   3.980000    -9.004777      0.0       5.001416
   3.990000    -8.923069      0.0       5.013982
   4.000000    -8.742709      0.0       5.026548
   4.010000    -8.460360      0.0       5.039114
   4.020000    -8.074035      0.0       5.051681
   4.030000    -7.583290      0.0       5.064247
   4.040000    -6.989120      0.0       5.076814
   4.050000    -6.294096      0.0       5.089380
   4.060000    -5.502197      0.0       5.101947
   4.070000    -4.618926      0.0       5.114512
   4.080000    -3.651086      0.0       5.127079
   4.090000    -2.606783      0.0       5.139646
   4.100000    -1.495269      0.0       5.152212
   4.110000    -0.326829      0.0       5.164779
   4.120000     0.887368      0.0       5.177345
   4.130000     2.135450      0.0       5.189911
   4.140000     3.404989      0.0       5.202477
   4.150000     4.683194      0.0       5.215044
   4.160000     5.957078      0.0       5.227610
   4.170000     7.213655      0.0       5.240177
   4.180000     8.440071      0.0       5.252743
   4.190000     9.623878      0.0       5.265310
   4.200000    10.752999      0.0       5.277875
   4.210000    11.816279      0.0       5.290442
   4.220000    12.802969      0.0       5.303009
   4.230000    13.703633      0.0       5.315575
   4.240000    14.509411      0.0       5.328141
   4.250000    15.213078      0.0       5.340708
   4.260000    15.808160      0.0       5.353274
   4.270000    16.289639      0.0       5.365840
   4.280000    16.653635      0.0       5.378407
   4.290000    16.897732      0.0       5.390973
   4.300000    17.020651      0.0       5.403539
   4.310000    17.022369      0.0       5.416106
   4.320000    16.904110      0.0       5.428672
   4.330000    16.668346      0.0       5.441238
   4.340000    16.318602      0.0       5.453804
   4.350000    15.859452      0.0       5.466372
   4.360000    15.296416      0.0       5.478938
   4.370000    14.635864      0.0       5.491504
   4.380000    13.884826      0.0       5.504071
   4.390000    13.051359      0.0       5.516637
   4.400000    12.143600      0.0       5.529203
   4.410000    11.170601      0.0       5.541770
   4.420000    10.141306      0.0       5.554336
   4.430000     9.065296      0.0       5.566902
   4.440000     7.952106      0.0       5.579469
   4.450000     6.811416      0.0       5.592035
   4.460000     5.652801      0.0       5.604601
   4.470000     4.485782      0.0       5.617167
   4.480000     3.319662      0.0       5.629735
   4.490000     2.163516      0.0       5.642300
   4.500000     1.026065      0.0       5.654867
   4.510000    -0.084325      0.0       5.667433
   4.520000    -1.159727      0.0       5.680000
   4.530000    -2.192681      0.0       5.692566
   4.540000    -3.176234      0.0       5.705132
   4.550000    -4.103993      0.0       5.717699
   4.560000    -4.970113      0.0       5.730265
   4.570000    -5.769389      0.0       5.742831
   4.580000    -6.497166      0.0       5.755398
   4.590000    -7.149487      0.0       5.767964
   4.600000    -7.722990      0.0       5.780530
   4.610000    -8.215024      0.0       5.793097
   4.620000    -8.623528      0.0       5.805663
   4.630000    -8.947186      0.0       5.818230
   4.640000    -9.185276      0.0       5.830796
   4.650000    -9.337820      0.0       5.843363
   4.660000    -9.405436      0.0       5.855929
   4.670000    -9.389475      0.0       5.868495
   4.680000    -9.291842      0.0       5.881062
   4.690000    -9.115211      0.0       5.893628
   4.700000    -8.862738      0.0       5.906194
   4.710000    -8.538291      0.0       5.918761
   4.720000    -8.146237      0.0       5.931327
   4.730000    -7.691555      0.0       5.943893
   4.740000    -7.179674      0.0       5.956460
   4.750000    -6.616564      0.0       5.969026
   4.760000    -6.008562      0.0       5.981592
   4.770000    -5.362432      0.0       5.994159
   4.780000    -4.685236      0.0       6.006725
   4.790000    -3.984313      0.0       6.019292
   4.800000    -3.267199      0.0       6.031858
   4.810000    -2.541576      0.0       6.044425
   4.820000    -1.815168      0.0       6.056991
   4.830000    -1.095731      0.0       6.069557
   4.840000    -0.390874      0.0       6.082123
   4.850000     0.291912      0.0       6.094690
   4.860000     0.945395      0.0       6.107256
   4.870000     1.562667      0.0       6.119823
   4.880000     2.137196      0.0       6.132389
   4.890000     2.662935      0.0       6.144955
   4.900000     3.134346      0.0       6.157522
   4.910000     3.546532      0.0       6.170088
   4.920000     3.895184      0.0       6.182655
   4.930000     4.176746      0.0       6.195221
   4.940000     4.388386      0.0       6.207788
   4.950000     4.528060      0.0       6.220354
   4.960000     4.594492      0.0       6.232920
   4.970000     4.587281      0.0       6.245486
   4.980000     4.506786      0.0       6.258053
   4.990000     4.354228      0.0       6.270619
   5.000000     4.131595      0.0       6.283185
   5.010000     3.841684      0.0       6.295752
   5.020000     3.488008      0.0       6.308318
   5.030000     3.074799      0.0       6.320884
   5.040000     2.606921      0.0       6.333451
   5.050000     2.089862      0.0       6.346017
   5.060000     1.529592      0.0       6.358584
   5.070000     0.932590      0.0       6.371150
   5.080000     0.305676      0.0       6.383717
   5.090000    -0.344000      0.0       6.396283
   5.100000    -1.009063      0.0       6.408849
   5.110000    -1.682017      0.0       6.421415
   5.120000    -2.355247      0.0       6.433982
   5.130000    -3.021226      0.0       6.446548
   5.140000    -3.672445      0.0       6.459115
   5.150000    -4.301624      0.0       6.471681
   5.160000    -4.901668      0.0       6.484247
   5.170000    -5.465850      0.0       6.496814
   5.180000    -5.987752      0.0       6.509380
   5.190000    -6.461421      0.0       6.521947
   5.200000    -6.881343      0.0       6.534513
   5.210000    -7.242569      0.0       6.547080
   5.220000    -7.540672      0.0       6.559646
   5.230000    -7.771863      0.0       6.572212
   5.240000    -7.932905      0.0       6.584778
   5.250000    -8.021278      0.0       6.597345
   5.260000    -8.035064      0.0       6.609911
   5.270000    -7.973072      0.0       6.622478
   5.280000    -7.834714      0.0       6.635044
   5.290000    -7.620180      0.0       6.647610
   5.300000    -7.330218      0.0       6.660176
   5.310000    -6.966377      0.0       6.672743
   5.320000    -6.530749      0.0       6.685309
   5.330000    -6.026169      0.0       6.697875
   5.340000    -5.456049      0.0       6.710442
   5.350000    -4.824451      0.0       6.723009
   5.360000    -4.135983      0.0       6.735575
   5.370000    -3.395887      0.0       6.748141
   5.380000    -2.609879      0.0       6.760708
   5.390000    -1.784225      0.0       6.773274
   5.400000    -0.925633      0.0       6.785841
   5.410000    -0.041257      0.0       6.798407
   5.420000     0.861370      0.0       6.810973
   5.430000     1.774380      0.0       6.823539
   5.440000     2.689619      0.0       6.836106
   5.450000     3.598706      0.0       6.848672
   5.460000     4.493113      0.0       6.861238
   5.470000     5.364220      0.0       6.873805
   5.480000     6.203374      0.0       6.886372
   5.490000     7.002009      0.0       6.898938
   5.500000     7.751686      0.0       6.911504
   5.510000     8.444236      0.0       6.924070
   5.520000     9.071774      0.0       6.936637
   5.530000     9.626882      0.0       6.949203
   5.540000    10.102626      0.0       6.961770
   5.550000    10.492639      0.0       6.974336
   5.560000    10.791480      0.0       6.986902
   5.570000    10.994185      0.0       6.999468
   5.580000    11.096926      0.0       7.012035
   5.590000    11.096835      0.0       7.024601
   5.600000    10.991879      0.0       7.037168
   5.610000    10.781294      0.0       7.049734
   5.620000    10.465642      0.0       7.062300
   5.630000    10.046262      0.0       7.074866
   5.640000     9.526256      0.0       7.087433
   5.650000     8.909523      0.0       7.100000
   5.660000     8.201420      0.0       7.112566
   5.670000     7.408495      0.0       7.125133
   5.680000     6.538406      0.0       7.137699
   5.690000     5.599992      0.0       7.150265
   5.700000     4.603058      0.0       7.162831
   5.710000     3.558356      0.0       7.175398
   5.720000     2.477416      0.0       7.187964
   5.730000     1.372472      0.0       7.200531
   5.740000     0.256217      0.0       7.213097
   5.750000    -0.858289      0.0       7.225663
   5.760000    -1.957837      0.0       7.238229
   5.770000    -3.029261      0.0       7.250796
   5.780000    -4.059590      0.0       7.263362
   5.790000    -5.036335      0.0       7.275929
   5.800000    -5.947593      0.0       7.288495
   5.810000    -6.782329      0.0       7.301062
   5.820000    -7.530467      0.0       7.313628
   5.830000    -8.183207      0.0       7.326194
   5.840000    -8.733023      0.0       7.338760
   5.850000    -9.174000      0.0       7.351327
   5.860000    -9.501748      0.0       7.363893
   5.870000    -9.713719      0.0       7.376460
   5.880000    -9.809072      0.0       7.389026
   5.890000    -9.788932      0.0       7.401592
   5.900000    -9.656190      0.0       7.414159
   5.910000    -9.415679      0.0       7.426725
   5.920000    -9.073962      0.0       7.439292
   5.930000    -8.639398      0.0       7.451858
   5.940000    -8.121861      0.0       7.464425
   5.950000    -7.532762      0.0       7.476991
   5.960000    -6.884712      0.0       7.489557
   5.970000    -6.191475      0.0       7.502123
   5.980000    -5.467574      0.0       7.514690
   5.990000    -4.728188      0.0       7.527256
   6.000000    -3.988786      0.0       7.539823
   6.010000    -3.264903      0.0       7.552389
   6.020000    -2.571829      0.0       7.564955
   6.030000    -1.924335      0.0       7.577521
   6.040000    -1.336359      0.0       7.590088
   6.050000    -0.820777      0.0       7.602654
   6.060000    -0.389113      0.0       7.615221
   6.070000    -0.051294      0.0       7.627787
   6.080000     0.184554      0.0       7.640354
   6.090000     0.312304      0.0       7.652920
   6.100000     0.327979      0.0       7.665486
   6.110000     0.229873      0.0       7.678052
   6.120000     0.018626      0.0       7.690619
   6.130000    -0.302738      0.0       7.703185
   6.140000    -0.728817      0.0       7.715752
   6.150000    -1.251892      0.0       7.728318
   6.160000    -1.862005      0.0       7.740884
   6.170000    -2.547123      0.0       7.753451
   6.180000    -3.293326      0.0       7.766017
   6.190000    -4.084991      0.0       7.778584
   6.200000    -4.905076      0.0       7.791150
   6.210000    -5.735454      0.0       7.803717
   6.220000    -6.557117      0.0       7.816283
   6.230000    -7.350654      0.0       7.828849
   6.240000    -8.096462      0.0       7.841415
   6.250000    -8.775270      0.0       7.853982
   6.260000    -9.368335      0.0       7.866548
   6.270000    -9.857946      0.0       7.879115
   6.280000   -10.227662      0.0       7.891681
   6.290000   -10.462754      0.0       7.904247
   6.300000   -10.550401      0.0       7.916813
   6.310000   -10.479944      0.0       7.929380
   6.320000   -10.243454      0.0       7.941946
   6.330000    -9.835398      0.0       7.954513
   6.340000    -9.253192      0.0       7.967079
   6.350000    -8.497189      0.0       7.979646
   6.360000    -7.570657      0.0       7.992212
   6.370000    -6.479910      0.0       8.004778
   6.380000    -5.234151      0.0       8.017344
   6.390000    -3.845392      0.0       8.029911
   6.400000    -2.328290      0.0       8.042477
   6.410000    -0.699959      0.0       8.055044
   6.420000     1.020318      0.0       8.067611
   6.430000     2.811380      0.0       8.080176
   6.440000     4.650514      0.0       8.092743
   6.450000     6.513843      0.0       8.105309
   6.460000     8.376702      0.0       8.117876
   6.470000    10.214078      0.0       8.130442
   6.480000    12.000872      0.0       8.143008
   6.490000    13.712722      0.0       8.155575
   6.500000    15.325802      0.0       8.168141
   6.510000    16.817766      0.0       8.180707
   6.520000    18.168076      0.0       8.193274
   6.530000    19.357891      0.0       8.205840
   6.540000    20.370768      0.0       8.218407
   6.550000    21.193270      0.0       8.230972
   6.560000    21.814142      0.0       8.243540
   6.570000    22.225653      0.0       8.256105
   6.580000    22.423037      0.0       8.268672
   6.590000    22.404863      0.0       8.281239
   6.600000    22.172663      0.0       8.293805
   6.610000    21.731401      0.0       8.306371
   6.620000    21.089006      0.0       8.318937
   6.630000    20.256542      0.0       8.331504
   6.640000    19.247431      0.0       8.344070
   6.650000    18.077833      0.0       8.356636
   6.660000    16.765978      0.0       8.369203
   6.670000    15.331911      0.0       8.381769
   6.680000    13.797171      0.0       8.394336
   6.690000    12.184389      0.0       8.406902
   6.700000    10.516617      0.0       8.419469
   6.710000     8.817617      0.0       8.432035
   6.720000     7.110559      0.0       8.444601
   6.730000     5.418263      0.0       8.457168
   6.740000     3.762520      0.0       8.469734
   6.750000     2.163825      0.0       8.482301
   6.760000     0.640987      0.0       8.494866
   6.770000    -0.789146      0.0       8.507433
   6.780000    -2.111939      0.0       8.520000
   6.790000    -3.315197      0.0       8.532566
   6.800000    -4.389316      0.0       8.545132
   6.810000    -5.327398      0.0       8.557698
   6.820000    -6.125303      0.0       8.570265
   6.830000    -6.781658      0.0       8.582831
   6.840000    -7.297764      0.0       8.595397
   6.850000    -7.677560      0.0       8.607965
   6.860000    -7.927358      0.0       8.620530
   6.870000    -8.055779      0.0       8.633097
   6.880000    -8.073354      0.0       8.645663
   6.890000    -7.992382      0.0       8.658230
   6.900000    -7.826488      0.0       8.670795
   6.910000    -7.590423      0.0       8.683362
   6.920000    -7.299583      0.0       8.695929
   6.930000    -6.969754      0.0       8.708495
   6.940000    -6.616687      0.0       8.721062
   6.950000    -6.255772      0.0       8.733627
   6.960000    -5.901706      0.0       8.746195
   6.970000    -5.568147      0.0       8.758760
   6.980000    -5.267455      0.0       8.771327
   6.990000    -5.010406      0.0       8.783894
   7.000000    -4.805996      0.0       8.796460
   7.010000    -4.661272      0.0       8.809026
   7.020000    -4.581139      0.0       8.821592
   7.030000    -4.568398      0.0       8.834159
   7.040000    -4.623568      0.0       8.846725
   7.050000    -4.745049      0.0       8.859291
   7.060000    -4.929064      0.0       8.871858
   7.070000    -5.169877      0.0       8.884424
   7.080000    -5.459877      0.0       8.896991
   7.090000    -5.789815      0.0       8.909556
   7.100000    -6.149042      0.0       8.922123
   7.110000    -6.525746      0.0       8.934690
   7.120000    -6.907260      0.0       8.947256
   7.130000    -7.280408      0.0       8.959822
   7.140000    -7.631737      0.0       8.972389
   7.150000    -7.947923      0.0       8.984955
   7.160000    -8.216053      0.0       8.997521
   7.170000    -8.423955      0.0       9.010088
   7.180000    -8.560441      0.0       9.022655
   7.190000    -8.615668      0.0       9.035221
   7.200000    -8.581280      0.0       9.047787
   7.210000    -8.450711      0.0       9.060353
   7.220000    -8.219272      0.0       9.072920
   7.230000    -7.884335      0.0       9.085486
   7.240000    -7.445380      0.0       9.098052
   7.250000    -6.904067      0.0       9.110620
   7.260000    -6.264184      0.0       9.123185
   7.270000    -5.531635      0.0       9.135752
   7.280000    -4.714302      0.0       9.148318
   7.290000    -3.821913      0.0       9.160885
   7.300000    -2.865860      0.0       9.173450
   7.310000    -1.858998      0.0       9.186017
   7.320000    -0.815348      0.0       9.198584
   7.330000     0.250133      0.0       9.211150
   7.340000     1.321876      0.0       9.223716
   7.350000     2.383984      0.0       9.236282
   7.360000     3.420572      0.0       9.248849
   7.370000     4.416065      0.0       9.261415
   7.380000     5.355510      0.0       9.273981
   7.390000     6.224877      0.0       9.286548
   7.400000     7.011288      0.0       9.299114
   7.410000     7.703355      0.0       9.311681
   7.420000     8.291314      0.0       9.324247
   7.430000     8.767262      0.0       9.336814
   7.440000     9.125257      0.0       9.349380
   7.450000     9.361484      0.0       9.361946
   7.460000     9.474231      0.0       9.374513
   7.470000     9.464043      0.0       9.387079
   7.480000     9.333503      0.0       9.399646
   7.490000     9.087360      0.0       9.412211
   7.500000     8.732274      0.0       9.424778
   7.510000     8.276758      0.0       9.437345
   7.520000     7.730917      0.0       9.449911
   7.530000     7.106285      0.0       9.462477
   7.540000     6.415577      0.0       9.475044
   7.550000     5.672405      0.0       9.487610
   7.560000     4.891004      0.0       9.500176
   7.570000     4.085970      0.0       9.512743
   7.580000     3.271927      0.0       9.525310
   7.590000     2.463274      0.0       9.537875
   7.600000     1.673889      0.0       9.550442
   7.610000     0.916887      0.0       9.563008
   7.620000     0.204326      0.0       9.575575
   7.630000    -0.452953      0.0       9.588140
   7.640000    -1.045555      0.0       9.600707
   7.650000    -1.565655      0.0       9.613274
   7.660000    -2.007172      0.0       9.625840
   7.670000    -2.365783      0.0       9.638406
   7.680000    -2.639014      0.0       9.650972
   7.690000    -2.826262      0.0       9.663540
   7.700000    -2.928679      0.0       9.676105
   7.710000    -2.949211      0.0       9.688672
   7.720000    -2.892377      0.0       9.701239
   7.730000    -2.764243      0.0       9.713805
   7.740000    -2.572168      0.0       9.726371
   7.750000    -2.324644      0.0       9.738937
   7.760000    -2.031090      0.0       9.751504
   7.770000    -1.701626      0.0       9.764071
   7.780000    -1.346794      0.0       9.776636
   7.790000    -0.977378      0.0       9.789203
   7.800000    -0.604110      0.0       9.801769
   7.810000    -0.237464      0.0       9.814336
   7.820000     0.112579      0.0       9.826901
   7.830000     0.436742      0.0       9.839469
   7.840000     0.726634      0.0       9.852035
   7.850000     0.974921      0.0       9.864601
   7.860000     1.175460      0.0       9.877168
   7.870000     1.323406      0.0       9.889734
   7.880000     1.415299      0.0       9.902300
   7.890000     1.449083      0.0       9.914866
   7.900000     1.424155      0.0       9.927433
   7.910000     1.341317      0.0       9.940000
   7.920000     1.202706      0.0       9.952565
   7.930000     1.011772      0.0       9.965132
   7.940000     0.773092      0.0       9.977698
   7.950000     0.492305      0.0       9.990265
   7.960000     0.175915      0.0      10.002831
   7.970000    -0.168867      0.0      10.015397
   7.980000    -0.534305      0.0      10.027965
   7.990000    -0.912328      0.0      10.040530
   8.000000    -1.294730      0.0      10.053097
   8.010000    -1.673361      0.0      10.065663
   8.020000    -2.040315      0.0      10.078229
   8.030000    -2.388102      0.0      10.090796
   8.040000    -2.709819      0.0      10.103362
   8.050000    -2.999316      0.0      10.115929
   8.059999    -3.251267      0.0      10.128494
   8.070000    -3.461364      0.0      10.141061
   8.080000    -3.626279      0.0      10.153627
   8.090000    -3.743842      0.0      10.166195
   8.099999    -3.812964      0.0      10.178760
   8.110000    -3.833726      0.0      10.191326
   8.120000    -3.807258      0.0      10.203894
   8.130000    -3.735776      0.0      10.216460
   8.139999    -3.622450      0.0      10.229025
   8.150000    -3.471339      0.0      10.241592
   8.160000    -3.287249      0.0      10.254159
   8.170000    -3.075657      0.0      10.266726
   8.179999    -2.842472      0.0      10.279291
   8.190000    -2.594018      0.0      10.291858
   8.200000    -2.336756      0.0      10.304424
   8.210000    -2.077198      0.0      10.316991
   8.220000    -1.821755      0.0      10.329557
   8.230000    -1.576569      0.0      10.342123
   8.240000    -1.347383      0.0      10.354690
   8.250000    -1.139428      0.0      10.367256
   8.260000    -0.957315      0.0      10.379823
   8.270000    -0.804949      0.0      10.392388
   8.280000    -0.685446      0.0      10.404955
   8.290000    -0.601098      0.0      10.417521
   8.300000    -0.553346      0.0      10.430088
   8.309999    -0.542767      0.0      10.442654
   8.320000    -0.569092      0.0      10.455220
   8.330000    -0.631245      0.0      10.467787
   8.340000    -0.727392      0.0      10.480353
   8.349999    -0.855011      0.0      10.492919
   8.360000    -1.010982      0.0      10.505486
   8.370000    -1.191662      0.0      10.518052
   8.380000    -1.393040      0.0      10.530620
   8.389999    -1.610782      0.0      10.543184
   8.400000    -1.840386      0.0      10.555751
   8.410000    -2.077298      0.0      10.568318
   8.420000    -2.316966      0.0      10.580885
   8.429999    -2.555048      0.0      10.593450
   8.440000    -2.787380      0.0      10.606017
   8.450000    -3.010150      0.0      10.618584
   8.460000    -3.219933      0.0      10.631150
   8.470000    -3.413738      0.0      10.643717
   8.480000    -3.589057      0.0      10.656282
   8.490000    -3.743892      0.0      10.668849
   8.500000    -3.876723      0.0      10.681416
   8.510000    -3.986560      0.0      10.693982
   8.520000    -4.072824      0.0      10.706548
   8.530000    -4.135386      0.0      10.719114
   8.540000    -4.174473      0.0      10.731681
   8.550000    -4.190588      0.0      10.744247
   8.559999    -4.184458      0.0      10.756813
   8.570000    -4.156965      0.0      10.769380
   8.580000    -4.108986      0.0      10.781946
   8.590000    -4.041422      0.0      10.794513
   8.599999    -3.955003      0.0      10.807078
   8.610000    -3.850308      0.0      10.819645
   8.620000    -3.727618      0.0      10.832211
   8.630000    -3.586910      0.0      10.844778
   8.639999    -3.427788      0.0      10.857344
   8.650000    -3.249480      0.0      10.869910
   8.660000    -3.050788      0.0      10.882477
   8.670000    -2.830130      0.0      10.895044
   8.679999    -2.585551      0.0      10.907609
   8.690000    -2.314749      0.0      10.920176
   8.700000    -2.015148      0.0      10.932743
   8.710000    -1.683995      0.0      10.945310
   8.720000    -1.318408      0.0      10.957876
   8.730000    -0.915502      0.0      10.970442
   8.740000    -0.472519      0.0      10.983008
   8.750000     0.013076      0.0      10.995575
   8.760000     0.543459      0.0      11.008142
   8.770000     1.120318      0.0      11.020707
   8.780000     1.744723      0.0      11.033274
   8.790000     2.417017      0.0      11.045840
   8.800000     3.136694      0.0      11.058407
   8.809999     3.902322      0.0      11.070972
   8.820000     4.711423      0.0      11.083539
   8.830000     5.560470      0.0      11.096106
   8.840000     6.444762      0.0      11.108672
   8.849999     7.358508      0.0      11.121238
   8.860000     8.294744      0.0      11.133804
   8.870000     9.245441      0.0      11.146371
   8.880000    10.201475      0.0      11.158937
   8.889999    11.152904      0.0      11.171503
   8.900000    12.088727      0.0      11.184070
   8.910000    12.997579      0.0      11.196636
   8.920000    13.867134      0.0      11.209203
   8.929999    14.685132      0.0      11.221768
   8.940000    15.438845      0.0      11.234335
   8.950000    16.115915      0.0      11.246902
   8.960000    16.703909      0.0      11.259469
   8.970000    17.191175      0.0      11.272036
   8.980000    17.566675      0.0      11.284600
   8.990000    17.820360      0.0      11.297168
   9.000000    17.943285      0.0      11.309734
   9.010000    17.928104      0.0      11.322301
   9.020000    17.768774      0.0      11.334867
   9.030000    17.461040      0.0      11.347433
   9.040000    17.002459      0.0      11.360000
   9.050000    16.392876      0.0      11.372566
   9.059999    15.633547      0.0      11.385132
   9.070000    14.728511      0.0      11.397698
   9.080000    13.683226      0.0      11.410265
   9.090000    12.505726      0.0      11.422832
   9.099999    11.205670      0.0      11.435397
   9.110000     9.794836      0.0      11.447964
   9.120000     8.286528      0.0      11.460530
   9.130000     6.695761      0.0      11.473097
   9.139999     5.038848      0.0      11.485662
   9.150000     3.333247      0.0      11.498229
   9.160000     1.597308      0.0      11.510796
   9.170000    -0.150003      0.0      11.523362
   9.179999    -1.889381      0.0      11.535928
   9.190000    -3.601503      0.0      11.548494
   9.200000    -5.267234      0.0      11.561061
   9.210000    -6.868044      0.0      11.573627
   9.220000    -8.386168      0.0      11.586195
   9.230000    -9.804961      0.0      11.598760
   9.240000   -11.109120      0.0      11.611326
   9.250000   -12.284838      0.0      11.623894
   9.260000   -13.320209      0.0      11.636460
   9.270000   -14.205073      0.0      11.649025
   9.280000   -14.931701      0.0      11.661592
   9.290000   -15.494026      0.0      11.674159
   9.300000   -15.888819      0.0      11.686726
   9.309999   -16.114614      0.0      11.699291
   9.320000   -16.172575      0.0      11.711858
   9.330000   -16.065939      0.0      11.724424
   9.340000   -15.799964      0.0      11.736991
   9.349999   -15.382082      0.0      11.749557
   9.360000   -14.821654      0.0      11.762123
   9.370000   -14.129510      0.0      11.774690
   9.380000   -13.318110      0.0      11.787256
   9.389999   -12.401177      0.0      11.799822
   9.400000   -11.393177      0.0      11.812388
   9.410000   -10.309827      0.0      11.824955
   9.420000    -9.166876      0.0      11.837522
   9.429999    -7.980585      0.0      11.850087
   9.440000    -6.767091      0.0      11.862654
   9.450000    -5.542319      0.0      11.875220
   9.460000    -4.321659      0.0      11.887787
   9.469999    -3.119815      0.0      11.900352
   9.480000    -1.950540      0.0      11.912919
   9.490000    -0.826550      0.0      11.925486
   9.500000     0.240714      0.0      11.938052
   9.510000     1.241147      0.0      11.950620
   9.520000     2.166092      0.0      11.963184
   9.530000     3.008380      0.0      11.975751
   9.540000     3.762400      0.0      11.988318
   9.550000     4.424040      0.0      12.000885
   9.559999     4.990713      0.0      12.013451
   9.570000     5.461249      0.0      12.026017
   9.580000     5.835868      0.0      12.038584
   9.590000     6.116051      0.0      12.051150
   9.599999     6.304383      0.0      12.063716
   9.610000     6.404526      0.0      12.076283
   9.620000     6.420925      0.0      12.088849
   9.630000     6.358809      0.0      12.101416
   9.639999     6.223903      0.0      12.113981
   9.650000     6.022378      0.0      12.126548
   9.660000     5.760626      0.0      12.139114
   9.670000     5.445148      0.0      12.151681
   9.679999     5.082407      0.0      12.164247
   9.690000     4.678752      0.0      12.176813
   9.700000     4.240241      0.0      12.189380
   9.710000     3.772617      0.0      12.201946
   9.719999     3.281192      0.0      12.214512
   9.730000     2.770849      0.0      12.227078
   9.740000     2.245972      0.0      12.239645
   9.750000     1.710432      0.0      12.252212
   9.760000     1.167653      0.0      12.264778
   9.770000     0.620556      0.0      12.277344
   9.780000     0.071666      0.0      12.289910
   9.790000    -0.476868      0.0      12.302477
   9.800000    -1.023196      0.0      12.315044
   9.809999    -1.565704      0.0      12.327609
   9.820000    -2.102934      0.0      12.340176
   9.830000    -2.633478      0.0      12.352743
   9.840000    -3.155945      0.0      12.365310
   9.849999    -3.668859      0.0      12.377875
   9.860000    -4.170575      0.0      12.390442
   9.870000    -4.659272      0.0      12.403008
   9.880000    -5.132842      0.0      12.415575
   9.889999    -5.588895      0.0      12.428141
   9.900000    -6.024724      0.0      12.440707
   9.910000    -6.437319      0.0      12.453274
   9.920000    -6.823332      0.0      12.465840
   9.929999    -7.179167      0.0      12.478406
   9.940000    -7.500992      0.0      12.490973
   9.950000    -7.784783      0.0      12.503539
   9.960000    -8.026428      0.0      12.516106
   9.969999    -8.221814      0.0      12.528671
   9.980000    -8.366887      0.0      12.541238
   9.990000    -8.457807      0.0      12.553804
  10.000000    -8.490985      0.0      12.566371
  10.010000    -8.463293      0.0      12.578938
  10.020000    -8.372083      0.0      12.591503
  10.030000    -8.215345      0.0      12.604070
  10.040000    -7.991762      0.0      12.616636
  10.050000    -7.700861      0.0      12.629203
  10.059999    -7.343034      0.0      12.641768
  10.070000    -6.919628      0.0      12.654335
  10.080000    -6.432974      0.0      12.666902
  10.090000    -5.886420      0.0      12.679469
  10.099999    -5.284260      0.0      12.692034
  10.110000    -4.631982      0.0      12.704600
  10.120000    -3.935838      0.0      12.717168
  10.130000    -3.203040      0.0      12.729734
  10.139999    -2.441616      0.0      12.742300
  10.150000    -1.660322      0.0      12.754867
  10.160000    -0.868468      0.0      12.767433
  10.170000    -0.075848      0.0      12.780000
  10.179999     0.707454      0.0      12.792565
  10.190000     1.471210      0.0      12.805132
  10.200000     2.205232      0.0      12.817698
  10.210000     2.899525      0.0      12.830265
  10.219999     3.544483      0.0      12.842831
  10.230000     4.131042      0.0      12.855397
  10.240000     4.650873      0.0      12.867964
  10.250000     5.096502      0.0      12.880530
  10.260000     5.461493      0.0      12.893097
  10.270000     5.740546      0.0      12.905663
  10.280000     5.929635      0.0      12.918229
  10.290000     6.026069      0.0      12.930796
  10.300000     6.028493      0.0      12.943362
  10.309999     5.937201      0.0      12.955928
  10.320000     5.753767      0.0      12.968494
  10.330000     5.481268      0.0      12.981061
  10.340000     5.124202      0.0      12.993628
  10.349999     4.688414      0.0      13.006193
  10.360000     4.181011      0.0      13.018760
  10.370000     3.610251      0.0      13.031326
  10.380000     2.985418      0.0      13.043894
  10.389999     2.316655      0.0      13.056458
  10.400000     1.614829      0.0      13.069026
  10.410000     0.891308      0.0      13.081593
  10.420000     0.157828      0.0      13.094159
  10.429999    -0.573737      0.0      13.106725
  10.440000    -1.291554      0.0      13.119291
  10.450000    -1.984018      0.0      13.131858
  10.460000    -2.639951      0.0      13.144424
  10.469999    -3.248759      0.0      13.156990
  10.480000    -3.800615      0.0      13.169557
  10.490000    -4.286616      0.0      13.182123
  10.500000    -4.698838      0.0      13.194690
  10.510000    -5.030642      0.0      13.207256
  10.520000    -5.276520      0.0      13.219822
  10.530000    -5.432323      0.0      13.232388
  10.540000    -5.495245      0.0      13.244955
  10.550000    -5.463902      0.0      13.257522
  10.559999    -5.338238      0.0      13.270087
  10.570000    -5.119601      0.0      13.282654
  10.580000    -4.810628      0.0      13.295220
  10.590000    -4.415190      0.0      13.307787
  10.599999    -3.938342      0.0      13.320353
  10.610000    -3.386151      0.0      13.332919
  10.620000    -2.765663      0.0      13.345486
  10.630000    -2.084706      0.0      13.358052
  10.639999    -1.351794      0.0      13.370618
  10.650000    -0.575971      0.0      13.383184
  10.660000     0.233342      0.0      13.395751
  10.670000     1.066488      0.0      13.408319
  10.679999     1.913696      0.0      13.420883
  10.690000     2.765263      0.0      13.433451
  10.700000     3.611619      0.0      13.446017
  10.710000     4.443570      0.0      13.458584
  10.719999     5.252282      0.0      13.471149
  10.730000     6.029411      0.0      13.483716
  10.740000     6.767241      0.0      13.496283
  10.750000     7.458697      0.0      13.508849
  10.760000     8.097448      0.0      13.521416
  10.770000     8.677898      0.0      13.533981
  10.780000     9.195271      0.0      13.546548
  10.790000     9.645581      0.0      13.559114
  10.800000    10.025664      0.0      13.571681
  10.809999    10.333114      0.0      13.584247
  10.820000    10.566402      0.0      13.596813
  10.830000    10.724529      0.0      13.609380
  10.840000    10.807591      0.0      13.621946
  10.849999    10.815990      0.0      13.634512
  10.860000    10.750829      0.0      13.647079
  10.870000    10.614004      0.0      13.659645
  10.880000    10.407611      0.0      13.672212
  10.889999    10.134550      0.0      13.684777
  10.900000     9.797763      0.0      13.697344
  10.910000     9.401099      0.0      13.709910
  10.920000     8.948332      0.0      13.722477
  10.929999     8.443662      0.0      13.735043
  10.940000     7.891554      0.0      13.747609
  10.950000     7.296718      0.0      13.760176
  10.960000     6.664060      0.0      13.772743
  10.969999     5.998689      0.0      13.785308
  10.980000     5.305870      0.0      13.797875
  10.990000     4.591012      0.0      13.810442
  11.000000     3.859661      0.0      13.823009
  11.010000     3.117465      0.0      13.835575
  11.020000     2.370162      0.0      13.848141
  11.030000     1.623587      0.0      13.860707
  11.040000     0.883592      0.0      13.873274
  11.050000     0.156092      0.0      13.885840
  11.059999    -0.553021      0.0      13.898406
  11.070000    -1.237882      0.0      13.910973
  11.080000    -1.892726      0.0      13.923539
  11.090000    -2.511868      0.0      13.936106
  11.099999    -3.089814      0.0      13.948671
  11.110000    -3.621346      0.0      13.961238
  11.120000    -4.101465      0.0      13.973804
  11.130000    -4.525563      0.0      13.986371
  11.139999    -4.889440      0.0      13.998937
  11.150000    -5.189402      0.0      14.011503
  11.160000    -5.422297      0.0      14.024070
  11.170000    -5.585607      0.0      14.036636
  11.179999    -5.677512      0.0      14.049202
  11.190000    -5.696936      0.0      14.061769
  11.200000    -5.643626      0.0      14.074335
  11.210000    -5.518161      0.0      14.086902
  11.219999    -5.322041      0.0      14.099467
  11.230000    -5.057646      0.0      14.112034
  11.240000    -4.728314      0.0      14.124600
  11.250000    -4.338251      0.0      14.137168
  11.259999    -3.892615      0.0      14.149733
  11.270000    -3.397414      0.0      14.162300
  11.280000    -2.859454      0.0      14.174867
  11.290000    -2.286291      0.0      14.187433
  11.300000    -1.686146      0.0      14.200000
  11.309999    -1.067829      0.0      14.212565
  11.320000    -0.440545      0.0      14.225132
  11.330000     0.186159      0.0      14.237699
  11.340000     0.802558      0.0      14.250265
  11.349999     1.398894      0.0      14.262831
  11.360000     1.965519      0.0      14.275397
  11.370000     2.493084      0.0      14.287964
  11.380000     2.972654      0.0      14.300530
  11.389999     3.395893      0.0      14.313096
  11.400000     3.755224      0.0      14.325663
  11.410000     4.043931      0.0      14.338229
  11.420000     4.256316      0.0      14.350796
  11.429999     4.387841      0.0      14.363361
  11.440000     4.435180      0.0      14.375928
  11.450000     4.396331      0.0      14.388494
  11.460000     4.270666      0.0      14.401061
  11.469999     4.058983      0.0      14.413627
  11.480000     3.763493      0.0      14.426193
  11.490000     3.387821      0.0      14.438760
  11.500000     2.936962      0.0      14.451326
  11.509999     2.417296      0.0      14.463892
  11.520000     1.836331      0.0      14.476459
  11.530000     1.202752      0.0      14.489026
  11.540000     0.526192      0.0      14.501593
  11.550000    -0.182868      0.0      14.514159
  11.559999    -0.913295      0.0      14.526725
  11.570000    -1.653477      0.0      14.539291
  11.580000    -2.391547      0.0      14.551858
  11.590000    -3.115544      0.0      14.564425
  11.599999    -3.813645      0.0      14.576990
  11.610000    -4.474385      0.0      14.589557
  11.620000    -5.086839      0.0      14.602123
  11.630000    -5.640843      0.0      14.614690
  11.639999    -6.127153      0.0      14.627255
  11.650000    -6.537631      0.0      14.639822
  11.660000    -6.865399      0.0      14.652389
  11.670000    -7.104972      0.0      14.664955
  11.679999    -7.252361      0.0      14.677521
  11.690000    -7.305139      0.0      14.690087
  11.700000    -7.262472      0.0      14.702654
  11.710000    -7.125354      0.0      14.715220
  11.719999    -6.896253      0.0      14.727786
  11.730000    -6.579315      0.0      14.740353
  11.740000    -6.180240      0.0      14.752919
  11.750000    -5.706202      0.0      14.765486
  11.759999    -5.165697      0.0      14.778051
  11.770000    -4.568449      0.0      14.790618
  11.780000    -3.925205      0.0      14.803185
  11.790000    -3.247577      0.0      14.815751
  11.800000    -2.547830      0.0      14.828319
  11.809999    -1.838667      0.0      14.840883
  11.820000    -1.133032      0.0      14.853451
  11.830000    -0.443846      0.0      14.866017
  11.840000     0.216163      0.0      14.878584
  11.849999     0.834724      0.0      14.891150
  11.860000     1.400220      0.0      14.903716
  11.870000     1.901890      0.0      14.916283
  11.880000     2.330018      0.0      14.928849
  11.889999     2.676086      0.0      14.941415
  11.900000     2.932914      0.0      14.953981
  11.910000     3.094894      0.0      14.966548
  11.920000     3.157893      0.0      14.979115
  11.929999     3.119464      0.0      14.991680
  11.940000     2.978866      0.0      15.004247
  11.950000     2.737039      0.0      15.016813
  11.960000     2.396632      0.0      15.029380
  11.969999     1.961922      0.0      15.041945
  11.980000     1.438776      0.0      15.054512
  11.990000     0.834553      0.0      15.067079
  12.000000     0.157949      0.0      15.079645
  12.009999    -0.581106      0.0      15.092211
  12.020000    -1.371622      0.0      15.104777
  12.030000    -2.201737      0.0      15.117344
  12.040000    -3.058879      0.0      15.129910
  12.050000    -3.929985      0.0      15.142477
  12.059999    -4.801700      0.0      15.155043
  12.070000    -5.660603      0.0      15.167609
  12.080000    -6.493380      0.0      15.180176
  12.090000    -7.287037      0.0      15.192743
  12.099999    -8.029063      0.0      15.205308
  12.110000    -8.707824      0.0      15.217875
  12.120000    -9.312392      0.0      15.230442
  12.130000    -9.832942      0.0      15.243009
  12.139999   -10.260820      0.0      15.255574
  12.150000   -10.588659      0.0      15.268141
  12.160000   -10.810653      0.0      15.280707
  12.170000   -10.922100      0.0      15.293274
  12.179999   -10.920305      0.0      15.305840
  12.190000   -10.803669      0.0      15.318406
  12.200000   -10.572689      0.0      15.330973
  12.210000   -10.228967      0.0      15.343539
  12.219999    -9.775797      0.0      15.356105
  12.230000    -9.218081      0.0      15.368671
  12.240000    -8.561963      0.0      15.381238
  12.250000    -7.814951      0.0      15.393805
  12.259999    -6.985748      0.0      15.406370
  12.270000    -6.084111      0.0      15.418937
  12.280000    -5.120745      0.0      15.431503
  12.290000    -4.107152      0.0      15.444070
  12.300000    -3.055423      0.0      15.456636
  12.309999    -1.978189      0.0      15.469202
  12.320000    -0.888318      0.0      15.481769
  12.330000     0.201187      0.0      15.494335
  12.340000     1.277355      0.0      15.506902
  12.349999     2.327416      0.0      15.519467
  12.360000     3.338967      0.0      15.532034
  12.370000     4.300165      0.0      15.544601
  12.380000     5.199795      0.0      15.557168
  12.389999     6.027510      0.0      15.569733
  12.400000     6.773857      0.0      15.582300
  12.410000     7.430511      0.0      15.594867
  12.420000     7.990253      0.0      15.607433
  12.429999     8.447177      0.0      15.619999
  12.440000     8.796675      0.0      15.632565
  12.450000     9.035569      0.0      15.645132
  12.460000     9.162070      0.0      15.657699
  12.469999     9.175906      0.0      15.670264
  12.480000     9.078238      0.0      15.682831
  12.490000     8.871716      0.0      15.695397
  12.500000     8.560327      0.0      15.707964
  12.509999     8.149686      0.0      15.720530
  12.520000     7.646515      0.0      15.733096
  12.530000     7.058865      0.0      15.745663
  12.540000     6.395962      0.0      15.758229
  12.550000     5.668041      0.0      15.770796
  12.559999     4.886308      0.0      15.783361
  12.570000     4.062745      0.0      15.795928
  12.580000     3.209965      0.0      15.808495
  12.590000     2.341083      0.0      15.821061
  12.599999     1.469522      0.0      15.833627
  12.610000     0.608851      0.0      15.846193
  12.620000    -0.227409      0.0      15.858760
  12.630000    -1.025946      0.0      15.871326
  12.639999    -1.773862      0.0      15.883892
  12.650000    -2.458830      0.0      15.896459
  12.660000    -3.069286      0.0      15.909026
  12.670000    -3.594625      0.0      15.921593
  12.679999    -4.025301      0.0      15.934157
  12.690000    -4.353029      0.0      15.946725
  12.700000    -4.570856      0.0      15.959291
  12.710000    -4.673466      0.0      15.971858
  12.719999    -4.656986      0.0      15.984424
  12.730000    -4.519288      0.0      15.996990
  12.740000    -4.259980      0.0      16.009556
  12.750000    -3.880413      0.0      16.022123
  12.759999    -3.383725      0.0      16.034689
  12.770000    -2.774823      0.0      16.047255
  12.780000    -2.060303      0.0      16.059822
  12.790000    -1.248402      0.0      16.072390
  12.799999    -0.348902      0.0      16.084953
  12.809999     0.627010      0.0      16.097521
  12.820000     1.666874      0.0      16.110088
  12.830000     2.757158      0.0      16.122654
  12.840000     3.883385      0.0      16.135221
  12.849999     5.030433      0.0      16.147787
  12.860000     6.182689      0.0      16.160353
  12.870000     7.324311      0.0      16.172920
  12.880000     8.439467      0.0      16.185486
  12.889999     9.512585      0.0      16.198051
  12.900000    10.528471      0.0      16.210619
  12.910000    11.473097      0.0      16.223185
  12.920000    12.332866      0.0      16.235752
  12.929999    13.095786      0.0      16.248318
  12.940000    13.751062      0.0      16.260883
  12.950000    14.289494      0.0      16.273451
  12.960000    14.703691      0.0      16.286016
  12.969999    14.988054      0.0      16.298582
  12.980000    15.139084      0.0      16.311150
  12.990000    15.155181      0.0      16.323715
  13.000000    15.036747      0.0      16.336283
  13.009999    14.786379      0.0      16.348848
  13.020000    14.408674      0.0      16.361414
  13.030000    13.910028      0.0      16.373981
  13.040000    13.298740      0.0      16.386547
  13.049999    12.584702      0.0      16.399113
  13.059999    11.779410      0.0      16.411680
  13.070000    10.895357      0.0      16.424246
  13.080000     9.946424      0.0      16.436813
  13.090000     8.947027      0.0      16.449381
  13.099999     7.912116      0.0      16.461945
  13.110000     6.857032      0.0      16.474512
  13.120000     5.796901      0.0      16.487080
  13.130000     4.746533      0.0      16.499645
  13.139999     3.720143      0.0      16.512211
  13.150000     2.731043      0.0      16.524778
  13.160000     1.791387      0.0      16.537344
  13.170000     0.911994      0.0      16.549911
  13.179999     0.102073      0.0      16.562477
  13.190000    -0.630898      0.0      16.575043
  13.200000    -1.281326      0.0      16.587610
  13.210000    -1.845594      0.0      16.600176
  13.219999    -2.322115      0.0      16.612741
  13.230000    -2.711361      0.0      16.625309
  13.240000    -3.015820      0.0      16.637875
  13.250000    -3.239918      0.0      16.650442
  13.259999    -3.389935      0.0      16.663008
  13.270000    -3.473794      0.0      16.675573
  13.280000    -3.500932      0.0      16.688141
  13.290000    -3.482043      0.0      16.700706
  13.299999    -3.428795      0.0      16.713272
  13.309999    -3.353664      0.0      16.725840
  13.320000    -3.269488      0.0      16.738405
  13.330000    -3.189250      0.0      16.750973
  13.340000    -3.125743      0.0      16.763538
  13.349999    -3.091271      0.0      16.776104
  13.360000    -3.097300      0.0      16.788671
  13.370000    -3.154212      0.0      16.801239
  13.380000    -3.271035      0.0      16.813805
  13.389999    -3.455173      0.0      16.826370
  13.400000    -3.712205      0.0      16.838938
  13.410000    -4.045709      0.0      16.851503
  13.420000    -4.457155      0.0      16.864071
  13.429999    -4.945791      0.0      16.876637
  13.440000    -5.508641      0.0      16.889202
  13.450000    -6.140457      0.0      16.901770
  13.460000    -6.833863      0.0      16.914335
  13.469999    -7.579402      0.0      16.926901
  13.480000    -8.365722      0.0      16.939468
  13.490000    -9.179778      0.0      16.952034
  13.500000   -10.007037      0.0      16.964602
  13.509999   -10.831923      0.0      16.977167
  13.520000   -11.637919      0.0      16.989733
  13.530000   -12.408035      0.0      17.002300
  13.540000   -13.124979      0.0      17.014866
  13.549999   -13.772056      0.0      17.027431
  13.559999   -14.332680      0.0      17.039999
  13.570000   -14.791653      0.0      17.052565
  13.580000   -15.134687      0.0      17.065132
  13.590000   -15.349484      0.0      17.077698
  13.599999   -15.425451      0.0      17.090263
  13.610000   -15.354393      0.0      17.102831
  13.620000   -15.130512      0.0      17.115396
  13.630000   -14.750607      0.0      17.127964
  13.639999   -14.214181      0.0      17.140530
  13.650000   -13.523732      0.0      17.153095
  13.660000   -12.684557      0.0      17.165663
  13.670000   -11.704851      0.0      17.178230
  13.679999   -10.595508      0.0      17.190794
  13.690000    -9.369894      0.0      17.203362
  13.700000    -8.043920      0.0      17.215929
  13.710000    -6.635665      0.0      17.228495
  13.719999    -5.164891      0.0      17.241060
  13.730000    -3.652896      0.0      17.253628
  13.740000    -2.122079      0.0      17.266193
  13.750000    -0.595532      0.0      17.278761
  13.759999     0.903371      0.0      17.291327
  13.770000     2.351426      0.0      17.303892
  13.780000     3.726036      0.0      17.316460
  13.790000     5.005644      0.0      17.329025
  13.799999     6.170111      0.0      17.341591
  13.809999     7.201165      0.0      17.354158
  13.820000     8.082736      0.0      17.366724
  13.830000     8.801250      0.0      17.379292
  13.840000     9.345929      0.0      17.391857
  13.849999     9.709010      0.0      17.404423
  13.860000     9.885905      0.0      17.416990
  13.870000     9.875295      0.0      17.429556
  13.880000     9.679187      0.0      17.442123
  13.889999     9.302867      0.0      17.454689
  13.900000     8.754772      0.0      17.467255
  13.910000     8.046582      0.0      17.479822
  13.920000     7.192616      0.0      17.492390
  13.929999     6.209865      0.0      17.504953
  13.940000     5.117548      0.0      17.517521
  13.950000     3.936806      0.0      17.530088
  13.960000     2.690285      0.0      17.542654
  13.969999     1.401704      0.0      17.555220
  13.980000     0.095432      0.0      17.567787
  13.990000    -1.204005      0.0      17.580353
  14.000000    -2.472348      0.0      17.592920
  14.009999    -3.686100      0.0      17.605486
  14.020000    -4.822900      0.0      17.618052
  14.030000    -5.862022      0.0      17.630619
  14.040000    -6.784662      0.0      17.643185
  14.049999    -7.574369      0.0      17.655750
  14.059999    -8.217259      0.0      17.668318
  14.070000    -8.702311      0.0      17.680883
  14.080000    -9.021534      0.0      17.693451
  14.090000    -9.170054      0.0      17.706017
  14.099999    -9.146184      0.0      17.718582
  14.110000    -8.951594      0.0      17.731150
  14.120000    -8.590940      0.0      17.743715
  14.130000    -8.071916      0.0      17.756283
  14.139999    -7.405064      0.0      17.768848
  14.150000    -6.603501      0.0      17.781414
  14.160000    -5.682638      0.0      17.793982
  14.170000    -4.659844      0.0      17.806547
  14.179999    -3.554132      0.0      17.819113
  14.190000    -2.385661      0.0      17.831680
  14.200000    -1.175430      0.0      17.844246
  14.210000     0.055193      0.0      17.856813
  14.219999     1.284895      0.0      17.869379
  14.230000     2.492821      0.0      17.881945
  14.240000     3.658967      0.0      17.894512
  14.250000     4.764575      0.0      17.907080
  14.259999     5.792442      0.0      17.919643
  14.270000     6.727277      0.0      17.932211
  14.280000     7.555916      0.0      17.944778
  14.290000     8.267513      0.0      17.957344
  14.299999     8.853731      0.0      17.969910
  14.309999     9.308966      0.0      17.982477
  14.320000     9.630136      0.0      17.995043
  14.330000     9.816834      0.0      18.007610
  14.340000     9.871252      0.0      18.020176
  14.349999     9.798022      0.0      18.032742
  14.360000     9.604072      0.0      18.045309
  14.370000     9.298399      0.0      18.057875
  14.380000     8.891817      0.0      18.070442
  14.389999     8.396660      0.0      18.083008
  14.400000     7.826499      0.0      18.095573
  14.410000     7.195758      0.0      18.108141
  14.420000     6.519390      0.0      18.120707
  14.429999     5.812547      0.0      18.133272
  14.440000     5.090220      0.0      18.145840
  14.450000     4.366894      0.0      18.158405
  14.460000     3.656261      0.0      18.170973
  14.469999     2.970905      0.0      18.183538
  14.480000     2.322090      0.0      18.196104
  14.490000     1.719482      0.0      18.208672
  14.500000     1.171038      0.0      18.221239
  14.509999     0.682872      0.0      18.233803
  14.520000     0.259118      0.0      18.246370
  14.530000    -0.098044      0.0      18.258938
  14.540000    -0.388393      0.0      18.271503
  14.549999    -0.613593      0.0      18.284069
  14.559999    -0.777087      0.0      18.296637
  14.570000    -0.883943      0.0      18.309202
  14.580000    -0.940663      0.0      18.321770
  14.589999    -0.954955      0.0      18.334335
  14.599999    -0.935488      0.0      18.346901
  14.610000    -0.891614      0.0      18.359468
  14.620000    -0.833088      0.0      18.372034
  14.630000    -0.769771      0.0      18.384602
  14.639999    -0.711342      0.0      18.397167
  14.650000    -0.667012      0.0      18.409733
  14.660000    -0.645253      0.0      18.422300
  14.670000    -0.653555      0.0      18.434866
  14.679999    -0.698196      0.0      18.447432
  14.690000    -0.784061      0.0      18.459999
  14.700000    -0.914477      0.0      18.472565
  14.710000    -1.091129      0.0      18.485132
  14.719999    -1.313946      0.0      18.497698
  14.730000    -1.581132      0.0      18.510263
  14.740000    -1.889127      0.0      18.522831
  14.750000    -2.232725      0.0      18.535397
  14.759999    -2.605138      0.0      18.547962
  14.770000    -2.998191      0.0      18.560530
  14.780000    -3.402449      0.0      18.573095
  14.790000    -3.807506      0.0      18.585663
  14.799999    -4.202169      0.0      18.598228
  14.809999    -4.574754      0.0      18.610794
  14.820000    -4.913365      0.0      18.623362
  14.830000    -5.206190      0.0      18.635929
  14.839999    -5.441764      0.0      18.648495
  14.849999    -5.609302      0.0      18.661060
  14.860000    -5.698939      0.0      18.673628
  14.870000    -5.702020      0.0      18.686193
  14.880000    -5.611287      0.0      18.698761
  14.889999    -5.421143      0.0      18.711327
  14.900000    -5.127717      0.0      18.723892
  14.910000    -4.729220      0.0      18.736460
  14.920000    -4.225726      0.0      18.749025
  14.929999    -3.619453      0.0      18.761591
  14.940000    -2.914660      0.0      18.774158
  14.950000    -2.117633      0.0      18.786724
  14.960000    -1.236607      0.0      18.799292
  14.969999    -0.281592      0.0      18.811857
  14.980000     0.735737      0.0      18.824423
  14.990000     1.802294      0.0      18.836990
  15.000000     2.903792      0.0      18.849556
  15.009999     4.025010      0.0      18.862122
  15.020000     5.150106      0.0      18.874689
  15.030000     6.262860      0.0      18.887255
  15.040000     7.347030      0.0      18.899822
  15.049999     8.386621      0.0      18.912388
  15.059999     9.366244      0.0      18.924953
  15.070000    10.271264      0.0      18.937521
  15.080000    11.088460      0.0      18.950089
  15.089999    11.805505      0.0      18.962652
  15.099999    12.412024      0.0      18.975220
  15.110000    12.899482      0.0      18.987787
  15.120000    13.261105      0.0      19.000353
  15.130000    13.492192      0.0      19.012920
  15.139999    13.590146      0.0      19.025486
  15.150000    13.554570      0.0      19.038052
  15.160000    13.387259      0.0      19.050619
  15.170000    13.091812      0.0      19.063185
  15.179999    12.674125      0.0      19.075750
  15.190000    12.141796      0.0      19.088318
  15.200000    11.503922      0.0      19.100883
  15.210000    10.771294      0.0      19.113451
  15.219999     9.955806      0.0      19.126017
  15.230000     9.070403      0.0      19.138582
  15.240000     8.128728      0.0      19.151150
  15.250000     7.144863      0.0      19.163715
  15.259999     6.133081      0.0      19.176281
  15.270000     5.107566      0.0      19.188848
  15.280000     4.082150      0.0      19.201414
  15.290000     3.070057      0.0      19.213982
  15.299999     2.083647      0.0      19.226547
  15.309999     1.134307      0.0      19.239113
  15.320000     0.232154      0.0      19.251680
  15.330000    -0.614052      0.0      19.264246
  15.339999    -1.397025      0.0      19.276812
  15.349999    -2.111056      0.0      19.289379
  15.360000    -2.752034      0.0      19.301945
  15.370000    -3.317441      0.0      19.314512
  15.380000    -3.806396      0.0      19.327080
  15.389999    -4.219499      0.0      19.339645
  15.400000    -4.558840      0.0      19.352211
  15.410000    -4.827777      0.0      19.364779
  15.420000    -5.030897      0.0      19.377344
  15.429999    -5.173767      0.0      19.389910
  15.440000    -5.262804      0.0      19.402477
  15.450000    -5.305074      0.0      19.415043
  15.460000    -5.308084      0.0      19.427610
  15.469999    -5.279580      0.0      19.440176
  15.480000    -5.227377      0.0      19.452742
  15.490000    -5.159143      0.0      19.465309
  15.500000    -5.082181      0.0      19.477875
  15.509999    -5.003442      0.0      19.490440
  15.520000    -4.929142      0.0      19.503008
  15.530000    -4.864776      0.0      19.515574
  15.540000    -4.815022      0.0      19.528141
  15.549999    -4.783649      0.0      19.540707
  15.559999    -4.773446      0.0      19.553272
  15.570000    -4.786252      0.0      19.565840
  15.580000    -4.822934      0.0      19.578405
  15.589999    -4.883425      0.0      19.590971
  15.599999    -4.966795      0.0      19.603539
  15.610000    -5.071315      0.0      19.616104
  15.620000    -5.194554      0.0      19.628672
  15.630000    -5.333486      0.0      19.641239
  15.639999    -5.484632      0.0      19.653803
  15.650000    -5.644164      0.0      19.666370
  15.660000    -5.808074      0.0      19.678938
  15.670000    -5.972263      0.0      19.691504
  15.679999    -6.132714      0.0      19.704069
  15.690000    -6.285611      0.0      19.716637
  15.700000    -6.427361      0.0      19.729202
  15.710000    -6.554929      0.0      19.741770
  15.719999    -6.665625      0.0      19.754335
  15.730000    -6.757350      0.0      19.766901
  15.740000    -6.828617      0.0      19.779469
  15.750000    -6.878524      0.0      19.792034
  15.759999    -6.906832      0.0      19.804600
  15.770000    -6.913870      0.0      19.817167
  15.780000    -6.900579      0.0      19.829733
  15.790000    -6.868368      0.0      19.842300
  15.799999    -6.819114      0.0      19.854866
  15.809999    -6.755069      0.0      19.867432
  15.820000    -6.678709      0.0      19.879999
  15.830000    -6.592685      0.0      19.892565
  15.839999    -6.499693      0.0      19.905130
  15.849999    -6.402364      0.0      19.917698
  15.860000    -6.303136      0.0      19.930264
  15.870000    -6.204188      0.0      19.942831
  15.880000    -6.107298      0.0      19.955397
  15.889999    -6.013816      0.0      19.967962
  15.900000    -5.924496      0.0      19.980530
  15.910000    -5.839620      0.0      19.993095
  15.920000    -5.758753      0.0      20.005663
  15.929999    -5.680854      0.0      20.018229
  15.940000    -5.604254      0.0      20.030794
  15.950000    -5.526675      0.0      20.043362
  15.960000    -5.445308      0.0      20.055929
  15.969999    -5.356834      0.0      20.068495
  15.980000    -5.257526      0.0      20.081060
  15.990000    -5.143364      0.0      20.093628
  16.000000    -5.010144      0.0      20.106194
  16.010000    -4.853583      0.0      20.118761
  16.020000    -4.669488      0.0      20.131327
  16.029999    -4.453836      0.0      20.143892
  16.039999    -4.202974      0.0      20.156458
  16.049999    -3.913710      0.0      20.169025
  16.059999    -3.583446      0.0      20.181591
  16.070000    -3.210315      0.0      20.194159
  16.080000    -2.793254      0.0      20.206724
  16.090000    -2.332085      0.0      20.219292
  16.100000    -1.827616      0.0      20.231857
  16.109999    -1.281653      0.0      20.244423
  16.119999    -0.697020      0.0      20.256989
  16.129999    -0.077550      0.0      20.269556
  16.139999     0.571934      0.0      20.282122
  16.150000     1.245682      0.0      20.294689
  16.160000     1.937104      0.0      20.307255
  16.170000     2.638872      0.0      20.319822
  16.180000     3.343029      0.0      20.332390
  16.190001     4.041179      0.0      20.344955
  16.199999     4.724607      0.0      20.357519
  16.209999     5.384437      0.0      20.370087
  16.219999     6.011884      0.0      20.382652
  16.230000     6.598361      0.0      20.395220
  16.240000     7.135705      0.0      20.407787
  16.250000     7.616346      0.0      20.420353
  16.260000     8.033489      0.0      20.432920
  16.270000     8.381260      0.0      20.445486
  16.279999     8.654843      0.0      20.458050
  16.289999     8.850629      0.0      20.470617
  16.299999     8.966238      0.0      20.483185
  16.309999     9.000794      0.0      20.495750
  16.320000     8.954700      0.0      20.508318
  16.330000     8.829786      0.0      20.520884
  16.340000     8.629299      0.0      20.533451
  16.350000     8.357869      0.0      20.546017
  16.359999     8.021370      0.0      20.558582
  16.369999     7.626842      0.0      20.571148
  16.379999     7.182397      0.0      20.583715
  16.389999     6.697014      0.0      20.596281
  16.400000     6.180366      0.0      20.608849
  16.410000     5.642668      0.0      20.621414
  16.420000     5.094424      0.0      20.633982
  16.430000     4.546221      0.0      20.646547
  16.440001     4.008552      0.0      20.659115
  16.449999     3.491531      0.0      20.671679
  16.459999     3.004726      0.0      20.684246
  16.469999     2.556961      0.0      20.696812
  16.480000     2.156102      0.0      20.709379
  16.490000     1.808897      0.0      20.721945
  16.500000     1.520851      0.0      20.734512
  16.510000     1.296116      0.0      20.747080
  16.520000     1.137346      0.0      20.759645
  16.529999     1.045712      0.0      20.772209
  16.539999     1.020815      0.0      20.784777
  16.549999     1.060766      0.0      20.797344
  16.559999     1.162155      0.0      20.809910
  16.570000     1.320176      0.0      20.822477
  16.580000     1.528731      0.0      20.835043
  16.590000     1.780535      0.0      20.847610
  16.600000     2.067322      0.0      20.860176
  16.609999     2.379975      0.0      20.872742
  16.619999     2.708781      0.0      20.885307
  16.629999     3.043614      0.0      20.897875
  16.639999     3.374159      0.0      20.910440
  16.650000     3.690172      0.0      20.923008
  16.660000     3.981667      0.0      20.935574
  16.670000     4.239170      0.0      20.948141
  16.680000     4.453934      0.0      20.960707
  16.690001     4.618073      0.0      20.973274
  16.699999     4.724812      0.0      20.985838
  16.709999     4.768661      0.0      20.998405
  16.719999     4.745425      0.0      21.010971
  16.730000     4.652373      0.0      21.023539
  16.740000     4.488297      0.0      21.036104
  16.750000     4.253548      0.0      21.048672
  16.760000     3.950011      0.0      21.061239
  16.770000     3.581068      0.0      21.073805
  16.779999     3.151545      0.0      21.086369
  16.789999     2.667579      0.0      21.098936
  16.799999     2.136517      0.0      21.111502
  16.809999     1.566724      0.0      21.124069
  16.820000     0.967459      0.0      21.136637
  16.830000     0.348597      0.0      21.149202
  16.840000    -0.279519      0.0      21.161770
  16.850000    -0.906327      0.0      21.174335
  16.859999    -1.521268      0.0      21.186899
  16.869999    -2.114022      0.0      21.199467
  16.879999    -2.674693      0.0      21.212034
  16.889999    -3.194044      0.0      21.224600
  16.900000    -3.663699      0.0      21.237167
  16.910000    -4.076302      0.0      21.249733
  16.920000    -4.425666      0.0      21.262300
  16.930000    -4.706876      0.0      21.274866
  16.940001    -4.916422      0.0      21.287434
  16.949999    -5.052215      0.0      21.299997
  16.959999    -5.113685      0.0      21.312565
  16.969999    -5.101673      0.0      21.325130
  16.980000    -5.018516      0.0      21.337698
  16.990000    -4.867873      0.0      21.350264
  17.000000    -4.654703      0.0      21.362831
  17.010000    -4.385069      0.0      21.375397
  17.020000    -4.066051      0.0      21.387964
  17.029999    -3.705562      0.0      21.400528
  17.039999    -3.312120      0.0      21.413095
  17.049999    -2.894690      0.0      21.425661
  17.059999    -2.462447      0.0      21.438229
  17.070000    -2.024597      0.0      21.450794
  17.080000    -1.590145      0.0      21.463362
  17.090000    -1.167677      0.0      21.475929
  17.100000    -0.765219      0.0      21.488495
  17.109999    -0.390026      0.0      21.501059
  17.119999    -0.048424      0.0      21.513626
  17.129999     0.254303      0.0      21.526194
  17.139999     0.514025      0.0      21.538759
  17.150000     0.727841      0.0      21.551327
  17.160000     0.894128      0.0      21.563892
  17.170000     1.012550      0.0      21.576460
  17.180000     1.084055      0.0      21.589025
  17.190001     1.110792      0.0      21.601593
  17.199999     1.096089      0.0      21.614157
  17.209999     1.044306      0.0      21.626724
  17.219999     0.960698      0.0      21.639290
  17.230000     0.851307      0.0      21.651857
  17.240000     0.722756      0.0      21.664423
  17.250000     0.582074      0.0      21.676991
  17.260000     0.436506      0.0      21.689556
  17.270000     0.293313      0.0      21.702124
  17.279999     0.159570      0.0      21.714687
  17.289999     0.041977      0.0      21.727255
  17.299999    -0.053327      0.0      21.739820
  17.309999    -0.120937      0.0      21.752388
  17.320000    -0.156330      0.0      21.764954
  17.330000    -0.155999      0.0      21.777521
  17.340000    -0.117561      0.0      21.790089
  17.350000    -0.039827      0.0      21.802654
  17.359999     0.077142      0.0      21.815218
  17.369999     0.232019      0.0      21.827785
  17.379999     0.422227      0.0      21.840351
  17.389999     0.643980      0.0      21.852919
  17.400000     0.892368      0.0      21.865486
  17.410000     1.161447      0.0      21.878052
  17.420000     1.444385      0.0      21.890619
  17.430000     1.733621      0.0      21.903185
  17.440001     2.020987      0.0      21.915752
  17.449999     2.298009      0.0      21.928316
  17.459999     2.555980      0.0      21.940884
  17.469999     2.786276      0.0      21.953449
  17.480000     2.980510      0.0      21.966017
  17.490000     3.130765      0.0      21.978582
  17.500000     3.229768      0.0      21.991150
  17.510000     3.271178      0.0      22.003716
  17.520000     3.249601      0.0      22.016283
  17.529999     3.160896      0.0      22.028847
  17.539999     3.002177      0.0      22.041414
  17.549999     2.772043      0.0      22.053980
  17.559999     2.470516      0.0      22.066547
  17.570000     2.099204      0.0      22.079113
  17.580000     1.661205      0.0      22.091681
  17.590000     1.161126      0.0      22.104246
  17.600000     0.605047      0.0      22.116814
  17.609999     0.000353      0.0      22.129377
  17.619999    -0.644329      0.0      22.141945
  17.629999    -1.319308      0.0      22.154510
  17.639999    -2.014020      0.0      22.167078
  17.650000    -2.717209      0.0      22.179646
  17.660000    -3.417139      0.0      22.192211
  17.670000    -4.101858      0.0      22.204779
  17.680000    -4.759430      0.0      22.217344
  17.690001    -5.378142      0.0      22.229912
  17.699999    -5.946756      0.0      22.242476
  17.709999    -6.454851      0.0      22.255043
  17.719999    -6.892851      0.0      22.267609
  17.730000    -7.252353      0.0      22.280176
  17.740000    -7.526307      0.0      22.292742
  17.750000    -7.709116      0.0      22.305309
  17.760000    -7.796845      0.0      22.317875
  17.770000    -7.787202      0.0      22.330442
  17.779999    -7.679738      0.0      22.343006
  17.789999    -7.475742      0.0      22.355574
  17.799999    -7.178324      0.0      22.368139
  17.809999    -6.792331      0.0      22.380707
  17.820000    -6.324247      0.0      22.393272
  17.830000    -5.782120      0.0      22.405840
  17.840000    -5.175386      0.0      22.418406
  17.850000    -4.514699      0.0      22.430973
  17.859999    -3.811701      0.0      22.443537
  17.869999    -3.078879      0.0      22.456104
  17.879999    -2.329225      0.0      22.468670
  17.889999    -1.576052      0.0      22.481237
  17.900000    -0.832703      0.0      22.493803
  17.910000    -0.112319      0.0      22.506371
  17.920000     0.572454      0.0      22.518938
  17.930000     1.209690      0.0      22.531504
  17.940001     1.788409      0.0      22.544071
  17.949999     2.298802      0.0      22.556635
  17.959999     2.732444      0.0      22.569201
  17.969999     3.082419      0.0      22.581768
  17.980000     3.343479      0.0      22.594336
  17.990000     3.512125      0.0      22.606901
  18.000000     3.586728      0.0      22.619469
  18.010000     3.567469      0.0      22.632034
  18.020000     3.456416      0.0      22.644602
  18.029999     3.257437      0.0      22.657166
  18.039999     2.976128      0.0      22.669733
  18.049999     2.619708      0.0      22.682299
  18.059999     2.196880      0.0      22.694866
  18.070000     1.717621      0.0      22.707432
  18.080000     1.193023      0.0      22.719999
  18.090000     0.635050      0.0      22.732565
  18.100000     0.056317      0.0      22.745132
  18.109999    -0.530171      0.0      22.757696
  18.119999    -1.111279      0.0      22.770264
  18.129999    -1.673996      0.0      22.782829
  18.139999    -2.205678      0.0      22.795397
  18.150000    -2.694313      0.0      22.807962
  18.160000    -3.128755      0.0      22.820530
  18.170000    -3.498930      0.0      22.833096
  18.180000    -3.796021      0.0      22.845663
  18.190001    -4.012673      0.0      22.858231
  18.199999    -4.143099      0.0      22.870794
  18.209999    -4.183219      0.0      22.883360
  18.219999    -4.130707      0.0      22.895927
  18.230000    -3.985052      0.0      22.908495
  18.240000    -3.747552      0.0      22.921061
  18.250000    -3.421316      0.0      22.933628
  18.260000    -3.011163      0.0      22.946194
  18.270000    -2.523537      0.0      22.958761
  18.279999    -1.966406      0.0      22.971325
  18.289999    -1.349076      0.0      22.983892
  18.299999    -0.682032      0.0      22.996458
  18.309999     0.023271      0.0      23.009026
  18.320000     0.754636      0.0      23.021591
  18.330000     1.499334      0.0      23.034159
  18.340000     2.244359      0.0      23.046724
  18.350000     2.976671      0.0      23.059292
  18.359999     3.683406      0.0      23.071856
  18.369999     4.352180      0.0      23.084423
  18.379999     4.971260      0.0      23.096989
  18.389999     5.529791      0.0      23.109556
  18.400000     6.017987      0.0      23.122122
  18.410000     6.427333      0.0      23.134689
  18.420000     6.750703      0.0      23.147255
  18.430000     6.982479      0.0      23.159822
  18.440001     7.118683      0.0      23.172390
  18.449999     7.156985      0.0      23.184954
  18.459999     7.096786      0.0      23.197519
  18.469999     6.939167      0.0      23.210087
  18.480000     6.686915      0.0      23.222652
  18.490000     6.344388      0.0      23.235220
  18.500000     5.917462      0.0      23.247787
  18.510000     5.413507      0.0      23.260353
  18.520000     4.841048      0.0      23.272921
  18.529999     4.209727      0.0      23.285484
  18.539999     3.530141      0.0      23.298050
  18.549999     2.813563      0.0      23.310617
  18.559999     2.071817      0.0      23.323185
  18.570000     1.316997      0.0      23.335751
  18.580000     0.561315      0.0      23.348318
  18.590000    -0.183170      0.0      23.360884
  18.600000    -0.904718      0.0      23.373451
  18.609999    -1.592131      0.0      23.386015
  18.619999    -2.234929      0.0      23.398582
  18.629999    -2.823514      0.0      23.411148
  18.639999    -3.349361      0.0      23.423716
  18.650000    -3.805104      0.0      23.436281
  18.660000    -4.184645      0.0      23.448849
  18.670000    -4.483296      0.0      23.461414
  18.680000    -4.697760      0.0      23.473982
  18.690001    -4.826227      0.0      23.486547
  18.699999    -4.868311      0.0      23.499113
  18.709999    -4.825145      0.0      23.511679
  18.719999    -4.699199      0.0      23.524246
  18.730000    -4.494304      0.0      23.536812
  18.740000    -4.215516      0.0      23.549379
  18.750000    -3.869021      0.0      23.561945
  18.760000    -3.462008      0.0      23.574512
  18.770000    -3.002530      0.0      23.587080
  18.779999    -2.499323      0.0      23.599644
  18.789999    -1.961674      0.0      23.612209
  18.799999    -1.399237      0.0      23.624777
  18.809999    -0.821832      0.0      23.637344
  18.820000    -0.239321      0.0      23.649910
  18.830000     0.338599      0.0      23.662477
  18.840000     0.902547      0.0      23.675043
  18.850000     1.443607      0.0      23.687611
  18.859999     1.953482      0.0      23.700174
  18.869999     2.424616      0.0      23.712742
  18.879999     2.850314      0.0      23.725307
  18.889999     3.224808      0.0      23.737875
  18.900000     3.543371      0.0      23.750441
  18.910000     3.802391      0.0      23.763008
  18.920000     3.999332      0.0      23.775574
  18.930000     4.132807      0.0      23.788141
  18.939999     4.202562      0.0      23.800705
  18.949999     4.209460      0.0      23.813272
  18.959999     4.155418      0.0      23.825838
  18.969999     4.043365      0.0      23.838406
  18.980000     3.877151      0.0      23.850971
  18.990000     3.661480      0.0      23.863539
  19.000000     3.401771      0.0      23.876104
  19.010000     3.104081      0.0      23.888672
  19.020000     2.774968      0.0      23.901239
  19.029999     2.421336      0.0      23.913803
  19.039999     2.050362      0.0      23.926369
  19.049999     1.669314      0.0      23.938936
  19.059999     1.285446      0.0      23.951502
  19.070000     0.905853      0.0      23.964069
  19.080000     0.537364      0.0      23.976637
  19.090000     0.186421      0.0      23.989202
  19.100000    -0.141027      0.0      24.001770
  19.109999    -0.439611      0.0      24.014334
  19.119999    -0.704639      0.0      24.026901
  19.129999    -0.932145      0.0      24.039467
  19.139999    -1.118956      0.0      24.052034
  19.150000    -1.262734      0.0      24.064600
  19.160000    -1.361975      0.0      24.077168
  19.170000    -1.416048      0.0      24.089733
  19.180000    -1.425173      0.0      24.102301
  19.189999    -1.390401      0.0      24.114864
  19.199999    -1.313570      0.0      24.127432
  19.209999    -1.197259      0.0      24.139997
  19.219999    -1.044746      0.0      24.152565
  19.230000    -0.859910      0.0      24.165131
  19.240000    -0.647154      0.0      24.177698
  19.250000    -0.411327      0.0      24.190264
  19.260000    -0.157617      0.0      24.202831
  19.270000     0.108544      0.0      24.215397
  19.279999     0.381585      0.0      24.227962
  19.289999     0.655902      0.0      24.240528
  19.299999     0.925952      0.0      24.253096
  19.309999     1.186371      0.0      24.265661
  19.320000     1.432058      0.0      24.278229
  19.330000     1.658254      0.0      24.290796
  19.340000     1.860663      0.0      24.303362
  19.350000     2.035455      0.0      24.315929
  19.359999     2.179433      0.0      24.328493
  19.369999     2.289978      0.0      24.341059
  19.379999     2.365181      0.0      24.353626
  19.389999     2.403802      0.0      24.366194
  19.400000     2.405342      0.0      24.378759
  19.410000     2.370000      0.0      24.391327
  19.420000     2.298707      0.0      24.403893
  19.430000     2.193070      0.0      24.416460
  19.439999     2.055350      0.0      24.429024
  19.449999     1.888424      0.0      24.441591
  19.459999     1.695711      0.0      24.454157
  19.469999     1.481139      0.0      24.466724
  19.480000     1.249005      0.0      24.479290
  19.490000     1.003988      0.0      24.491858
  19.500000     0.750952      0.0      24.504423
  19.510000     0.494951      0.0      24.516991
  19.520000     0.241062      0.0      24.529556
  19.529999    -0.005676      0.0      24.542122
  19.539999    -0.240373      0.0      24.554688
  19.549999    -0.458377      0.0      24.567255
  19.559999    -0.655370      0.0      24.579821
  19.570000    -0.827451      0.0      24.592388
  19.580000    -0.971218      0.0      24.604954
  19.590000    -1.083835      0.0      24.617521
  19.600000    -1.163116      0.0      24.630089
  19.609999    -1.207534      0.0      24.642653
  19.619999    -1.216300      0.0      24.655218
  19.629999    -1.189363      0.0      24.667786
  19.639999    -1.127475      0.0      24.680351
  19.650000    -1.032103      0.0      24.692919
  19.660000    -0.905506      0.0      24.705486
  19.670000    -0.750656      0.0      24.718052
  19.680000    -0.571217      0.0      24.730619
  19.689999    -0.371489      0.0      24.743183
  19.699999    -0.156339      0.0      24.755751
  19.709999     0.068864      0.0      24.768316
  19.719999     0.298353      0.0      24.780884
  19.730000     0.526042      0.0      24.793449
  19.740000     0.745638      0.0      24.806017
  19.750000     0.950750      0.0      24.818583
  19.760000     1.134999      0.0      24.831150
  19.770000     1.292130      0.0      24.843716
  19.779999     1.416148      0.0      24.856281
  19.789999     1.501395      0.0      24.868847
  19.799999     1.542705      0.0      24.881414
  19.809999     1.535489      0.0      24.893980
  19.820000     1.475819      0.0      24.906548
  19.830000     1.360548      0.0      24.919113
  19.840000     1.187365      0.0      24.931681
  19.850000     0.954863      0.0      24.944246
  19.859999     0.662619      0.0      24.956812
  19.869999     0.311202      0.0      24.969378
  19.879999    -0.097794      0.0      24.981945
  19.889999    -0.561743      0.0      24.994511
  19.900000    -1.076986      0.0      25.007078
  19.910000    -1.638903      0.0      25.019646
  19.920000    -2.241889      0.0      25.032211
  19.930000    -2.879478      0.0      25.044779
  19.939999    -3.544374      0.0      25.057343
  19.949999    -4.228581      0.0      25.069908
  19.959999    -4.923482      0.0      25.082476
  19.969999    -5.619953      0.0      25.095043
  19.980000    -6.308518      0.0      25.107609
  19.990000     2.320974      0.0      25.120176
