   0.020000    11.687810      0.0       0.081738
   0.040000    22.659353      0.0       0.155914
   0.060000    31.915903      0.0       0.212270
   0.080000    38.651058      0.0       0.243295
   0.100000    42.342407      0.0       0.245551
   0.120000    42.806046      0.0       0.220590
   0.140000    40.207775      0.0       0.175925
   0.160000    35.029652      0.0       0.127988
   0.180000    27.998512      0.0       0.108091
   0.200000    19.985622      0.0       0.133041
   0.220000    11.893233      0.0       0.171630
   0.240000     4.543063      0.0       0.198648
   0.260000    -1.418340      0.0       0.205276
   0.280000    -5.584876      0.0       0.191816
   0.300000    -7.820104      0.0       0.165831
   0.320000    -8.247882      0.0       0.142197
   0.340000    -7.208456      0.0       0.138125
   0.360000    -5.188236      0.0       0.155129
   0.380000    -2.735342      0.0       0.177277
   0.400000    -0.373743      0.0       0.190536
   0.420000     1.470943      0.0       0.189261
   0.440000     2.524178      0.0       0.175226
   0.460000     2.687185      0.0       0.156681
   0.480000     2.032217      0.0       0.146056
   0.500000     0.771234      0.0       0.151258
   0.520000    -0.794939      0.0       0.166890
   0.540000    -2.337524      0.0       0.181146
   0.560000    -3.560066      0.0       0.185884
   0.580000    -4.248425      0.0       0.179231
   0.600000    -4.302782      0.0       0.165284
   0.620000    -3.747774      0.0       0.152828
   0.640000    -2.720141      0.0       0.150755
   0.660000    -1.437671      0.0       0.160074
   0.680000    -0.155596      0.0       0.173014
   0.700000     0.881265      0.0       0.180902
   0.720000     1.482239      0.0       0.179413
   0.740000     1.542915      0.0       0.169596
   0.760000     1.060741      0.0       0.157328
   0.780000     0.132011      0.0       0.150827
   0.800000    -1.068451      0.0       0.154704
   0.820000    -2.320731      0.0       0.165419
   0.840000    -3.400036      0.0       0.175138
   0.860000    -4.116568      0.0       0.177958
   0.880000    -4.348007      0.0       0.172483
   0.900000    -4.059331      0.0       0.161992
   0.920000    -3.306823      0.0       0.153144
   0.940000    -2.226087      0.0       0.152123
   0.960000    -1.006680      0.0       0.159329
   0.980000     0.141984      0.0       0.169127
   1.000000     1.027237      0.0       0.175074
   1.020000     1.505853      0.0       0.173904
   1.040000     1.507430      0.0       0.166616
   1.060000     1.044451      0.0       0.157905
   1.080000     0.207970      0.0       0.153766
   1.100000    -0.850313      0.0       0.157076
   1.120000    -1.945778      0.0       0.164986
   1.140000    -2.893579      0.0       0.171707
   1.160000    -3.540480      0.0       0.172888
   1.180000    -3.790293      0.0       0.167784
   1.200000    -3.618804      0.0       0.159496
   1.220000    -3.075819      0.0       0.153598
   1.240000    -2.274338      0.0       0.154589
   1.260000    -1.369100      0.0       0.162008
   1.280000    -0.528530      0.0       0.170942
   1.300000     0.094975      0.0       0.176150
   1.320000     0.391092      0.0       0.175089
   1.340000     0.309609      0.0       0.168791
   1.360000    -0.132462      0.0       0.161300
   1.380000    -0.855714      0.0       0.157571
   1.400000    -1.733804      0.0       0.159985
   1.420000    -2.616776      0.0       0.166387
   1.440000    -3.357704      0.0       0.172156
   1.460000    -3.838164      0.0       0.173668
   1.480000    -3.987890      0.0       0.170200
   1.500000    -3.795581      0.0       0.164088
   1.520000    -3.308903      0.0       0.159449
   1.540000    -2.624357      0.0       0.159506
   1.560000    -1.868695      0.0       0.164018
   1.580000    -1.175782      0.0       0.169595
   1.600000    -0.662849      0.0       0.172465
   1.620000    -0.410503      0.0       0.170852
   1.640000    -0.449873      0.0       0.165793
   1.660000    -0.759059      0.0       0.160546
   1.680000    -1.269137      0.0       0.158638
   1.700000    -1.878455      0.0       0.161253
   1.720000    -2.472307      0.0       0.166294
   1.740000    -2.944376      0.0       0.170198
   1.760000    -3.215866      0.0       0.170468
   1.780000    -3.248957      0.0       0.167034
   1.800000    -3.052289      0.0       0.162208
   1.820000    -2.677546      0.0       0.159325
   1.840000    -2.208147      0.0       0.160408
   1.860000    -1.742275      0.0       0.164529
   1.880000    -1.373656      0.0       0.168614
   1.900000    -1.173656      0.0       0.169775
   1.920000    -1.178278      0.0       0.167091
   1.940000    -1.382439      0.0       0.162099
   1.960000    -1.742429      0.0       0.157997
   1.980000    -2.186240      0.0       0.157598
   2.000000    -2.629305      0.0       0.161119
   2.020000    -2.992868      0.0       0.165971
   2.040000    -3.220800      0.0       0.168794
   2.060000    -3.291730      0.0       0.167645
   2.080000    -3.223527      0.0       0.163045
   2.100000    -3.069021      0.0       0.157786
   2.120000    -2.903411      0.0       0.155432
   2.140000    -2.805307      0.0       0.157834
   2.160000    -2.835186      0.0       0.163606
   2.180000    -3.014975      0.0       0.169288
   2.200000    -3.313549      0.0       0.171806
   2.220000    -3.641111      0.0       0.170115
   2.240000    -3.854651      0.0       0.165566
   2.260000    -3.774755      0.0       0.161148
   2.280000    -3.211607      0.0       0.159722
   2.300000    -1.996692      0.0       0.162007
   2.320000    -0.015371      0.0       0.166120
   2.340000     2.765154      0.0       0.169164
   2.360000     6.277526      0.0       0.169222
   2.380000    10.349043      0.0       0.166384
   2.400000    14.711749      0.0       0.162603
   2.420000    19.026936      0.0       0.160494
   2.440000    22.921560      0.0       0.161534
   2.460000    26.032145      0.0       0.164968
   2.480000    28.049103      0.0       0.168479
   2.500000    28.756775      0.0       0.169914
   2.520000    28.061979      0.0       0.168600
   2.540000    26.007450      0.0       0.165635
   2.560000    22.768314      0.0       0.163178
   2.580000    18.631552      0.0       0.162993
   2.600000    13.961028      0.0       0.165140
   2.620000     9.153944      0.0       0.167955
   2.640000     4.593597      0.0       0.169328
   2.660000     0.605809      0.0       0.168111
   2.680000    -2.575363      0.0       0.164806
   2.700000    -4.828658      0.0       0.161298
   2.720000    -6.150246      0.0       0.159718
   2.740000    -6.642769      0.0       0.160975
   2.760000    -6.490881      0.0       0.164087
   2.780000    -5.927499      0.0       0.166984
   2.800000    -5.196417      0.0       0.167951
   2.820000    -4.516555      0.0       0.166627
   2.840000    -4.053520      0.0       0.164097
   2.860000    -3.901774      0.0       0.162162
   2.880000    -4.079426      0.0       0.162105
   2.900000    -4.535645      0.0       0.163769
   2.920000    -5.168237      0.0       0.165735
   2.940000    -5.848115      0.0       0.166412
   2.960000    -6.445678      0.0       0.165129
   2.980000    -6.855256      0.0       0.162555
   3.000000    -7.013038      0.0       0.160297
   3.020000    -6.906244      0.0       0.159845
   3.040000    -6.572442      0.0       0.161498
   3.060000    -6.089851      0.0       0.164149
   3.080000    -5.560606      0.0       0.166120
   3.100000    -5.090472      0.0       0.166280
   3.120000    -4.768870      0.0       0.164685
   3.140000    -4.652102      0.0       0.162458
   3.160000    -4.753537      0.0       0.161030
   3.180000    -5.041183      0.0       0.161152
   3.200000    -5.443563      0.0       0.162396
   3.220000    -5.862047      0.0       0.163583
   3.240000    -6.187738      0.0       0.163741
   3.260000    -6.319439      0.0       0.162843
   3.280000    -6.180111      0.0       0.161856
   3.300000    -5.728605      0.0       0.162064
   3.320000    -4.965594      0.0       0.164046
   3.340000    -3.932452      0.0       0.167109
   3.360000    -2.704102      0.0       0.169689
   3.380000    -1.377169      0.0       0.170350
   3.400000    -0.055890      0.0       0.168674
   3.420000     1.161851      0.0       0.165549
   3.440000     2.196016      0.0       0.162746
   3.460000     2.991653      0.0       0.161881
   3.480000     3.521327      0.0       0.163327
   3.500000     3.782715      0.0       0.165975
   3.520000     3.792678      0.0       0.168071
   3.540000     3.579109      0.0       0.168375
   3.560000     3.173170      0.0       0.166851
   3.580000     2.602873      0.0       0.164596
   3.600000     1.889881      0.0       0.163102
   3.620000     1.049832      0.0       0.163222
   3.640000     0.095674      0.0       0.164575
   3.660000    -0.956782      0.0       0.165899
   3.680000    -2.083171      0.0       0.166032
   3.700000    -3.246054      0.0       0.164748
   3.720000    -4.393388      0.0       0.162948
   3.740000    -5.461015      0.0       0.162071
   3.760000    -6.379086      0.0       0.163044
   3.780000    -7.081740      0.0       0.165483
   3.800000    -7.518256      0.0       0.167879
   3.820000    -7.663885      0.0       0.168592
   3.840000    -7.527401      0.0       0.166887
   3.860000    -7.154061      0.0       0.163431
   3.880000    -6.622100      0.0       0.160035
   3.900000    -6.032803      0.0       0.158653
   3.920000    -5.495203      0.0       0.160077
   3.940000    -5.107067      0.0       0.163342
   3.960000    -4.935540      0.0       0.166427
   3.980000    -5.000620      0.0       0.167569
   4.000000    -5.264390      0.0       0.166222
   4.020000    -5.628962      0.0       0.163261
   4.040000    -5.943908      0.0       0.160463
   4.060000    -6.023424      0.0       0.159439
   4.080000    -5.670944      0.0       0.160604
   4.100000    -4.708813      0.0       0.162986
   4.120000    -3.007874      0.0       0.165027
   4.140000    -0.513644      0.0       0.165643
   4.160000     2.736092      0.0       0.164789
   4.180000     6.604709      0.0       0.163336
   4.200000    10.863504      0.0       0.162408
   4.220000    15.211027      0.0       0.162589
   4.240000    19.303589      0.0       0.163571
   4.260000    22.792484      0.0       0.164500
   4.280000    25.364311      0.0       0.164698
   4.300000    26.777481      0.0       0.164172
   4.320000    26.891497      0.0       0.163571
   4.340000    25.683901      0.0       0.163640
   4.360000    23.253178      0.0       0.164560
   4.380000    19.806656      0.0       0.165718
   4.400000    15.635741      0.0       0.166135
   4.420000    11.081145      0.0       0.165222
   4.440000     6.493325      0.0       0.163329
   4.460000     2.193387      0.0       0.161694
   4.480000    -1.560535      0.0       0.161726
   4.500000    -4.596933      0.0       0.163953
   4.520000    -6.842111      0.0       0.167489
   4.540000    -8.317638      0.0       0.170522
   4.560000    -9.125436      0.0       0.171419
   4.580000    -9.423134      0.0       0.169659
   4.600000    -9.393738      0.0       0.166163
   4.620000    -9.214389      0.0       0.162879
   4.640000    -9.028825      0.0       0.161665
   4.660000    -8.927586      0.0       0.163030
   4.680000    -8.938249      0.0       0.165743
   4.700000    -9.026772      0.0       0.167744
   4.720000    -9.109403      0.0       0.167501
   4.740000    -9.072325      0.0       0.164926
   4.760000    -8.795776      0.0       0.161448
   4.780000    -8.179028      0.0       0.159238
   4.800000    -7.161293      0.0       0.159793
   4.820000    -5.736318      0.0       0.162817
   4.840000    -3.957970      0.0       0.166423
   4.860000    -1.936152      0.0       0.168453
   4.880000     0.175945      0.0       0.167779
   4.900000     2.201138      0.0       0.164879
   4.920000     3.961212      0.0       0.161553
   4.940000     5.299762      0.0       0.159869
   4.960000     6.101800      0.0       0.160771
   4.980000     6.307116      0.0       0.163409
   5.000000     5.915810      0.0       0.165810
   5.020000     4.985557      0.0       0.166269
   5.040000     3.621388      0.0       0.164379
   5.060000     1.959763      0.0       0.161257
   5.080000     0.149854      0.0       0.158904
   5.100000    -1.665186      0.0       0.158923
   5.120000    -3.364010      0.0       0.161359
   5.140000    -4.857996      0.0       0.164676
   5.160000    -6.095519      0.0       0.166882
   5.180000    -7.059976      0.0       0.166794
   5.200000    -7.762093      0.0       0.164669
   5.220000    -8.228340      0.0       0.162011
   5.240000    -8.487969      0.0       0.160645
   5.260000    -8.560971      0.0       0.161489
   5.280000    -8.449483      0.0       0.163902
   5.300000    -8.134147      0.0       0.166208
   5.320000    -7.576079      0.0       0.166889
   5.340000    -6.724386      0.0       0.165535
   5.360000    -5.527982      0.0       0.163076
   5.380000    -3.949759      0.0       0.161229
   5.400000    -1.980401      0.0       0.161391
   5.420000     0.350168      0.0       0.163642
   5.440000     2.966219      0.0       0.166702
   5.460000     5.745948      0.0       0.168852
   5.480000     8.528000      0.0       0.169025
   5.500000    11.124383      0.0       0.167363
   5.520000    13.338555      0.0       0.165068
   5.540000    14.986016      0.0       0.163631
   5.560000    15.915290      0.0       0.163842
   5.580000    16.026083      0.0       0.165277
   5.600000    15.282518      0.0       0.166679
   5.620000    13.719147      0.0       0.166902
   5.640000    11.439422      0.0       0.165678
   5.660000     8.605835      0.0       0.163776
   5.680000     5.423902      0.0       0.162500
   5.700000     2.121108      0.0       0.162786
   5.720000    -1.076151      0.0       0.164498
   5.740000    -3.964904      0.0       0.166515
   5.760000    -6.384550      0.0       0.167520
   5.780000    -8.230064      0.0       0.166844
   5.800000    -9.458228      0.0       0.164857
   5.820000   -10.086202      0.0       0.162732
   5.840000   -10.183256      0.0       0.161698
   5.860000    -9.856688      0.0       0.162201
   5.880000    -9.234737      0.0       0.163611
   5.900000    -8.448249      0.0       0.164719
   5.920000    -7.614286      0.0       0.164609
   5.940000    -6.823507      0.0       0.163261
   5.960000    -6.133063      0.0       0.161575
   5.980000    -5.565560      0.0       0.160787
   6.000000    -5.113780      0.0       0.161594
   6.020000    -4.750178      0.0       0.163609
   6.040000    -4.439241      0.0       0.165605
   6.060000    -4.150051      0.0       0.166321
   6.080000    -3.867196      0.0       0.165242
   6.100000    -3.597607      0.0       0.162890
   6.120000    -3.372239      0.0       0.160543
   6.140000    -3.241551      0.0       0.159476
   6.160000    -3.265878      0.0       0.160165
   6.180000    -3.501580      0.0       0.162016
   6.200000    -3.985455      0.0       0.163870
   6.220000    -4.720071      0.0       0.164811
   6.240000    -5.662424      0.0       0.164693
   6.260000    -6.718457      0.0       0.164109
   6.280000    -7.745511      0.0       0.163889
   6.300000    -8.562287      0.0       0.164440
   6.320000    -8.966544      0.0       0.165419
   6.340000    -8.758664      0.0       0.166001
   6.360000    -7.767958      0.0       0.165510
   6.380000    -5.878530      0.0       0.163965
   6.400000    -3.051389      0.0       0.162179
   6.420000     0.661095      0.0       0.161318
   6.440000     5.110221      0.0       0.162124
   6.460000    10.057277      0.0       0.164350
   6.480000    15.190880      0.0       0.166877
   6.500000    20.153664      0.0       0.168427
   6.520000    24.576029      0.0       0.168324
   6.540000    28.112373      0.0       0.166849
   6.560000    30.476324      0.0       0.165053
   6.580000    31.470268      0.0       0.164108
   6.600000    31.005709      0.0       0.164542
   6.620000    29.112289      0.0       0.165902
   6.640000    25.933889      0.0       0.167118
   6.660000    21.713001      0.0       0.167259
   6.680000    16.764681      0.0       0.166143
   6.700000    11.444120      0.0       0.164442
   6.720000     6.111111      0.0       0.163251
   6.740000     1.095976      0.0       0.163334
   6.760000    -3.329103      0.0       0.164555
   6.780000    -6.970470      0.0       0.165943
   6.800000    -9.723258      0.0       0.166348
   6.820000   -11.571074      0.0       0.165178
   6.840000   -12.575995      0.0       0.162795
   6.860000   -12.861254      0.0       0.160367
   6.880000   -12.589218      0.0       0.159222
   6.900000   -11.938334      0.0       0.160026
   6.920000   -11.081692      0.0       0.162335
   6.940000   -10.170127      0.0       0.164917
   6.960000    -9.321213      0.0       0.166520
   6.980000    -8.614380      0.0       0.166528
   7.000000    -8.092435      0.0       0.165174
   7.020000    -7.766917      0.0       0.163294
   7.040000    -7.626225      0.0       0.161801
   7.060000    -7.644119      0.0       0.161174
   7.080000    -7.786749      0.0       0.161288
   7.100000    -8.016892      0.0       0.161670
   7.120000    -8.295519      0.0       0.161947
   7.140000    -8.580153      0.0       0.162111
   7.160000    -8.822213      0.0       0.162452
   7.180000    -8.963910      0.0       0.163228
   7.200000    -8.937163      0.0       0.164358
   7.220000    -8.665424      0.0       0.165385
   7.240000    -8.069196      0.0       0.165760
   7.260000    -7.075569      0.0       0.165220
   7.280000    -5.630454      0.0       0.164021
   7.300000    -3.711635      0.0       0.162841
   7.320000    -1.340962      0.0       0.162398
   7.340000     1.407451      0.0       0.162991
   7.360000     4.404682      0.0       0.164295
   7.380000     7.471981      0.0       0.165579
   7.400000    10.393146      0.0       0.166164
   7.420000    12.934156      0.0       0.165812
   7.440000    14.867748      0.0       0.164826
   7.460000    15.999847      0.0       0.163832
   7.480000    16.195026      0.0       0.163376
   7.500000    15.396638      0.0       0.163614
   7.520000    13.639009      0.0       0.164284
   7.540000    11.049541      0.0       0.164967
   7.560000     7.839377      0.0       0.165417
   7.580000     4.283880      0.0       0.165694
   7.600000     0.694620      0.0       0.166039
   7.620000    -2.613813      0.0       0.166587
   7.640000    -5.357846      0.0       0.167173
   7.660000    -7.316048      0.0       0.167381
   7.680000    -8.352743      0.0       0.166836
   7.700000    -8.431881      0.0       0.165523
   7.720000    -7.619108      0.0       0.163914
   7.740000    -6.071702      0.0       0.162768
   7.760000    -4.018490      0.0       0.162680
   7.780000    -1.731688      0.0       0.163666
   7.800000     0.505166      0.0       0.165096
   7.820000     2.429385      0.0       0.166066
   7.840000     3.827498      0.0       0.165932
   7.860000     4.556388      0.0       0.164679
   7.880000     4.555554      0.0       0.162934
   7.900000     3.848885      0.0       0.161607
   7.920000     2.537058      0.0       0.161344
   7.940000     0.781595      0.0       0.162122
   7.960000    -1.216313      0.0       0.163300
   7.980000    -3.240406      0.0       0.164064
   8.000000    -5.082735      0.0       0.163939
   8.020000    -6.565179      0.0       0.163030
   8.040000    -7.555383      0.0       0.161908
   8.059999    -7.976897      0.0       0.161219
   8.080000    -7.813207      0.0       0.161274
   8.099999    -7.105046      0.0       0.161898
   8.120000    -5.943545      0.0       0.162642
   8.139999    -4.458652      0.0       0.163147
   8.160000    -2.805942      0.0       0.163389
   8.179999    -1.151839      0.0       0.163622
   8.200000     0.340882      0.0       0.164088
   8.220000     1.526794      0.0       0.164724
   8.240000     2.289563      0.0       0.165131
   8.260000     2.551971      0.0       0.164849
   8.280000     2.282641      0.0       0.163761
   8.300000     1.499971      0.0       0.162325
   8.320000     0.271979      0.0       0.161433
   8.340000    -1.287721      0.0       0.161890
   8.360000    -3.028604      0.0       0.163804
   8.380000    -4.775745      0.0       0.166382
   8.400000    -6.346494      0.0       0.168329
   8.420000    -7.568995      0.0       0.168576
   8.440000    -8.301884      0.0       0.166890
   8.460000    -8.451959      0.0       0.164072
   8.480000    -7.988328      0.0       0.161622
   8.500000    -6.949852      0.0       0.160942
   8.520000    -5.444921      0.0       0.162445
   8.540000    -3.641765      0.0       0.165265
   8.559999    -1.750287      0.0       0.167827
   8.580000     0.003629      0.0       0.168791
   8.599999     1.408133      0.0       0.167745
   8.620000     2.296512      0.0       0.165365
   8.639999     2.574366      0.0       0.163022
   8.660000     2.239363      0.0       0.162008
   8.679999     1.389521      0.0       0.162760
   8.700000     0.217681      0.0       0.164645
   8.720000    -1.007701      0.0       0.166460
   8.740000    -1.974381      0.0       0.167222
   8.760000    -2.367319      0.0       0.166678
   8.780000    -1.913474      0.0       0.165334
   8.800000    -0.424670      0.0       0.164056
   8.820000     2.168122      0.0       0.163484
   8.840000     5.793789      0.0       0.163651
   8.860000    10.237720      0.0       0.164046
   8.880000    15.157431      0.0       0.164063
   8.900000    20.115980      0.0       0.163459
   8.920000    24.629847      0.0       0.162510
   8.940000    28.224831      0.0       0.161801
   8.960000    30.493568      0.0       0.161793
   8.980000    31.146334      0.0       0.162476
   9.000000    30.047928      0.0       0.163387
   9.020000    27.236437      0.0       0.163947
   9.040000    22.920013      0.0       0.163859
   9.059999    17.451962      0.0       0.163282
   9.080000    11.288084      0.0       0.162678
   9.099999     4.931447      0.0       0.162449
   9.120000    -1.128112      0.0       0.162629
   9.139999    -6.470453      0.0       0.162883
   9.160000   -10.791037      0.0       0.162814
   9.179999   -13.929159      0.0       0.162335
   9.200000   -15.875405      0.0       0.161823
   9.220000   -16.758215      0.0       0.161897
   9.240000   -16.810867      0.0       0.162945
   9.260000   -16.326151      0.0       0.164724
   9.280000   -15.604306      0.0       0.166400
   9.300000   -14.903320      0.0       0.167018
   9.320000   -14.398651      0.0       0.166097
   9.340000   -14.158919      0.0       0.163995
   9.360000   -14.140354      0.0       0.161814
   9.380000   -14.200873      0.0       0.160830
   9.400000   -14.131350      0.0       0.161691
   9.420000   -13.698167      0.0       0.163947
   9.440000   -12.690323      0.0       0.166333
   9.460000   -10.963487      0.0       0.167577
   9.480000    -8.473452      0.0       0.167138
   9.500000    -5.293778      0.0       0.165489
   9.520000    -1.614143      0.0       0.163826
   9.540000     2.279377      0.0       0.163314
   9.559999     6.040974      0.0       0.164298
   9.580000     9.311062      0.0       0.166058
   9.599999    11.765932      0.0       0.167327
   9.620000    13.162907      0.0       0.167156
   9.639999    13.373956      0.0       0.165531
   9.660000    12.403225      0.0       0.163426
   9.679999    10.385050      0.0       0.162236
   9.700000     7.564148      0.0       0.162853
   9.719999     4.260027      0.0       0.164981
   9.740000     0.822282      0.0       0.167296
   9.760000    -2.417132      0.0       0.168301
   9.780000    -5.186570      0.0       0.167236
   9.800000    -7.306798      0.0       0.164523
   9.820000    -8.706943      0.0       0.161588
   9.840000    -9.423660      0.0       0.160084
   9.860000    -9.583098      0.0       0.160839
   9.880000    -9.370089      0.0       0.163294
   9.900000    -8.989808      0.0       0.165906
   9.920000    -8.628001      0.0       0.167167
   9.940000    -8.417400      0.0       0.166453
   9.960000    -8.414803      0.0       0.164285
   9.980000    -8.593050      0.0       0.161976
  10.000000    -8.848455      0.0       0.160816
  10.020000    -9.022750      0.0       0.161238
  10.040000    -8.934822      0.0       0.162575
  10.059999    -8.417162      0.0       0.163611
  10.080000    -7.350767      0.0       0.163448
  10.099999    -5.692063      0.0       0.162083
  10.120000    -3.487804      0.0       0.160409
  10.139999    -0.874702      0.0       0.159642
  10.160000     1.935596      0.0       0.160492
  10.179999     4.684474      0.0       0.162641
  10.200000     7.102455      0.0       0.164962
  10.219999     8.947632      0.0       0.166270
  10.240000    10.040553      0.0       0.166026
  10.260000    10.289898      0.0       0.164611
  10.280000     9.704914      0.0       0.163056
  10.300000     8.393031      0.0       0.162397
  10.320000     6.542821      0.0       0.163010
  10.340000     4.395545      0.0       0.164404
  10.360000     2.210037      0.0       0.165635
  10.380000     0.225834      0.0       0.165975
  10.400000    -1.368356      0.0       0.165367
  10.420000    -2.457268      0.0       0.164409
  10.440000    -3.008875      0.0       0.163908
  10.460000    -3.070325      0.0       0.164281
  10.480000    -2.751123      0.0       0.165240
  10.500000    -2.197403      0.0       0.165996
  10.520000    -1.561002      0.0       0.165835
  10.540000    -0.969756      0.0       0.164635
  10.559999    -0.503267      0.0       0.163015
  10.580000    -0.178899      0.0       0.161998
  10.599999     0.050093      0.0       0.162359
  10.620000     0.284054      0.0       0.164070
  10.639999     0.655788      0.0       0.166279
  10.660000     1.302662      0.0       0.167847
  10.679999     2.336708      0.0       0.168012
  10.700000     3.818098      0.0       0.166792
  10.719999     5.736223      0.0       0.164938
  10.740000     8.002004      0.0       0.163481
  10.760000    10.453359      0.0       0.163115
  10.780000    12.872231      0.0       0.163792
  10.800000    15.011772      0.0       0.164836
  10.820000    16.628752      0.0       0.165458
  10.840000    17.516964      0.0       0.165273
  10.860000    17.535801      0.0       0.164492
  10.880000    16.630468      0.0       0.163716
  10.900000    14.840196      0.0       0.163481
  10.920000    12.293852      0.0       0.163857
  10.940000     9.193843      0.0       0.164405
  10.960000     5.790054      0.0       0.164511
  10.980000     2.349505      0.0       0.163835
  11.000000    -0.875771      0.0       0.162576
  11.020000    -3.676161      0.0       0.161375
  11.040000    -5.904618      0.0       0.160912
  11.059999    -7.486882      0.0       0.161441
  11.080000    -8.420706      0.0       0.162601
  11.099999    -8.765611      0.0       0.163657
  11.120000    -8.624661      0.0       0.163970
  11.139999    -8.123198      0.0       0.163386
  11.160000    -7.386664      0.0       0.162313
  11.179999    -6.522485      0.0       0.161451
  11.200000    -5.607864      0.0       0.161355
  11.219999    -4.685112      0.0       0.162080
  11.240000    -3.765211      0.0       0.163187
  11.259999    -2.837062      0.0       0.164070
  11.280000    -1.881215      0.0       0.164357
  11.300000    -0.884138      0.0       0.164114
  11.320000     0.149098      0.0       0.163746
  11.340000     1.187311      0.0       0.163683
  11.360000     2.171726      0.0       0.164073
  11.380000     3.020662      0.0       0.164690
  11.400000     3.640713      0.0       0.165133
  11.420000     3.941315      0.0       0.165139
  11.440000     3.850389      0.0       0.164783
  11.460000     3.328715      0.0       0.164433
  11.480000     2.379574      0.0       0.164476
  11.500000     1.052788      0.0       0.165017
  11.520000    -0.558663      0.0       0.165775
  11.540000    -2.327793      0.0       0.166268
  11.559999    -4.108909      0.0       0.166149
  11.580000    -5.754730      0.0       0.165462
  11.599999    -7.133856      0.0       0.164642
  11.620000    -8.145971      0.0       0.164245
  11.639999    -8.731733      0.0       0.164557
  11.660000    -8.877037      0.0       0.165374
  11.679999    -8.610484      0.0       0.166109
  11.700000    -7.995563      0.0       0.166175
  11.719999    -7.118622      0.0       0.165370
  11.740000    -6.075188      0.0       0.164029
  11.759999    -4.957206      0.0       0.162855
  11.780000    -3.842623      0.0       0.162491
  11.800000    -2.789685      0.0       0.163106
  11.820000    -1.835853      0.0       0.164275
  11.840000    -1.001465      0.0       0.165265
  11.860000    -0.296457      0.0       0.165495
  11.880000     0.271186      0.0       0.164874
  11.900000     0.687759      0.0       0.163829
  11.920000     0.928781      0.0       0.163022
  11.940000     0.957731      0.0       0.162915
  11.960000     0.729651      0.0       0.163479
  11.980000     0.199039      0.0       0.164242
  12.000000    -0.669535      0.0       0.164632
  12.020000    -1.888883      0.0       0.164361
  12.040000    -3.438638      0.0       0.163594
  12.059999    -5.257504      0.0       0.162804
  12.080000    -7.240951      0.0       0.162429
  12.099999    -9.244861      0.0       0.162546
  12.120000   -11.096291      0.0       0.162813
  12.139999   -12.608885      0.0       0.162733
  12.160000   -13.602376      0.0       0.162036
  12.179999   -13.923101      0.0       0.160932
  12.200000   -13.463017      0.0       0.160044
  12.219999   -12.174090      0.0       0.160050
  12.240000   -10.077200      0.0       0.161220
  12.259999    -7.262994      0.0       0.163188
  12.280000    -3.885249      0.0       0.165138
  12.300000    -0.147720      0.0       0.166269
  12.320000     3.714521      0.0       0.166216
  12.340000     7.456033      0.0       0.165229
  12.360000    10.842681      0.0       0.164009
  12.380000    13.670541      0.0       0.163309
  12.400000    15.781613      0.0       0.163508
  12.420000    17.072908      0.0       0.164420
  12.440000    17.501015      0.0       0.165464
  12.460000    17.080215      0.0       0.166050
  12.480000    15.877110      0.0       0.165908
  12.500000    14.001422      0.0       0.165188
  12.520000    11.595613      0.0       0.164315
  12.540000     8.824258      0.0       0.163720
  12.559999     5.864172      0.0       0.163614
  12.580000     2.895597      0.0       0.163941
  12.599999     0.094946      0.0       0.164500
  12.620000    -2.371878      0.0       0.165114
  12.639999    -4.355428      0.0       0.165707
  12.660000    -5.729031      0.0       0.166252
  12.679999    -6.395311      0.0       0.166668
  12.700000    -6.293211      0.0       0.166786
  12.719999    -5.404178      0.0       0.166433
  12.740000    -3.757643      0.0       0.165586
  12.759999    -1.433901      0.0       0.164476
  12.780000     1.436875      0.0       0.163534
  12.799999     4.679635      0.0       0.163163
  12.820000     8.084522      0.0       0.163478
  12.840000    11.421678      0.0       0.164188
  12.860000    14.459065      0.0       0.164750
  12.880000    16.982620      0.0       0.164706
  12.900000    18.815762      0.0       0.163972
  12.920000    19.836044      0.0       0.162924
  12.940000    19.986708      0.0       0.162192
  12.960000    19.282106      0.0       0.162255
  12.980000    17.804501      0.0       0.163100
  13.000000    15.694376      0.0       0.164188
  13.020000    13.133605      0.0       0.164780
  13.040000    10.324510      0.0       0.164397
  13.059999     7.467572      0.0       0.163127
  13.080000     4.739817      0.0       0.161619
  13.099999     2.277554      0.0       0.160729
  13.120000     0.165166      0.0       0.160997
  13.139999    -1.568477      0.0       0.162281
  13.160000    -2.946291      0.0       0.163837
  13.179999    -4.032320      0.0       0.164776
  13.200000    -4.916409      0.0       0.164578
  13.219999    -5.696568      0.0       0.163377
  13.240000    -6.462009      0.0       0.161870
  13.259999    -7.279193      0.0       0.160923
  13.280000    -8.183302      0.0       0.161062
  13.299999    -9.175557      0.0       0.162171
  13.320000   -10.227213      0.0       0.163617
  13.340000   -11.288351      0.0       0.164680
  13.360000   -12.300202      0.0       0.164978
  13.380000   -13.208067      0.0       0.164637
  13.400000   -13.972816      0.0       0.164142
  13.420000   -14.577892      0.0       0.164000
  13.440000   -15.031661      0.0       0.164415
  13.460000   -15.363390      0.0       0.165192
  13.480000   -15.614043      0.0       0.165928
  13.500000   -15.823717      0.0       0.166299
  13.520000   -16.017794      0.0       0.166262
  13.540000   -16.194630      0.0       0.166029
  13.559999   -16.317282      0.0       0.165858
  13.580000   -16.311905      0.0       0.165840
  13.599999   -16.072981      0.0       0.165824
  13.620000   -15.476166      0.0       0.165556
  13.639999   -14.396705      0.0       0.164914
  13.660000   -12.731771      0.0       0.164058
  13.679999   -10.422104      0.0       0.163382
  13.700000    -7.471536      0.0       0.163262
  13.719999    -3.958963      0.0       0.163777
  13.740000    -0.041693      0.0       0.164613
  13.759999     4.052014      0.0       0.165247
  13.780000     8.040282      0.0       0.165273
  13.799999    11.614229      0.0       0.164676
  13.820000    14.470400      0.0       0.163857
  13.840000    16.345266      0.0       0.163385
  13.860000    17.047007      0.0       0.163617
  13.880000    16.481806      0.0       0.164428
  13.900000    14.669342      0.0       0.165271
  13.920000    11.746243      0.0       0.165524
  13.940000     7.956585      0.0       0.164895
  13.960000     3.629941      0.0       0.163627
  13.980000    -0.849881      0.0       0.162377
  14.000000    -5.083364      0.0       0.161829
  14.020000    -8.694572      0.0       0.162241
  14.040000   -11.368423      0.0       0.163264
  14.059999   -12.880894      0.0       0.164168
  14.080000   -13.118615      0.0       0.164305
  14.099999   -12.087099      0.0       0.163513
  14.120000    -9.905409      0.0       0.162214
  14.139999    -6.790055      0.0       0.161164
  14.160000    -3.028907      0.0       0.160975
  14.179999     1.050097      0.0       0.161717
  14.200000     5.113006      0.0       0.162870
  14.219999     8.851209      0.0       0.163684
  14.240000    12.008313      0.0       0.163667
  14.259999    14.398937      0.0       0.162894
  14.280000    15.918567      0.0       0.161959
  14.299999    16.543888      0.0       0.161608
  14.320000    16.325237      0.0       0.162253
  14.340000    15.371937      0.0       0.163688
  14.360000    13.834356      0.0       0.165220
  14.380000    11.883792      0.0       0.166113
  14.400000     9.694046      0.0       0.166024
  14.420000     7.425757      0.0       0.165179
  14.440000     5.214826      0.0       0.164212
  14.460000     3.166304      0.0       0.163768
  14.480000     1.352581      0.0       0.164097
  14.500000    -0.184728      0.0       0.164920
  14.520000    -1.430182      0.0       0.165653
  14.540000    -2.388338      0.0       0.165814
  14.559999    -3.078220      0.0       0.165335
  14.580000    -3.528187      0.0       0.164591
  14.599999    -3.772411      0.0       0.164148
  14.620000    -3.848802      0.0       0.164381
  14.639999    -3.798002      0.0       0.165223
  14.660000    -3.662914      0.0       0.166212
  14.679999    -3.487500      0.0       0.166798
  14.700000    -3.315395      0.0       0.166688
  14.719999    -3.186597      0.0       0.166000
  14.740000    -3.133156      0.0       0.165157
  14.759999    -3.173946      0.0       0.164594
  14.780000    -3.309626      0.0       0.164471
  14.799999    -3.518336      0.0       0.164582
  14.820000    -3.753730      0.0       0.164528
  14.839999    -3.946024      0.0       0.164028
  14.860000    -4.006533      0.0       0.163133
  14.880000    -3.836126      0.0       0.162221
  14.900000    -3.336712      0.0       0.161763
  14.920000    -2.424742      0.0       0.162007
  14.940000    -1.045195      0.0       0.162797
  14.960000     0.815728      0.0       0.163664
  14.980000     3.121701      0.0       0.164123
  15.000000     5.781935      0.0       0.163967
  15.020000     8.653139      0.0       0.163375
  15.040000    11.548272      0.0       0.162790
  15.059999    14.251060      0.0       0.162629
  15.080000    16.535519      0.0       0.163011
  15.099999    18.188559      0.0       0.163686
  15.120000    19.032539      0.0       0.164215
  15.139999    18.945711      0.0       0.164256
  15.160000    17.877787      0.0       0.163778
  15.179999    15.858350      0.0       0.163064
  15.200000    12.997023      0.0       0.162522
  15.219999     9.475162      0.0       0.162418
  15.240000     5.529715      0.0       0.162710
  15.259999     1.430689      0.0       0.163094
  15.280000    -2.544873      0.0       0.163227
  15.299999    -6.139593      0.0       0.162968
  15.320000    -9.140394      0.0       0.162484
  15.339999   -11.397779      0.0       0.162152
  15.360000   -12.837710      0.0       0.162325
  15.380000   -13.465803      0.0       0.163095
  15.400000   -13.361684      0.0       0.164222
  15.420000   -12.666140      0.0       0.165270
  15.440000   -11.562398      0.0       0.165844
  15.460000   -10.253224      0.0       0.165793
  15.480000    -8.937908      0.0       0.165264
  15.500000    -7.790763      0.0       0.164605
  15.520000    -6.944083      0.0       0.164174
  15.540000    -6.477782      0.0       0.164174
  15.559999    -6.415019      0.0       0.164585
  15.580000    -6.725930      0.0       0.165223
  15.599999    -7.336235      0.0       0.165866
  15.620000    -8.140848      0.0       0.166343
  15.639999    -9.019641      0.0       0.166569
  15.660000    -9.852917      0.0       0.166517
  15.679999   -10.535440      0.0       0.166188
  15.700000   -10.986950      0.0       0.165608
  15.719999   -11.157953      0.0       0.164850
  15.740000   -11.031813      0.0       0.164052
  15.759999   -10.621557      0.0       0.163396
  15.780000    -9.964601      0.0       0.163041
  15.799999    -9.114840      0.0       0.163051
  15.820000    -8.134291      0.0       0.163363
  15.839999    -7.085445      0.0       0.163825
  15.860000    -6.024891      0.0       0.164278
  15.880000    -4.998979      0.0       0.164626
  15.900000    -4.041145      0.0       0.164849
  15.920000    -3.171666      0.0       0.164959
  15.940000    -2.397459      0.0       0.164933
  15.960000    -1.713587      0.0       0.164701
  15.980000    -1.104366      0.0       0.164190
  16.000000    -0.544256      0.0       0.163411
  16.020000     0.000664      0.0       0.162522
  16.039999     0.571863      0.0       0.161798
  16.059999     1.215839      0.0       0.161507
  16.080000     1.981220      0.0       0.161750
  16.100000     2.913756      0.0       0.162375
  16.119999     4.050493      0.0       0.163039
  16.139999     5.411968      0.0       0.163384
  16.160000     6.995098      0.0       0.163238
  16.180000     8.766392      0.0       0.162713
  16.199999    10.657776      0.0       0.162149
  16.219999    12.566495      0.0       0.161926
  16.240000    14.359231      0.0       0.162243
  16.260000    15.881931      0.0       0.163007
  16.279999    16.974417      0.0       0.163894
  16.299999    17.488869      0.0       0.164544
  16.320000    17.309837      0.0       0.164756
  16.340000    16.373669      0.0       0.164573
  16.359999    14.684150      0.0       0.164221
  16.379999    12.321419      0.0       0.163945
  16.400000     9.442513      0.0       0.163865
  16.420000     6.272099      0.0       0.163926
  16.440001     3.083122      0.0       0.163984
  16.459999     0.169665      0.0       0.163944
  16.480000    -2.185933      0.0       0.163850
  16.500000    -3.747235      0.0       0.163868
  16.520000    -4.355255      0.0       0.164153
  16.539999    -3.952746      0.0       0.164721
  16.559999    -2.597127      0.0       0.165400
  16.580000    -0.460245      0.0       0.165912
  16.600000     2.186248      0.0       0.166040
  16.619999     4.999109      0.0       0.165755
  16.639999     7.601677      0.0       0.165246
  16.660000     9.628776      0.0       0.164809
  16.680000    10.770828      0.0       0.164681
  16.699999    10.814011      0.0       0.164906
  16.719999     9.668918      0.0       0.165322
  16.740000     7.385011      0.0       0.165681
  16.760000     4.147835      0.0       0.165796
  16.779999     0.259311      0.0       0.165634
  16.799999    -3.896383      0.0       0.165300
  16.820000    -7.898570      0.0       0.164928
  16.840000   -11.339683      0.0       0.164575
  16.859999   -13.874522      0.0       0.164188
  16.879999   -15.261278      0.0       0.163666
  16.900000   -15.389771      0.0       0.162979
  16.920000   -14.293586      0.0       0.162243
  16.940001   -12.143602      0.0       0.161691
  16.959999    -9.224977      0.0       0.161556
  16.980000    -5.900148      0.0       0.161929
  17.000000    -2.562624      0.0       0.162691
  17.020000     0.411530      0.0       0.163571
  17.039999     2.709209      0.0       0.164288
  17.059999     4.116793      0.0       0.164679
  17.080000     4.542264      0.0       0.164744
  17.100000     4.021880      0.0       0.164586
  17.119999     2.710365      0.0       0.164304
  17.139999     0.855809      0.0       0.163926
  17.160000    -1.235320      0.0       0.163413
  17.180000    -3.240213      0.0       0.162751
  17.199999    -4.860931      0.0       0.162033
  17.219999    -5.861989      0.0       0.161470
  17.240000    -6.096770      0.0       0.161294
  17.260000    -5.523159      0.0       0.161616
  17.279999    -4.203760      0.0       0.162331
  17.299999    -2.294286      0.0       0.163156
  17.320000    -0.020218      0.0       0.163775
  17.340000     2.353504      0.0       0.164019
  17.359999     4.555493      0.0       0.163946
  17.379999     6.340446      0.0       0.163788
  17.400000     7.515461      0.0       0.163792
  17.420000     7.959389      0.0       0.164055
  17.440001     7.631294      0.0       0.164464
  17.459999     6.569967      0.0       0.164789
  17.480000     4.883917      0.0       0.164850
  17.500000     2.734569      0.0       0.164660
  17.520000     0.315526      0.0       0.164417
  17.539999    -2.169701      0.0       0.164376
  17.559999    -4.528597      0.0       0.164659
  17.580000    -6.596701      0.0       0.165152
  17.600000    -8.249496      0.0       0.165574
  17.619999    -9.409129      0.0       0.165659
  17.639999   -10.044928      0.0       0.165354
  17.660000   -10.169539      0.0       0.164875
  17.680000    -9.831282      0.0       0.164586
  17.699999    -9.104706      0.0       0.164760
  17.719999    -8.079932      0.0       0.165375
  17.740000    -6.852755      0.0       0.166091
  17.760000    -5.516001      0.0       0.166448
  17.779999    -4.152701      0.0       0.166141
  17.799999    -2.831529      0.0       0.165217
  17.820000    -1.604127      0.0       0.164075
  17.840000    -0.504814      0.0       0.163246
  17.859999     0.448367      0.0       0.163088
  17.879999     1.251129      0.0       0.163569
  17.900000     1.909108      0.0       0.164298
  17.920000     2.434011      0.0       0.164775
  17.940001     2.839015      0.0       0.164692
  17.959999     3.134821      0.0       0.164091
  17.980000     3.326309      0.0       0.163304
  18.000000     3.410954      0.0       0.162718
  18.020000     3.378434      0.0       0.162523
  18.039999     3.213030      0.0       0.162606
  18.059999     2.897719      0.0       0.162666
  18.080000     2.419746      0.0       0.162463
  18.100000     1.777504      0.0       0.162018
  18.119999     0.987412      0.0       0.161619
  18.139999     0.089006      0.0       0.161636
  18.160000    -0.852576      0.0       0.162239
  18.180000    -1.747528      0.0       0.163240
  18.199999    -2.487308      0.0       0.164172
  18.219999    -2.954668      0.0       0.164562
  18.240000    -3.037817      0.0       0.164223
  18.260000    -2.646609      0.0       0.163375
  18.279999    -1.729364      0.0       0.162544
  18.299999    -0.286840      0.0       0.162254
  18.320000     1.618163      0.0       0.162716
  18.340000     3.858274      0.0       0.163698
  18.359999     6.247942      0.0       0.164681
  18.379999     8.557949      0.0       0.165181
  18.400000    10.537759      0.0       0.165022
  18.420000    11.943884      0.0       0.164406
  18.440001    12.569990      0.0       0.163759
  18.459999    12.275721      0.0       0.163454
  18.480000    11.009498      0.0       0.163585
  18.500000     8.821889      0.0       0.163946
  18.520000     5.867140      0.0       0.164213
  18.539999     2.391711      0.0       0.164205
  18.559999    -1.289814      0.0       0.164017
  18.580000    -4.828327      0.0       0.163955
  18.600000    -7.880011      0.0       0.164307
  18.619999   -10.146798      0.0       0.165106
  18.639999   -11.412326      0.0       0.166062
  18.660000   -11.568418      0.0       0.166715
  18.680000   -10.628419      0.0       0.166715
  18.699999    -8.725100      0.0       0.166041
  18.719999    -6.093507      0.0       0.165031
  18.740000    -3.040402      0.0       0.164207
  18.760000     0.094554      0.0       0.163977
  18.779999     2.981929      0.0       0.164401
  18.799999     5.342606      0.0       0.165167
  18.820000     6.980557      0.0       0.165803
  18.840000     7.802562      0.0       0.165953
  18.859999     7.823840      0.0       0.165556
  18.879999     7.157648      0.0       0.164833
  18.900000     5.991639      0.0       0.164115
  18.920000     4.555075      0.0       0.163621
  18.939999     3.081639      0.0       0.163346
  18.959999     1.773557      0.0       0.163114
  18.980000     0.773309      0.0       0.162761
  19.000000     0.146465      0.0       0.162287
  19.020000    -0.121973      0.0       0.161887
  19.039999    -0.116858      0.0       0.161827
  19.059999     0.028908      0.0       0.162240
  19.080000     0.164551      0.0       0.163011
  19.100000     0.153196      0.0       0.163812
  19.119999    -0.098864      0.0       0.164290
  19.139999    -0.621744      0.0       0.164262
  19.160000    -1.373299      0.0       0.163799
  19.180000    -2.244303      0.0       0.163167
  19.199999    -3.076500      0.0       0.162649
  19.219999    -3.690786      0.0       0.162379
  19.240000    -3.920672      0.0       0.162287
  19.260000    -3.645539      0.0       0.162205
  19.279999    -2.817516      0.0       0.162031
  19.299999    -1.477501      0.0       0.161838
  19.320000     0.243550      0.0       0.161852
  19.340000     2.137959      0.0       0.162285
  19.359999     3.948943      0.0       0.163165
  19.379999     5.407634      0.0       0.164262
  19.400000     6.274435      0.0       0.165198
  19.420000     6.377720      0.0       0.165649
  19.439999     5.644767      0.0       0.165525
  19.459999     4.117980      0.0       0.165025
  19.480000     1.954825      0.0       0.164516
  19.500000    -0.589802      0.0       0.164329
  19.520000    -3.196191      0.0       0.164568
  19.539999    -5.523868      0.0       0.165069
  19.559999    -7.259223      0.0       0.165523
  19.580000    -8.161157      0.0       0.165670
  19.600000    -8.096787      0.0       0.165440
  19.619999    -7.062984      0.0       0.164971
  19.639999    -5.188612      0.0       0.164497
  19.660000    -2.719298      0.0       0.164204
  19.680000     0.014954      0.0       0.164141
  19.699999     2.644516      0.0       0.164237
  19.719999     4.809386      0.0       0.164403
  19.740000     6.207180      0.0       0.164612
  19.760000     6.632958      0.0       0.164911
  19.779999     6.004040      0.0       0.165335
  19.799999     4.368534      0.0       0.165818
  19.820000     1.894795      0.0       0.166163
  19.840000    -1.154416      0.0       0.166129
  19.859999    -4.460007      0.0       0.165580
  19.879999    -7.690062      0.0       0.164600
  19.900000   -10.542947      0.0       0.163503
  19.920000   -12.783245      0.0       0.162697
  19.939999   -14.264941      0.0       0.162473
  19.959999   -14.941482      0.0       0.162837
  19.980000   -14.858703      0.0       0.163509
  20.000000   -14.135623      0.0       0.164080
